1 33.056602 -5.407405 -10.062305 -6.352422 1.343156 -6.104785 -6.472839
3 26.039745 -19.493450 49.142532 -20.538987 9.915695 -28.301142 -16.764393
3 7.806959 -0.694900 9.391085 -5.052855 -15.801811 -3.833954 8.185476
1 35.609590 -7.846406 9.901299 -4.591105 -0.723080 -15.520770 -16.829528
1 26.674563 -17.094306 17.478224 -14.123047 15.745041 -23.200508 -5.479967
5 10.973576 -6.063690 12.923259 -5.138442 14.935082 -14.297746 -13.332039
3 0.607249 -12.666008 34.456691 -4.245885 -1.023161 -13.771590 -3.357296
3 6.304572 2.243048 32.312155 -5.983793 -25.743188 -4.699531 -4.433263
3 -3.380405 -12.428755 47.670285 -15.920642 23.457538 -16.534020 -22.864004
3 -5.609165 -2.536391 31.664699 -1.419582 -15.806564 -10.798595 4.505597
3 19.564055 -5.809126 28.739087 -6.969001 15.417726 -27.347434 -23.595306
5 9.333317 -11.095155 17.935299 -22.041731 25.867891 -19.154442 -0.845180
5 28.912344 -15.790197 0.794800 -13.266379 32.565930 -15.900079 -17.316417
3 3.976197 -5.980443 36.355887 -12.391172 -22.002976 -9.945408 9.987915
3 -9.584403 -13.600773 27.485403 -7.900231 5.057427 -8.973621 7.516196
3 -3.807272 -2.930269 7.126198 3.204200 4.772437 -7.085324 -1.279971
1 67.908485 -15.549200 48.036201 -26.835169 -56.071910 -25.800486 8.312078
1 54.262385 -5.875746 20.101524 -16.834260 -31.594309 -14.680858 -5.378734
5 7.768439 -20.533531 14.164725 -22.389061 44.817899 -20.360232 -3.468238
3 36.504123 -8.536919 37.826896 -16.803504 -27.054311 -15.636903 -6.299381
5 -14.042394 -3.479948 -11.972212 -16.975979 41.814054 -14.623504 19.279980
5 8.651468 -5.834897 -7.644670 -17.952762 45.375526 -15.386878 -7.207790
3 4.699034 0.624140 5.048825 -3.203485 -0.680659 -2.349766 -4.138089
1 36.918909 -6.369993 0.178139 -4.568042 -16.260982 -4.822319 -5.075711
5 -8.828724 -13.877185 15.052176 -11.499496 39.006383 -11.249934 -8.603218
5 1.526848 -24.556913 4.625379 -13.775046 48.228258 -23.200471 7.151946
1 35.784556 -10.627635 24.784390 -17.218441 -18.090967 -13.554183 -1.077722
5 -5.608809 -4.098858 14.153149 -4.149584 15.314212 -4.912466 -10.697644
1 14.323488 -4.913822 -10.038626 -3.198195 1.142128 -2.032469 4.717495
1 22.073441 -1.023295 -4.918153 -3.740017 -0.836347 -4.650684 -6.904945
1 25.350968 -7.933798 -13.278192 -11.065782 19.354960 -11.773019 -0.655137
3 -14.582938 -4.256250 23.144736 -3.320411 8.680196 -3.459695 -6.205638
5 -11.214834 -2.889643 -4.727118 -1.977958 18.275762 -1.226569 3.760358
1 34.947320 -11.955229 -3.883971 -15.026930 23.352168 -13.128417 -14.304939
1 73.032430 -28.669387 61.916653 -40.802818 1.868574 -37.852457 -29.492993
3 -19.930202 -1.619893 32.270148 -15.565846 7.097924 -12.334172 10.082040
1 18.160406 3.089819 6.670943 -1.015795 -21.878009 -2.003868 -3.023495
5 9.542126 -10.420913 -3.572991 -19.886715 35.758382 -14.657322 3.237433
5 -2.632416 -4.063592 5.861632 -4.044746 17.001852 -3.973262 -8.149468
1 27.530208 -2.458736 -1.989432 -8.849721 8.057470 -7.764362 -14.525427
1 32.168451 -21.835996 17.791681 -16.239793 30.503935 -22.500407 -19.887868
1 23.069300 -7.057921 13.504444 -6.470058 -4.717274 -6.198345 -12.130145
3 -22.718413 -13.927803 49.522630 -11.455188 47.011104 -20.156967 -28.275362
5 -2.679911 -11.238745 -5.388671 1.052275 44.080749 -16.863533 -8.962162
1 49.296128 -8.799336 13.003698 -11.734442 -28.383634 -11.412369 -1.970045
1 21.536715 -4.860851 0.131594 -2.328479 7.276322 -11.265619 -10.489682
3 13.659941 -4.628362 17.264346 3.587864 -10.543288 -16.844821 -2.495681
5 -12.697464 -7.538265 6.180514 -11.187931 59.648085 -11.437965 -22.966974
1 12.492487 -4.369093 7.034029 -4.916131 1.817595 -4.467851 -7.591035
1 64.287211 -9.231225 32.155579 -32.974889 5.550562 -28.717335 -31.069901
5 -11.470179 -12.524865 -7.682659 -4.306767 44.106849 -15.266510 7.144131
1 46.672604 -11.549538 8.304636 -17.577573 2.995660 -16.274495 -12.571292
5 -3.824744 -15.902741 -26.870199 -15.698856 58.690420 -15.829648 19.435768
3 -9.155554 -4.800572 15.042611 -3.131484 1.201714 -3.041603 3.884888
5 8.181621 -7.818751 6.621146 -14.738005 12.898568 -14.199090 9.054510
3 -19.619250 -10.181780 24.719357 -6.665539 22.683704 -14.357210 3.420716
3 4.868296 -6.506456 15.604302 1.208440 8.172070 -8.627066 -14.719587
3 22.239108 -11.339715 32.631928 -9.430485 6.153609 -19.335545 -20.918898
1 23.582444 -10.065226 -0.306569 -10.641421 21.479649 -10.056315 -13.992562
3 2.578950 -0.164289 13.644526 -3.464544 -1.588398 -2.349766 -8.656479
3 13.319966 -1.703573 18.861671 -3.729287 7.686609 -15.252473 -19.182912
3 13.465018 -12.444672 35.141054 -19.633332 16.142228 -18.039011 -14.631285
3 -25.637425 -13.509218 41.359757 0.445100 30.220985 -18.558338 -14.320861
3 14.379773 -11.340144 24.332079 -11.571780 9.563334 -21.200688 -4.162573
5 19.041003 -10.298597 13.892494 -16.996956 21.787847 -13.554281 -13.871509
3 -15.611610 -15.130060 38.056763 -17.892747 25.134326 -23.883342 9.326667
5 0.959117 -13.641533 -5.069415 -2.574748 34.944781 -14.569518 -0.048685
5 -6.243480 -2.200090 2.624546 -1.969850 16.025436 -2.557468 -5.679094
1 19.906179 -13.291101 4.891845 -6.971937 8.420973 -16.924104 3.968146
3 0.261628 -2.237326 13.857273 -5.368230 6.248680 -5.026966 -7.735060
3 -25.087826 -16.976804 47.714064 -14.335137 33.624383 -21.299577 -3.639103
5 -37.645696 -12.256318 40.112702 -19.042519 64.535460 -21.484766 -14.218863
3 3.563165 -5.193294 18.434638 -8.982568 10.976972 -8.218482 -10.580431
3 27.415082 -3.192391 35.082252 -10.578454 -17.416924 -12.139434 -19.170129
3 -26.472822 -8.672383 32.797106 -0.798301 13.887697 -10.528693 -0.212603
1 29.153668 -3.127744 -13.103164 -11.198854 9.666746 -12.265459 0.874808
3 27.586829 -20.459811 90.280795 -30.616464 4.672358 -30.750100 -40.713608
5 17.297050 -17.432813 19.895938 -31.477557 73.801414 -28.113511 -33.970517
3 -30.080149 -13.769587 35.033675 -8.413287 33.376444 -17.482750 1.335654
3 15.681869 -14.672403 22.865392 -16.824539 22.681544 -16.184761 -13.547102
1 70.414323 -16.442932 35.588139 -15.255699 -24.537769 -26.074360 -23.691703
1 35.599285 -13.374498 25.274567 -12.668782 -16.319165 -20.614159 2.102751
1 13.450716 12.343131 0.817720 -5.746592 -4.117280 -5.681221 -11.066474
1 13.870951 1.465101 2.849689 -5.746592 -1.079358 -5.681221 -5.678572
5 19.045550 -13.868536 7.243906 -19.150268 36.834022 -19.996164 -10.108509
5 12.079703 -8.274449 18.856682 -11.274123 23.572358 -12.500438 -22.459733
5 -0.162211 -8.046121 17.163312 -14.881778 41.895802 -14.068247 -21.900757
3 17.760919 -8.501867 21.331607 -9.937866 -8.939888 -8.694453 -3.018450
3 13.836725 -12.874765 52.573211 -20.338678 -4.883917 -26.703139 -1.609440
1 0.000000 0.000000 0.000000 0.000000 0.000000 0.000000 0.000000
5 -5.966307 -1.066013 1.464580 4.401110 10.384106 -5.693726 -3.523750
5 -12.389697 -11.673372 16.457323 -9.209690 21.867885 -9.244334 4.191887
3 25.321936 -17.542009 77.588371 -19.045865 -28.049075 -28.069339 -10.204020
1 79.085628 -17.217455 64.818810 -26.614244 -58.781630 -23.372737 -17.918375
3 -6.475417 -4.688138 18.311947 -8.625552 11.271896 -7.807217 -1.987519
1 49.126060 -12.197929 -33.697253 -11.034461 22.495522 -13.371333 -1.320604
3 -1.137934 -18.679206 66.895990 -22.716990 13.081341 -25.500266 -11.942934
5 -3.744970 -1.633226 -8.689692 -1.769480 19.997814 -1.789758 -2.370688
3 -5.066297 -2.901304 25.454542 -6.177742 18.344181 -13.567642 -16.085738
3 -10.416066 -10.352159 42.552197 -12.492423 14.068692 -11.026004 -12.334236
3 -9.959992 -16.145479 61.640571 -12.051281 7.487900 -29.750465 -1.221256
5 5.742485 -16.197980 24.770819 -13.322112 53.744583 -22.458994 -32.278800
5 1.151886 -9.151691 3.905202 -1.933684 29.134460 -13.216699 -9.889474
1 0.000000 0.000000 0.000000 0.000000 0.000000 0.000000 0.000000
1 22.429629 -3.540973 3.408429 -3.202006 -12.022866 -3.155157 -3.917055
5 -1.946004 -11.020962 -1.810491 -10.938835 46.685347 -9.667682 -11.301374
5 -6.417733 -9.471649 5.586987 -11.743090 39.283576 -10.662473 -6.575619
5 -4.530769 -8.589886 1.761792 -0.880371 55.138262 -20.649730 -22.249299
3 23.941304 -4.209507 34.116812 -12.088765 -18.719494 -11.760071 -11.280278
5 23.362699 -6.779224 2.927876 -10.474946 27.575700 -10.790003 -25.822103
1 44.216660 -9.589658 5.014534 -1.645356 -9.520615 -13.192025 -15.283538
1 87.219020 -5.975097 23.711543 -29.953694 -8.371195 -27.656725 -38.973848
5 3.284926 -13.707365 12.087337 -11.449837 40.135513 -10.561463 -19.789109
3 -5.073010 -8.983597 41.987599 -13.001069 33.941407 -20.346164 -28.525166
3 -12.071589 -5.861215 34.739931 -8.166795 10.281505 -8.057834 -10.864004
1 53.331367 -18.713660 -21.565599 -10.400299 29.405128 -21.474310 -10.582626
1 0.000000 0.000000 0.000000 0.000000 0.000000 0.000000 0.000000
5 9.024686 -30.072467 45.112599 -25.657445 53.383553 -27.915120 -23.875801
5 -3.552448 -8.617723 17.300182 -8.327198 69.464840 -28.626370 -37.641284
3 48.036787 -36.537987 82.036288 -39.382873 -18.339421 -38.668771 2.855974
5 16.444297 -7.848975 -10.266908 -11.733790 42.648145 -12.210922 -17.031846
5 -40.410727 -17.996732 50.381325 -14.653988 52.336050 -22.400955 -7.254975
5 24.117417 -14.835975 -14.319152 -13.445452 27.967103 -13.201476 3.717536
5 -1.751671 -4.573473 5.814945 -5.875734 15.840784 -6.455164 -2.999687
1 72.377608 -14.953143 4.883981 -28.972026 26.182706 -26.889069 -32.630053
1 34.294639 -12.025640 22.525095 -13.123169 5.997487 -14.203718 -23.464693
5 -10.819878 -6.450571 5.536190 -5.343267 20.692688 -5.370715 1.755553
1 38.076593 -16.287194 15.695840 -10.594788 20.035167 -21.503312 -25.422307
1 15.559546 2.831799 -1.209643 -1.410303 -12.448712 -2.303341 -1.019346
3 22.537849 -9.202009 37.176364 -4.807358 -41.523694 -6.154157 1.973004
3 45.477436 -29.445408 64.894403 -30.336859 2.008819 -29.997831 -22.600558
3 9.811691 0.456145 16.228639 -3.608438 -22.301375 -3.966415 3.379752
1 64.350881 -2.358236 26.378563 -7.016413 -74.367643 -9.305648 2.318497
3 34.274823 -16.219904 79.423989 -24.591817 -31.246118 -32.983234 -8.657738
1 17.442544 -4.816381 12.682794 -6.756488 -10.126959 -6.782743 -1.642767
1 26.504324 -4.466925 -19.653138 -2.932434 8.243515 -14.163474 6.468133
3 8.223014 -13.099781 60.544932 -12.118391 3.607724 -20.736128 -26.421370
3 -5.638439 -4.001932 18.608446 -0.864427 1.523745 -10.639691 1.012299
5 -2.745074 -12.959043 13.664097 -5.564136 22.001078 -12.121328 -2.275591
5 -12.341532 -3.880212 -5.901463 -2.485088 19.823783 -1.889558 6.674067
1 63.804633 -15.129597 37.182577 -20.634401 -32.465170 -20.143153 -12.614889
7 9.406687 -5.039568 11.799187 -16.894556 11.519022 -24.422650 13.631876
3 -5.770569 -6.789055 22.933825 -8.499714 9.365483 -8.068569 -3.171402
1 55.124809 -16.757497 32.352226 -20.050018 7.852047 -31.187380 -27.334189
3 -9.506050 -9.188076 42.093819 -9.256200 4.101447 -9.101250 -9.143692
3 16.437000 -7.296907 24.254822 -8.345840 -24.986811 -8.498972 8.436707
5 -10.095034 -8.845263 -8.806334 -6.452300 36.369150 -7.516185 5.345966
1 28.789447 -0.754489 22.442095 -14.741483 2.068612 -13.057952 -24.746228
5 4.506534 -13.217500 43.602380 -24.269585 45.824224 -26.348261 -30.097794
1 25.612968 3.207651 -10.318304 -2.043440 -6.669150 -3.607383 -6.182341
1 35.959523 -17.855692 -4.012990 -21.122102 32.708057 -16.980317 -8.696478
5 40.286803 -9.805640 23.458913 -30.549580 49.041143 -28.147413 -44.284223
5 5.799105 -13.414862 -14.326524 8.280851 31.887833 -14.858749 -3.367654
3 10.953925 -0.779247 12.980682 -3.694284 -9.286737 -3.012755 -7.161584
3 -18.578755 -10.800123 32.746303 -12.544460 32.539736 -12.041831 -11.320869
7 -2.277248 0.000000 0.000000 0.000000 -2.431884 0.000000 4.709132
5 29.952560 -16.314016 -19.217414 -19.278823 31.029807 -18.989609 12.817495
5 -2.812580 -0.990569 -1.174345 -0.507130 3.233903 -0.662989 2.913710
1 14.335707 4.493205 -9.320419 -0.524995 -7.642620 -1.340879 0.000000
1 25.064723 -4.688958 -11.436713 -3.366700 14.627469 -11.847697 -8.352122
5 -10.154145 -4.720579 3.383613 2.246560 21.096445 -8.101909 -3.749985
5 10.961957 -11.891548 5.048409 -5.474556 17.575045 -13.264882 -2.954425
3 30.722615 -15.349880 96.741724 -25.554654 -58.359505 -24.464509 -3.735792
5 -17.004267 -7.232103 -15.784997 -5.676965 45.081628 -6.572234 7.188938
5 -7.497081 -2.394398 -0.121652 -2.435476 21.368066 -2.557468 -6.361990
3 39.677968 -14.938512 68.542663 -23.578277 -24.568986 -22.711931 -22.422921
1 18.066035 -0.283631 0.471814 -3.626661 -4.975556 -2.349766 -7.302234
1 33.255672 -11.702085 13.230363 -12.379922 -15.900885 -12.997504 6.494362
3 13.057852 -5.444709 26.168679 -12.492368 2.066616 -11.056576 -12.299492
1 58.283931 -16.721781 32.429599 -19.532120 -4.767061 -27.894014 -21.798554
5 -6.830196 -4.021146 -3.729323 -2.435545 19.135999 -1.678887 -0.440902
3 -6.532650 -0.248843 10.962461 0.000000 -3.502198 -0.000000 -0.678770
1 31.036206 -10.327966 5.027765 -9.657204 -2.256633 -9.467515 -4.354653
3 -8.514503 -2.146460 16.471182 -2.316699 -3.835674 -2.192695 2.534848
3 -10.071834 -10.139106 35.967821 -2.486671 4.410264 -11.597612 -6.082862
3 41.722833 -4.817174 61.926217 -14.375967 -72.413203 -13.125278 1.082572
5 9.483960 -11.170646 7.335284 -8.209935 33.503534 -15.533784 -15.408412
5 -20.101902 -10.557437 36.066444 -16.663707 38.626630 -13.110277 -14.259750
5 15.322352 -8.150532 -22.274422 -6.727231 22.899793 -7.672364 6.602405
5 7.110547 -8.944222 -1.704677 -15.579624 36.302320 -12.407506 -4.776838
5 -15.463452 -17.341012 29.200585 -19.481827 41.814598 -17.352845 -1.376050
5 0.350178 -3.444177 -3.495986 -9.039102 44.719006 -15.931876 -13.158043
1 23.158061 -4.637538 6.919325 -6.058987 -5.384616 -5.763943 -8.232301
3 17.583353 -8.455565 50.298235 -21.365125 -0.216789 -20.950529 -16.893580
1 31.762278 -13.405345 9.236246 -17.905170 20.929247 -15.893409 -14.723844
5 6.676617 -10.171275 2.024442 -6.475251 29.945381 -15.772129 -6.227784
5 17.369848 -12.964598 22.088513 -13.313979 32.261555 -32.721769 -12.719570
1 116.888262 -11.823017 -8.506325 -20.129391 -49.180436 -21.222126 -6.026964
5 -5.316553 -3.722860 4.811047 7.916912 17.406984 -12.349914 -8.745616
5 -0.341479 -13.447334 -8.808086 -14.076108 47.661165 -14.599750 3.611592
3 4.624534 -5.730281 11.950952 -0.684065 11.693550 -10.382574 -11.472117
1 10.408473 -10.974007 6.168410 -11.300930 10.109750 -9.642351 5.230654
5 -16.581969 -12.021641 -7.432741 -11.184619 46.008534 -8.510664 9.723101
5 14.182994 -10.546506 12.384109 -11.413420 32.822874 -17.883550 -19.546501
3 4.545072 -6.158977 14.788601 -8.381960 11.774436 -7.434911 -9.132259
5 18.275655 -11.543040 -11.262295 -10.911751 40.497776 -9.294463 -15.761881
5 6.098975 -9.182163 -5.678906 -2.841705 30.462740 -10.506818 -8.352122
1 22.898331 1.681923 -4.398272 -5.086214 4.066372 -6.662910 -12.499229
3 -14.878333 -2.358633 17.636016 -1.003712 6.581787 -1.267000 -4.710124
3 -3.908190 -4.953557 34.341398 -1.923546 2.792777 -11.383681 -14.965200
5 -20.016615 -12.654674 10.625182 -12.430433 42.247713 -12.311583 4.540409
3 -1.261102 -11.908199 22.259629 -11.683308 21.633805 -10.055623 -8.985201
3 14.093806 -9.847649 46.053719 -10.884601 -34.151152 -11.087580 5.823458
3 -3.969723 -21.193980 72.280586 -18.197543 13.815946 -27.163326 -15.571961
1 8.636585 -0.149607 -3.373481 -3.050237 5.267089 -3.994444 -3.335905
1 0.000000 0.000000 0.000000 0.000000 0.000000 0.000000 0.000000
5 -2.498719 -15.233566 19.801066 -16.961010 52.188050 -14.225885 -23.069935
1 35.477525 -4.433929 5.139127 -5.505896 -3.911801 -16.015882 -10.749145
5 11.948239 -10.130513 -15.550560 -10.030528 32.288952 -9.936912 1.411323
1 48.930376 -0.102966 13.592076 -10.615568 -32.064480 -11.303487 -8.435951
3 -27.856092 -15.317260 72.731391 1.704862 24.476438 -35.798665 -19.940674
5 -4.909539 -3.762225 -4.117402 -4.044746 28.277872 -3.973262 -7.470697
3 26.197350 -25.411982 47.704193 -30.714515 16.188684 -30.985882 -2.977849
3 9.605664 -26.509731 50.871629 -24.352336 22.753637 -25.601016 -6.767849
3 8.527555 -8.955733 28.339401 -14.271053 -10.174002 -11.936081 8.469912
3 21.102164 -9.385983 51.602533 -22.974502 24.996284 -30.045002 -35.295493
5 12.959067 -10.005070 2.999840 -17.474819 45.467936 -13.051781 -20.895170
2 7.689219 10.071184 -10.916946 -0.321756 -3.413545 -0.441993 -2.666163
5 5.593029 -17.373866 44.783965 -25.057470 51.977831 -25.957968 -33.965518
5 -18.562483 -12.877992 19.137375 -15.111395 40.577470 -12.636746 -0.526231
3 -26.313287 -6.602491 28.611634 1.008567 16.188158 -8.735329 -4.157252
5 3.517167 -3.389083 -11.884164 -3.828247 22.770867 -3.470295 -3.716245
1 28.789447 -0.754489 22.442095 -14.741483 2.068612 -13.057952 -24.746228
5 44.250383 -20.341817 -17.374011 -25.582446 78.414773 -25.645330 -33.721553
3 -10.517990 -3.776880 17.886719 -2.722431 -5.331439 -1.614510 6.076531
1 8.950335 -1.864256 -4.175300 -1.196910 0.260691 -1.319229 -0.655331
5 -17.793047 -6.887477 18.949363 -1.506995 20.130738 -8.735329 -4.157252
5 4.360169 -13.975717 5.612306 -14.931903 32.036498 -13.394617 0.293264
5 -14.623279 -11.901276 33.962852 -16.544221 55.743926 -15.869671 -30.768332
3 8.084019 -1.364343 18.063015 -8.571715 2.360134 -7.376732 -11.194379
1 0.000000 0.000000 0.000000 0.000000 0.000000 0.000000 0.000000
1 0.000000 0.000000 0.000000 0.000000 0.000000 0.000000 0.000000
3 4.214655 -9.264510 21.735209 -3.237452 -1.342692 -11.776087 -0.329122
3 -2.874191 -5.709423 12.671807 -7.698344 9.404283 -6.689211 0.895079
5 9.575643 -15.539330 4.925502 -12.540087 29.650678 -10.080446 -5.991959
5 -3.231477 -9.035119 17.322582 -2.631696 26.344266 -13.083846 -15.684712
5 15.327143 -14.604173 10.782249 -14.701691 23.965791 -14.391931 -6.377388
3 33.154791 -14.755407 44.880420 -18.395792 12.628277 -26.768740 -30.743548
5 19.529256 -11.348732 -8.516097 -10.446125 35.155146 -9.294463 -15.078985
5 -14.052276 -2.519505 11.691286 -1.969850 15.086908 -2.557468 -5.679094
5 -9.396060 -4.752794 -6.748030 -4.551876 34.641999 -4.636251 -4.556988
5 4.380795 -4.064346 -0.094471 -3.166760 13.155904 -3.876697 -6.334424
5 6.363801 -15.947970 -3.056884 -15.438194 22.074426 -15.194602 21.199423
5 3.451445 -8.470012 -22.823088 -6.773304 35.614281 -7.850410 6.851088
1 5.984126 0.128465 4.633371 -3.669111 0.772670 -2.349766 -5.499755
3 -13.814331 -5.607051 20.296226 -3.392543 5.514033 -3.041603 0.045268
3 9.529924 -4.967534 24.584639 -11.243591 5.459204 -10.716921 -12.645721
1 39.334694 -26.168122 28.984180 -24.331174 36.565542 -34.262768 -20.122352
3 -8.844049 -3.776880 19.343002 -2.722431 -8.461662 -1.614510 6.076531
5 1.410652 -11.103543 17.445181 -14.236949 30.891400 -14.383333 -10.023409
5 8.407133 -12.822643 6.814447 -14.664631 27.107379 -9.520830 -5.320855
5 -10.304927 -9.828008 -17.659671 -6.724082 38.039111 -6.828969 13.306546
1 51.723387 -3.464029 -15.760423 -17.458754 42.740974 -25.239110 -32.542042
1 27.463729 -10.005988 -7.627191 -7.876365 5.532922 -6.436507 -1.050599
5 -5.053647 -4.382840 3.832595 -3.573805 18.511008 -4.044618 -5.288693
3 12.768208 -6.247514 12.904448 -7.925869 4.551092 -8.024460 -8.025904
5 -3.987540 -9.471649 -2.472517 -11.743090 44.912888 -10.662473 -6.575619
5 3.821727 -9.182163 -5.678906 -2.841705 28.030856 -10.506818 -3.642990
1 23.026198 1.127592 4.820256 -6.180197 -5.916969 -6.220539 -10.656340
3 0.561385 -8.508424 24.215246 -1.649439 -3.068673 -8.413218 -3.136877
5 -17.246493 -17.560508 23.869889 -15.731962 53.955739 -14.926721 -12.359946
3 30.272064 -22.893705 40.251711 -25.102883 28.249057 -23.389187 -27.387055
5 11.548749 -15.051716 0.140838 -11.936920 18.239275 -12.588626 9.648401
1 20.933777 -2.983398 20.600143 -5.475415 -28.329938 -5.457369 0.712199
1 27.839997 -14.037107 26.747983 -15.576029 7.856153 -15.415515 -17.415481
3 -2.360461 -11.385686 50.444794 -16.427756 14.600257 -15.512811 -19.358337
1 35.837388 -1.609242 -17.768838 -3.750171 1.961897 -4.735910 -9.935123
5 16.602034 -11.680582 18.662682 -17.860970 30.854027 -14.875345 -21.701845
5 1.210430 0.624140 3.659930 -3.203485 4.196840 -2.349766 -4.138089
5 -18.135073 -6.958799 -15.048468 -6.123275 55.534318 -5.240884 -4.027820
1 28.053714 5.958306 1.588775 -6.271587 -11.919405 -7.022099 -10.387704
5 -0.032662 -12.112830 9.420311 -10.788012 22.731712 -11.228534 2.010012
1 21.191116 -8.394059 10.425864 -8.053249 -1.765483 -7.980366 -5.423823
3 7.005564 -9.434902 89.451966 -13.074597 -17.710610 -28.156084 -28.081337
1 38.230369 -6.125053 -12.056588 -8.177519 19.992625 -19.524439 -12.339396
5 -5.544927 -9.169295 19.164843 -11.757036 20.966997 -10.848820 -2.811763
3 5.075094 -9.399844 18.393729 -5.249442 13.683106 -14.903478 -7.599165
3 14.139911 -14.784959 29.535174 -19.523419 8.869123 -14.734327 -3.501502
5 -2.812580 -0.990569 -1.174345 -0.507130 3.233903 -0.662989 2.913710
1 60.205313 -16.251605 1.669334 -8.591134 -32.411692 -8.851992 4.231777
5 -10.414317 -14.037202 7.162392 -10.453374 29.648795 -10.553874 8.647582
3 18.520328 -19.028491 76.924136 -30.694161 15.968386 -28.003701 -33.686493
5 13.721726 -15.736968 0.744140 -21.332241 51.973171 -21.142227 -8.227601
3 -12.303219 -7.037898 33.896287 -8.499714 5.863284 -8.068569 -3.850172
5 -2.650140 -1.422110 14.715255 -6.107203 21.300480 -12.706112 -13.130167
3 24.784092 -8.671726 31.749937 -11.404031 5.056001 -19.548930 -21.965343
5 -30.117404 -15.899670 34.273831 -7.551460 48.459057 -16.837874 -12.326479
3 20.768385 -15.362582 62.196079 -16.924219 -0.219309 -23.265633 -27.192719
5 -26.089835 -17.882502 27.990172 -15.784995 51.602796 -14.584874 -5.250762
5 7.696343 -11.569664 7.766992 -13.720746 32.677773 -14.669464 -8.181232
3 45.941384 -7.307702 49.812409 -14.240811 -48.227388 -13.917278 -12.060613
5 -17.810063 -10.196023 -2.887458 -8.945710 54.600375 -8.804624 -5.956497
3 18.131605 -18.788610 29.915388 -22.993992 10.060241 -33.052743 16.728111
1 23.897674 -8.631434 10.161956 -9.825514 1.084094 -7.106308 -9.580466
1 20.682457 -2.677294 -9.281621 -1.349623 -2.869533 -1.540225 -2.964161
1 32.510866 3.460713 -13.988554 -1.758454 -12.388271 -3.264781 -4.571519
5 -7.434893 -8.439053 18.550380 -10.711497 23.733482 -10.397681 -5.300737
3 -3.793783 -7.942854 17.719009 -5.368656 10.336775 -6.232505 -4.717985
5 3.785268 -3.793144 22.706295 -12.199829 34.617765 -22.153692 -22.962664
3 28.115486 -13.231810 38.531824 -10.453640 -26.003944 -21.506068 4.548151
3 -2.897770 2.735850 19.409432 -1.032125 -18.867805 -2.261292 2.913710
3 43.051651 -17.572200 66.573633 -32.321876 8.136698 -29.817056 -38.050849
5 -6.243480 -2.200090 2.624546 -1.969850 16.025436 -2.557468 -5.679094
5 -11.574435 -9.931996 15.126040 -8.546577 33.952884 -9.852085 -9.173830
1 41.839105 -10.322082 39.768444 -15.351198 -19.143046 -16.886318 -19.904904
5 -5.167451 -16.424398 37.478150 -13.927025 45.620990 -23.791691 -23.788572
5 16.733841 -23.417277 -3.016890 -25.407964 79.190968 -23.216834 -20.865844
1 18.160406 3.089819 6.670943 -1.015795 -21.878009 -2.003868 -3.023495
5 -8.582145 -2.200090 -1.990987 -1.969850 22.979635 -2.557468 -5.679094
1 40.646486 -2.465743 14.174026 -11.748372 -14.608575 -12.331601 -13.666220
3 16.753026 -13.713289 27.567327 -11.561263 5.899146 -11.620682 -13.324264
3 0.215004 -15.706306 38.661458 -20.506811 30.002543 -16.361802 -16.304084
3 37.668743 -3.170758 54.202925 -17.996337 -58.357468 -25.901033 13.553925
1 16.415122 -8.004928 14.036861 -7.600132 0.184484 -7.634400 -7.397008
1 57.773378 -7.134804 -13.282304 -10.559826 -4.440094 -10.145243 -12.211106
5 -1.589522 -11.387222 12.943556 -10.782009 27.405267 -9.152823 -7.437245
1 28.417135 -10.459750 7.646872 1.303007 15.265151 -19.319430 -22.852984
5 -14.065093 -8.562798 5.802234 -7.176230 34.602561 -7.014865 -3.585809
1 57.406302 -14.507521 -5.559479 -9.728793 3.882561 -18.119661 -13.373409
5 -19.722166 -10.414093 -10.664778 -10.144039 71.427258 -9.301146 -11.181037
1 47.120004 -6.511109 0.042396 -12.749043 -27.801766 -14.009222 13.908741
3 -4.674807 -0.248843 9.104619 0.000000 -3.502198 -0.000000 -0.678770
5 12.000242 -12.217200 26.855335 -21.576141 40.318011 -25.781030 -19.599216
1 39.452804 -22.525819 6.910039 -21.360784 20.856132 -18.730560 -4.601808
3 -8.502575 -7.669706 24.713542 -6.396982 2.632236 -5.240897 0.464383
3 14.049650 -6.119035 58.520915 -25.457322 -16.797490 -23.734322 -0.462395
5 -25.209291 -13.747075 20.599058 -10.445374 38.577694 -10.284182 0.509171
3 5.885084 -11.519787 57.361173 -8.768714 -11.033792 -18.896208 -13.027758
3 -16.028434 -22.606921 79.995348 -32.134191 64.000583 -37.402033 -35.824353
3 -13.690817 -4.025723 25.117383 -2.722431 -8.461662 -1.614510 5.397761
5 -25.115890 -11.079896 18.309328 -7.809820 32.205042 -7.027234 0.518470
1 64.406904 -19.161521 59.702763 -25.583260 -29.938951 -31.756618 -17.669314
3 11.050877 -5.956533 12.484109 -9.315010 10.691318 -7.683830 -11.270930
1 56.402516 -8.213399 37.602637 -12.117410 -24.714211 -21.617731 -27.342399
1 56.961445 -24.091980 28.550189 -27.635773 44.433025 -35.970763 -42.246142
5 37.433260 -22.557825 -14.276374 -16.959177 86.342171 -27.889200 -42.092854
1 35.518714 0.247534 6.829418 -3.300488 -20.540368 -13.427698 -5.327112
3 0.745663 -10.625557 29.008542 -2.629422 -4.659594 -12.558038 0.718407
5 -5.748797 5.737986 2.182920 -6.197397 14.256266 -5.425058 -4.805921
3 -3.109762 -0.014691 18.227199 -3.203485 -5.411405 -2.349766 -4.138089
3 -1.071535 -6.417977 22.922418 -11.988185 16.236529 -10.760937 -8.920313
1 28.272934 -3.148880 8.693420 -5.758511 10.128392 -15.383033 -22.804322
3 15.301747 1.445903 70.659274 -10.907429 -42.484821 -19.141932 -14.872742
5 14.948009 -1.915556 -31.758749 -6.427106 67.754995 -17.963286 -24.638308
1 18.686893 1.163735 5.180433 -5.746592 -2.536773 -5.681221 -11.066474
3 -6.553712 -12.665435 27.800334 -18.315799 23.921313 -15.909343 1.722640
1 43.414334 -22.406207 29.120954 -18.528110 14.923305 -31.119467 -15.404809
3 2.770036 -18.697811 92.348035 -28.299920 -21.024032 -21.630444 -5.465861
5 -13.776509 -11.032197 20.321645 -3.265919 31.257614 -13.371581 -10.133054
5 -22.938967 -22.748774 15.383140 -17.042467 62.912305 -24.741115 9.175877
3 -12.143480 -2.666968 34.574007 -8.428868 -9.822997 -6.531723 5.020029
3 -7.400061 -12.570008 67.499592 -13.010760 -15.769573 -13.015054 -5.734133
7 6.818655 -9.581043 -8.752243 -11.261604 9.115224 -9.996698 23.657707
1 25.159255 -9.390653 11.636094 -11.140475 -3.757842 -10.793472 -1.712908
5 2.862266 -13.741294 11.965581 -10.731315 22.737987 -8.265961 -4.827263
5 10.853115 -14.539741 -10.912471 -12.424082 49.541609 -10.521031 -11.997397
5 -21.557052 -14.597933 33.687934 -12.474310 36.279057 -11.997559 -9.340139
5 12.959067 -10.005070 2.999840 -17.474819 45.467936 -13.051781 -20.895170
3 9.529924 -4.967534 24.584639 -11.243591 5.459204 -10.716921 -12.645721
1 20.425681 3.886708 12.101695 -5.105801 -26.907495 -5.174833 0.774046
3 1.905634 -5.652220 20.937748 -4.239703 8.407068 -5.425322 -15.933205
3 23.536224 -8.928770 36.507606 -13.333908 8.112110 -21.765837 -24.127425
3 24.777977 -1.804705 33.666072 -11.524307 -21.975332 -10.834404 -12.305299
3 11.301819 -8.678893 23.906403 -9.133264 -8.310453 -9.691984 0.606372
5 6.557100 -13.354976 4.870282 -9.540641 51.929265 -20.804417 -19.656614
1 49.372238 -4.810455 -13.377212 -6.672454 -11.991144 -5.324064 -7.196908
1 24.958378 -5.744181 0.005012 -4.015866 6.323280 -5.586352 -15.940270
5 13.905934 -9.877063 3.712179 -7.894560 14.660929 -14.340773 -0.166646
3 -0.760031 -5.141223 37.406017 -11.294146 -6.101528 -8.991241 -5.117848
3 8.232456 -7.620604 35.561878 -11.222517 8.147211 -20.927705 -12.170720
3 23.654948 -7.519448 38.618308 -14.815891 -19.944354 -12.629398 -7.364165
5 10.872057 -13.578649 14.454179 -4.694133 36.970418 -22.262341 -21.761530
5 -3.244793 -18.670937 15.280401 -15.778400 42.484098 -23.029657 2.959287
1 62.488332 -0.152487 18.583009 -16.025188 -28.160062 -17.138121 -19.595480
1 15.600620 -3.118650 3.663521 -8.217698 10.391061 -9.704514 -8.614341
1 23.478034 -2.886767 -7.548228 -2.036145 -6.979890 -2.103645 -1.923360
1 20.585448 -8.722647 6.219123 -11.823621 6.443070 -8.647047 -4.054326
3 -5.546824 -18.396815 66.817957 -22.730104 52.871795 -31.723078 -41.292932
1 22.125753 -11.956102 18.481251 -9.891649 -3.134324 -11.004887 -4.620043
3 -19.815330 -8.735719 26.647069 -1.995872 17.893841 -10.934623 -3.059367
3 21.104332 -0.659021 22.008971 -4.887163 -33.444584 -4.346165 0.223629
1 28.703262 -0.830644 21.014817 -6.586665 -15.645480 -14.227211 -12.428078
3 6.178542 -19.794154 38.398379 -20.830078 5.056040 -19.159011 10.150281
5 8.030519 -8.698696 -21.293215 -6.151890 20.182229 -5.991323 13.922375
1 17.072388 -1.889838 0.972577 -0.633550 -17.675936 -1.623415 3.777773
3 -21.689580 -5.428028 37.218947 -2.889742 -1.360889 -3.731004 -2.119704
3 13.005424 -19.167509 104.136238 -21.826386 -46.739618 -19.618906 -9.789243
3 -15.998009 -5.996908 42.450095 -10.972849 10.397907 -8.603300 -11.276936
5 12.262722 -13.925466 -6.391240 -2.961119 20.142393 -13.387587 4.260296
3 1.127329 -6.789055 14.203342 -8.499714 11.198068 -8.068569 -3.171402
5 6.098975 -9.182163 -5.678906 -2.841705 30.462740 -10.506818 -8.352122
5 10.664840 9.670153 6.183937 -20.008797 29.603209 -18.156948 -17.956393
1 26.826547 -13.154386 23.074059 -18.701836 4.431056 -19.413910 -3.061529
5 17.456543 -13.849498 3.673341 -15.731733 40.457827 -13.538710 -18.467769
3 -0.821146 -5.239315 25.672108 -12.770141 17.036929 -12.194105 -11.684330
5 -32.474275 -11.115739 20.692052 -8.645569 44.095093 -8.281865 -4.269697
1 36.481616 -5.889336 22.179140 -13.946474 -11.996621 -14.348211 -12.480113
5 10.306304 -6.915462 1.619669 -1.907031 13.247838 -13.690199 -2.661120
3 8.228338 -5.666718 20.315580 -3.355981 -26.137598 -3.237924 9.854304
1 66.150210 -0.234104 -1.174542 -14.552531 -21.952142 -13.955657 -14.281232
3 27.561496 -14.541110 28.254851 -17.405064 -13.778803 -16.183803 6.092431
5 -5.966307 -1.385429 5.576213 4.401110 6.591888 -5.693726 -3.523750
5 3.839539 -15.655712 -23.154987 -8.635400 60.099005 -15.549648 -0.942797
1 17.052203 -9.882599 1.887869 -12.176780 12.339550 -12.155836 2.935593
3 -0.675096 -5.028324 12.330897 -2.611508 -8.025347 -2.849983 6.859361
3 -11.745555 -7.763635 67.717867 -11.058917 -9.041689 -11.700063 -16.408009
1 27.580355 -2.677294 -18.012104 -1.349623 -1.036948 -1.540225 -2.964161
3 -4.658777 -0.806478 10.376590 -0.261059 -0.810656 -0.000000 -3.839620
1 42.013726 -9.444131 18.390670 -10.335880 -9.354030 -11.997078 -19.273274
1 0.000000 0.000000 0.000000 0.000000 0.000000 0.000000 0.000000
1 0.000000 0.000000 0.000000 0.000000 0.000000 0.000000 0.000000
1 19.626321 -3.240837 -2.102139 1.251998 -8.472225 -7.317141 0.254024
1 27.380242 -3.776345 -8.203902 -9.856788 22.630195 -9.321267 -18.852135
3 25.476984 -18.051034 27.266118 -21.047143 20.776116 -21.979830 -12.441212
3 4.699034 0.624140 5.048825 -3.203485 -0.680659 -2.349766 -4.138089
3 37.238822 -2.792372 63.713540 -19.584622 -45.518577 -15.822187 -17.234604
5 32.145823 -15.143342 -21.572893 -7.681932 39.108124 -16.014401 -10.841379
3 30.769638 -6.256202 42.805315 -13.985269 -38.957784 -13.231787 -1.143910
3 21.365244 -6.057538 49.504181 -14.404641 -22.223777 -13.113738 -15.069728
5 11.948239 -10.130513 -15.550560 -10.030528 32.288952 -9.936912 1.411323
5 -10.038107 -6.750912 6.523387 -10.360287 52.612456 -9.886069 -22.100469
1 36.363810 -24.922198 16.004697 -23.894187 29.910315 -17.883647 -15.578786
1 71.065587 -16.408017 62.871079 -34.603636 -21.580320 -34.843153 -26.501541
5 1.691880 -10.229845 21.394147 -11.924542 34.234172 -11.819677 -23.346134
5 2.328188 -3.439452 3.262167 -7.248231 23.707913 -6.323028 -12.287557
5 2.503227 -12.642928 -9.393217 -11.186984 59.075081 -11.579616 -16.775561
5 -26.588208 -11.594458 -5.659628 2.300362 60.140872 -16.671585 -1.927357
5 5.821802 -10.316240 -4.518940 -9.212665 36.104071 -7.370561 -10.507466
1 52.733936 -8.563836 27.124718 -12.486633 -23.573706 -20.934239 -14.300240
1 70.772866 -19.387165 67.757816 -27.530129 -67.309540 -34.964858 10.661010
1 41.198568 0.883706 30.667680 -12.170674 -39.526015 -13.591479 -7.461784
1 52.664056 -10.317016 30.497149 -10.904467 -39.769425 -10.843243 -11.327052
3 14.697493 -6.978810 26.013209 -6.825824 -1.535814 -7.091930 -18.278323
5 -20.187288 -0.913882 -6.661600 -12.220100 59.124018 -10.624889 -8.516261
5 11.259133 -8.594974 12.956799 -19.306527 21.748982 -16.819553 -1.243861
1 47.764306 0.130240 -5.156967 -8.011993 -12.824224 -9.254209 -12.647154
3 -10.578320 -8.296713 26.336499 -9.766837 2.116256 -8.230179 8.419292
5 -1.034693 -7.914192 5.605689 -9.555213 21.197950 -9.824898 1.525357
5 -28.851166 -15.315722 -10.777419 -12.505552 85.793621 -12.199234 -6.144529
1 12.444471 -2.276030 1.846720 -5.324480 6.681868 -4.972604 -8.399945
7 -2.777224 -11.959426 11.069660 -9.051405 -5.417445 -7.202732 25.338574
5 -9.056060 -3.190658 1.450201 -2.476980 19.259340 -3.220458 -2.765384
1 31.161011 -6.737702 6.071721 -17.423901 24.528545 -15.186909 -22.412765
3 9.000310 -3.264083 50.035100 -8.795352 -25.736476 -17.510035 -3.729463
3 -35.571649 -7.568627 69.419453 -12.704786 23.523121 -22.409384 -14.688129
5 7.463974 -3.232582 -1.372611 -3.203310 15.076512 -4.481370 -10.250613
5 -15.604368 -10.024499 16.996722 -12.483871 22.466222 -9.149408 7.799200
3 4.886148 -4.282999 20.416780 -5.785052 -8.994012 -5.418286 -0.822579
5 -14.953804 -28.604644 1.250305 -29.063822 92.683726 -27.659915 6.348156
5 -5.116779 -7.739190 19.133188 -14.781207 44.114459 -14.027194 -21.583277
5 -6.835527 -8.886356 16.235722 -15.831956 55.089991 -14.946106 -24.825766
1 0.000000 0.000000 0.000000 0.000000 0.000000 0.000000 0.000000
3 24.949961 0.632628 44.434181 -18.116473 -27.541201 -12.484924 -11.874170
3 -9.395692 -0.874122 30.204534 -8.293151 20.053347 -16.918932 -14.775981
3 16.570703 -8.617765 21.308855 -24.517809 15.592928 -26.355135 6.018225
1 39.795113 -6.541221 27.150901 -20.817638 -13.937997 -17.283656 -8.365499
3 -17.537190 -15.071318 62.969877 -13.736045 27.512302 -22.255555 -21.882070
3 23.965800 -14.775139 45.886042 -24.833009 38.117400 -26.823740 -41.537354
5 10.654655 -11.361486 6.559565 -12.376640 21.607640 -12.285887 -2.797845
1 45.207604 -6.390674 8.859989 -16.830325 2.393345 -14.193692 -19.046246
3 -17.690912 -3.349202 16.461671 -1.510843 9.815690 -1.929989 -1.796414
5 -1.640115 -12.778482 0.512777 -9.557904 31.981942 -7.600348 -0.917870
3 30.367806 -24.090682 46.958938 -27.487959 31.197239 -24.068460 -32.876882
3 20.957006 -38.491266 115.153536 -54.089222 14.175482 -43.817189 -13.888342
3 2.605116 -2.935919 17.143866 -5.265538 -6.428476 -4.945965 -0.173084
3 42.552809 -11.967593 57.032526 -35.801031 -8.713850 -31.450190 -11.652666
5 -12.815999 -22.500545 46.711340 -30.300675 55.363185 -25.381447 -11.075860
3 23.684625 -2.462916 24.014604 -5.991072 -4.488409 -16.184767 -18.572063
5 16.360434 -12.851640 -3.874681 -18.713386 54.571111 -15.355919 -20.135916
3 0.855936 -9.248553 30.785712 -15.908931 9.791470 -13.195584 -3.080051
3 -17.844239 -8.843132 37.962264 -0.076892 6.381913 -9.238225 -8.341688
5 -5.022322 -12.959043 13.664097 -5.564136 19.569193 -12.121328 2.433541
1 27.175376 -7.468860 24.123743 -8.169643 -4.476593 -18.234325 -12.949697
3 2.441961 -9.457935 25.547428 -11.795204 15.744393 -11.424806 -11.055837
5 2.202076 -1.658839 -1.134365 -1.334031 8.779114 -1.964955 -4.888999
3 -6.020675 -14.088178 72.982392 -15.448929 -32.801806 -12.193814 7.571012
3 4.863404 -4.809372 15.345845 -3.955890 -9.410586 -3.538412 1.505012
7 5.578168 -6.690410 6.276681 -3.765034 -4.397048 -4.665018 7.662662
1 28.214128 3.572569 0.422285 -4.879317 -17.455734 -4.831827 -5.042103
5 -16.559466 -7.140127 19.975446 -8.550134 37.749170 -13.597018 -11.877872
1 8.950335 -1.864256 -4.175300 -1.196910 0.260691 -1.319229 -0.655331
1 29.439146 -5.001527 17.108672 -11.231214 -15.265615 -10.210446 -4.839015
1 34.738614 -15.161044 22.532940 -19.716951 -13.486881 -18.672063 9.765386
3 -3.629097 -10.391721 54.679049 -4.053664 -18.584110 -13.476453 -4.544004
5 15.181732 -9.841590 -13.301045 -9.099041 23.522120 -9.830505 3.368330
3 -41.337238 -18.925759 61.448773 -3.574674 59.710795 -32.096560 -25.225336
5 -8.345683 -2.109790 6.673554 -1.003712 10.083985 -1.267000 -4.031354
3 4.699034 0.624140 5.048825 -3.203485 -0.680659 -2.349766 -4.138089
5 -9.059695 -1.066013 -7.073408 4.401110 22.565899 -5.693726 -4.074167
3 -23.008628 -15.354419 62.594699 -5.767261 -0.233826 -13.705493 -4.525071
5 -21.285001 -9.823119 4.520616 -3.240746 50.329296 -12.708591 -7.792455
5 -0.151331 -6.992910 -2.307432 -6.492907 31.546409 -7.164164 -8.437664
1 33.176378 -5.918880 -6.458963 -12.689440 26.124279 -13.577320 -20.656052
3 19.917388 -12.546045 33.910663 -10.752704 8.868095 -18.874986 -20.522409
5 -13.321331 -12.163867 29.592430 -12.074221 62.716259 -21.830650 -32.918620
5 -8.371024 -16.101458 31.347378 -13.447928 33.053210 -17.148294 -9.331881
5 -23.337684 -8.430878 -16.175007 -3.624899 80.848798 -13.785859 -15.494470
3 19.324154 -21.158870 55.836831 -13.728932 25.353967 -33.087729 -32.539421
3 70.548235 -32.694458 78.157840 -42.029822 7.715404 -41.078726 -40.618473
5 4.759846 -7.385625 -6.390345 -13.648178 47.213848 -15.089737 -9.459810
1 0.000000 0.000000 0.000000 0.000000 0.000000 0.000000 0.000000
1 11.106081 -2.955851 2.437157 3.767560 -7.291830 -7.317141 0.254024
5 -14.174738 -8.562798 2.697137 -7.437289 38.302839 -7.014865 -3.810286
1 48.650682 -11.400316 -3.834977 -9.385378 3.137031 -10.749128 -16.417913
1 25.849869 -4.017208 -6.375711 -3.014575 -5.042389 -3.580156 -3.819829
5 18.414977 -26.903623 -29.640163 -24.515187 106.878436 -30.118707 -14.115732
3 10.143000 -14.097885 53.769247 -7.983773 9.285388 -17.725740 -33.390235
5 1.822124 -16.979285 18.666403 -25.041981 73.267904 -24.011192 -27.723972
1 12.925395 -1.108212 -6.554234 -0.321756 -1.833038 -0.441993 -2.666163
5 6.164094 -9.336824 1.629005 -10.304812 24.223551 -9.637824 -2.737192
5 7.757431 -10.847606 22.952790 -14.545396 26.543889 -13.542068 -18.319040
3 -7.459151 -17.991370 59.180833 -24.416394 -8.462753 -19.685368 18.834202
1 42.181040 -11.662211 16.840963 -11.938102 1.124719 -21.033093 -15.513317
5 6.998492 -10.832333 3.106747 -15.354888 43.612012 -9.720326 -17.809700
5 -1.179635 -11.168489 0.697656 -12.826687 23.160481 -12.344618 13.661291
1 30.518102 1.359607 -11.876953 -3.103356 -10.718567 -3.572577 -2.606255
3 7.877345 -7.098494 34.712574 -11.499978 -8.767611 -9.382562 -5.841273
5 22.525864 -7.876931 4.931498 -18.317483 25.756717 -14.757271 -12.262393
1 34.961471 0.518043 17.093917 -13.528837 -2.271372 -14.278528 -22.494693
3 -9.155554 -4.800572 9.919636 -3.131484 6.324689 -3.041603 3.884888
3 9.980029 -6.460152 18.791382 -6.449294 -2.875754 -6.493217 -6.492994
3 50.655313 -11.738312 61.634079 -15.071318 -14.357746 -31.723630 -39.398384
5 -16.521664 -14.168728 12.380796 -14.738706 49.473448 -13.342389 -3.082760
5 8.103501 -3.968487 8.589037 -3.464369 9.990692 -4.481370 -14.769003
5 -18.932815 -6.925172 -12.493615 -5.576394 38.243625 -6.531181 12.215551
3 11.301819 -8.678893 23.906403 -9.133264 -8.310453 -9.691984 0.606372
3 21.366394 -7.638911 27.013523 -11.517821 2.093149 -11.418719 -19.897614
3 1.090305 -5.396909 22.901113 -9.196012 17.231616 -9.399407 -17.230705
3 10.496800 -10.397269 37.845325 -3.748601 11.264210 -23.530670 -21.929794
1 19.650957 -15.641129 11.339154 -8.565384 7.890835 -18.670768 3.996335
3 3.530454 -14.349533 46.604184 -13.064377 -4.993645 -20.529988 2.802905
7 11.389970 -7.894116 -11.126321 -6.808550 6.866872 -7.128870 14.701015
5 21.450200 -15.503526 -29.169922 -5.656390 42.185172 -16.806735 3.501200
1 36.307167 -17.058418 34.847508 -26.331855 1.238801 -21.519891 -7.483311
5 -2.573559 -4.069592 12.322691 -7.777814 14.167880 -8.483797 -3.585809
3 -2.852270 -4.134942 29.485372 -7.684929 1.637004 -7.219661 -9.230574
5 -17.874635 -4.999433 1.946437 -2.981670 26.673865 -2.493569 -0.270996
3 -8.085544 -20.399685 56.511353 -23.252182 12.841194 -20.371064 2.755927
5 -27.000545 -7.613970 16.367555 4.944051 35.417091 -14.429055 -7.685127
1 22.078117 -1.918507 13.754101 -15.504539 1.574920 -16.449639 -3.534452
5 -1.322901 -14.038130 -6.169443 -11.736755 47.679102 -8.229706 -6.182165
5 2.623991 -16.700119 18.497428 -13.751592 30.095370 -13.268441 -7.496638
1 40.472342 0.795398 12.949496 -3.420901 -43.462873 -6.159110 -1.174352
3 34.324253 -12.952160 74.165391 -16.061566 -40.717711 -14.323025 -24.435180
1 11.106081 -2.955851 2.437157 3.767560 -7.291830 -7.317141 0.254024
5 -11.359118 -12.869716 22.294992 -5.569677 30.152049 -14.979241 -7.669290
3 8.520166 -0.606497 13.362609 -4.580806 -13.635564 -3.833954 0.774046
1 53.250840 -13.216921 44.309691 -34.046750 -5.944258 -30.730382 -13.622220
3 20.473427 -10.468527 21.790131 -9.594428 -0.594692 -10.321952 -11.283959
1 56.682752 -22.051667 -16.466444 -14.921620 34.296065 -24.414503 -13.124585
3 -3.118464 8.749041 15.164882 -4.170605 11.163733 -13.070458 -14.718129
1 30.251521 -15.036643 8.786700 -13.903099 4.893292 -11.306309 -3.685459
1 21.547879 3.219783 9.342556 -2.050172 7.395036 -22.243506 -17.211575
5 11.086881 -4.476718 13.195129 -11.337023 18.611979 -9.635255 -17.444992
3 8.520166 -0.606497 13.362609 -4.580806 -13.635564 -3.833954 0.774046
5 8.802194 -16.127533 -9.567726 -15.694444 51.337340 -15.636083 -3.113748
3 -6.553712 -12.665435 27.800334 -18.315799 23.921313 -15.909343 1.722640
3 -0.743134 -1.931273 14.398883 -6.736350 10.898259 -5.126224 -10.760161
3 5.407460 -5.603617 25.691623 -11.510908 8.577353 -10.621291 -11.940620
3 -24.143532 -7.159206 29.573530 -4.396256 11.483778 -4.308603 -1.049713
3 6.557618 -7.656999 76.865170 -25.788412 11.885393 -29.184416 -32.678350
3 -7.316263 -22.568727 118.221533 -37.227800 27.444632 -43.213767 -35.339607
3 15.539228 -1.073591 34.345164 -11.114822 -8.186258 -10.708187 -18.801534
3 32.011765 -5.113587 40.893478 -22.991019 25.047553 -37.740246 -32.107943
3 -6.975434 -9.658189 44.773654 -11.765212 0.484950 -10.267863 -6.591907
5 -26.923488 -11.165984 27.010335 -13.374500 36.315169 -10.211919 -1.649616
5 -7.666186 -10.064952 15.889711 -17.154165 42.262141 -15.425208 -7.841342
5 -20.393760 -15.145466 14.586854 -7.755449 62.681459 -15.727928 -18.245708
3 -8.512535 -18.102988 30.686543 -14.225046 12.972064 -11.731034 8.912998
1 49.555955 -14.619772 3.109872 -19.095662 -12.757221 -19.141406 12.948235
5 7.582948 -8.131319 2.916627 -8.960877 30.095467 -8.441113 -15.061732
1 39.494357 -11.271095 8.379106 -13.737031 -19.112701 -13.898933 10.146297
1 0.000000 0.000000 0.000000 0.000000 0.000000 0.000000 0.000000
3 13.227828 -4.601628 37.537625 -13.837253 -7.957641 -12.322697 -12.046233
1 0.000000 0.000000 0.000000 0.000000 0.000000 0.000000 0.000000
3 16.923606 -9.017817 61.234034 -18.725273 -9.931041 -19.664699 -20.818807
1 42.581736 -0.417607 7.339801 -7.760235 -23.978498 -9.915161 -7.850035
1 25.006701 -6.208881 16.460055 -2.347402 -31.792782 -4.641882 3.524193
5 17.051775 -7.570594 3.948577 -0.911565 21.072143 -13.084002 -20.506334
1 13.239218 7.632065 3.775856 1.914949 3.536710 -19.355077 -10.743721
1 27.624462 -3.448869 -13.491412 -4.141377 3.160674 -5.348227 -4.355251
3 21.588540 -7.123129 31.795010 -22.700652 11.188108 -20.574938 -14.172938
3 -4.846577 -4.676660 19.627165 -5.050372 9.432920 -5.104280 -9.382195
5 -15.787175 -14.470959 -7.346097 -12.807087 66.727920 -9.681212 -6.635390
5 -13.019190 -3.190658 1.450201 -2.476980 18.513337 -3.220458 1.943748
