1 52.880129 -12.280207 -14.838959 -9.802010 15.166882 -9.747128 -9.996693 -11.382013
5 4.635773 -11.788962 7.877531 -7.700419 33.898045 -7.245148 -9.057420 -10.619397
2 5.857792 12.031734 -10.759279 -2.896360 -8.041401 -3.307660 0.246518 6.868654
3 -1.607056 -27.119646 66.133131 -9.463756 5.760386 -9.508085 -13.936207 -10.258765
1 66.279828 -15.717568 -10.755860 -22.391634 23.440650 -22.969667 -13.765314 -4.120436
1 85.298371 -29.752136 21.293991 -22.450941 16.723368 -22.585554 -24.911095 -23.616002
5 18.225538 -18.206568 13.389270 -11.737455 38.881742 -12.450893 -15.939179 -12.162455
5 3.980393 5.124614 10.653033 -11.609589 30.713578 -11.639524 -12.297875 -14.924629
1 9.607896 2.562181 -1.759520 -3.403324 6.054363 -3.154691 -5.983195 -3.923710
3 -2.682501 0.138489 88.983458 -21.594137 -0.770405 -21.430055 -19.453727 -23.191120
1 22.160291 8.685951 0.960464 -7.672604 -10.896021 -8.698256 -6.130924 1.591099
1 76.942989 11.382353 -28.532373 -10.542521 -25.816310 -11.053683 2.347819 -14.728275
5 27.795855 -27.455969 -0.317852 -17.524511 71.209052 -16.963078 -23.523038 -13.220459
1 28.674324 4.903124 2.011584 -6.339608 -18.331912 -6.225101 6.363722 -11.056133
1 55.212554 -26.367264 -14.861392 -13.511144 45.990362 -13.740486 -18.581373 -14.141256
3 5.496750 -6.603339 15.088322 -3.748554 4.251756 -3.998010 -6.562037 -3.924888
5 24.165936 15.138117 -27.225697 -16.061731 41.383599 -16.352657 -10.286933 -10.760635
5 9.274427 4.485788 5.914542 -20.119698 58.279791 -20.086531 -15.764138 -21.984179
1 46.512651 -19.215113 12.592700 -16.236876 9.266264 -16.661929 -20.352091 4.094395
1 58.400257 -11.856370 -22.997424 -19.340883 48.135082 -19.873560 -20.243448 -12.223653
2 11.056989 16.187904 11.567332 -12.377802 -6.750869 -12.638276 -1.819709 -5.225570
1 37.640311 -0.021036 17.907066 -13.000469 -11.874027 -13.529569 -1.332359 -15.789916
3 2.841272 -8.958585 19.492698 -6.016930 12.078978 -6.044618 -6.711491 -6.681324
3 -1.799727 -0.763026 4.590016 -0.453657 -0.142541 -0.564892 -0.102278 -0.763894
2 11.485031 22.035547 -2.388745 -9.661830 11.467176 -10.017257 -12.713674 -10.206248
1 44.981639 -21.673255 7.734575 -21.400869 44.148916 -22.541884 -28.685083 -2.564036
1 41.477373 12.266373 -6.527560 -8.506808 -30.725893 -9.256821 3.259224 -1.985888
3 -0.000000 -0.762681 9.628758 -1.253826 -4.193190 -1.582810 -0.857459 -0.978792
1 20.481007 -9.685230 20.079695 -5.555890 -10.628995 -5.478255 -10.179698 0.967366
3 -6.087863 -0.910220 6.850833 -0.944764 4.573092 -0.800247 -1.610058 -1.070772
5 -9.095493 -1.044268 -5.179129 -7.720620 49.434221 -7.634845 -8.491562 -10.268303
1 20.730732 20.191692 -10.644167 -5.293702 -10.132378 -5.062371 -5.040568 -4.749237
1 24.640309 3.550594 -4.680598 -2.008426 -18.493141 -2.308230 2.069684 -2.770192
5 9.917711 -8.282178 -0.039625 -9.609236 33.793990 -9.288725 -2.290885 -14.201051
1 84.104488 0.847047 -5.076339 -20.390738 -6.668161 -20.564041 -2.710375 -29.541877
1 49.979615 1.042919 -17.335316 -14.592474 12.043173 -15.155139 1.992640 -17.975418
1 66.630479 -14.241211 5.202609 -12.368309 -17.041441 -12.849204 -10.601662 -4.731256
2 -18.822774 38.887032 4.427868 -6.297989 0.687566 -6.312944 -6.259494 -6.309263
1 30.477890 -7.114838 1.019619 -5.616991 0.904258 -5.291792 -7.650991 -6.727153
1 20.494903 -16.909049 13.259337 -11.689680 15.083847 -11.771308 -5.366162 -3.101886
5 -6.974256 -5.446549 12.954381 -11.682025 32.271859 -12.150481 -5.210984 -3.761945
5 2.826691 2.091584 -3.973227 -3.624565 14.958241 -3.591677 -4.231848 -4.455199
1 79.005478 -8.580287 -4.809160 -14.847451 -0.946568 -14.941967 -15.690189 -19.189854
5 -10.054802 -17.066140 30.109511 -14.239144 54.985713 -14.715224 -14.760956 -14.258956
5 7.638326 -0.791939 5.291543 -10.493401 30.401921 -11.156012 -8.609659 -12.280779
3 1.918948 -1.339055 38.066577 -16.377436 28.720252 -17.056340 -14.974837 -18.958108
1 49.893241 -16.573717 15.206426 -11.981588 5.791915 -12.405472 -15.761317 -14.169487
5 32.970434 -23.765314 -2.167341 -14.014967 59.332102 -13.506300 -18.404696 -20.443916
5 -2.301374 -3.924803 -8.938215 -2.944185 26.856438 -2.938970 -2.701798 -3.107092
3 47.145756 -29.330504 83.128743 -28.444177 17.836109 -28.299267 -29.549015 -32.487644
5 23.954449 -20.600669 -8.688105 -16.010846 72.420981 -16.454074 -22.724919 -11.896816
3 -38.270563 -5.900427 67.134017 -15.262033 40.254860 -15.151986 -15.802957 -17.000907
5 -6.758560 0.872590 14.205981 -10.353919 41.670536 -10.388837 -14.474087 -14.773703
5 9.008898 -9.180696 -6.086609 -3.506873 24.810288 -3.668767 -6.442644 -4.933597
5 10.786314 -1.775155 -7.476033 -9.140127 34.632845 -9.209885 -2.580626 -15.237332
5 15.798554 2.862606 -30.951269 -11.950432 51.606976 -12.090014 -5.370738 -9.905685
1 25.849900 5.848892 8.686129 -10.635898 -3.308237 -10.727825 -5.637149 -10.075810
5 -23.665768 -16.848957 10.274854 -16.777193 89.491588 -17.090272 -7.718012 -17.666243
5 13.950077 -7.728541 5.847673 -8.696786 19.535632 -9.166835 -3.754564 -9.986656
1 44.321762 -13.016573 5.819471 -9.266913 -0.822227 -9.109474 -8.455668 -9.470377
5 -0.328794 -3.355192 28.848861 -14.808830 37.488018 -14.851699 -18.295347 -14.697015
1 45.860445 -3.646340 -24.076360 -12.574894 28.211874 -12.408209 -6.660372 -14.706144
1 69.993072 -4.022062 4.195285 -20.294590 16.697029 -21.889734 -23.964459 -20.714538
5 -6.434806 -13.199265 -4.313797 -10.451463 62.383787 -10.260001 -6.670230 -11.054223
1 133.912931 -25.051021 -16.820227 -23.085421 -3.307534 -23.714661 -13.174969 -28.759099
1 54.708753 -1.494901 3.147440 -16.633931 6.138832 -17.356680 -6.959898 -21.549615
5 36.434489 -12.188817 -10.285830 -13.711655 40.776732 -13.534623 -8.956568 -18.533727
5 -0.807846 -5.381116 -3.969744 -2.769739 24.787747 -2.553620 -3.792740 -5.512944
1 90.732437 -11.092476 12.611476 -31.187643 28.597136 -32.318292 -40.363670 -16.978962
3 3.170722 -7.313103 20.773201 -6.131062 9.480290 -5.811594 -8.581250 -5.587205
1 59.708770 -19.647720 38.519111 -20.308093 12.883922 -21.381106 -23.028419 -26.746464
3 18.008816 -23.874452 70.290620 -21.915485 23.989528 -22.519283 -17.799301 -26.180441
1 29.934628 -5.216002 -5.761739 -3.105695 -9.487920 -3.116340 0.733416 -3.980349
1 28.905917 6.839623 -3.495366 -4.620155 -12.569747 -4.563092 -3.755175 -6.742005
5 5.355718 -14.542500 25.228562 -13.117742 36.574006 -13.145603 -5.243089 -21.109353
3 -4.841480 13.842930 27.300000 -12.159263 17.773862 -11.969434 -14.915007 -15.031604
2 19.929156 34.796377 34.756292 -17.878307 -26.891421 -17.513394 -7.037558 -20.161143
1 96.375196 -25.830983 90.712680 -36.408379 -8.360246 -36.759033 -41.065875 -38.663357
1 75.279007 -23.547030 -21.896818 -15.376311 36.621521 -16.048222 -17.782364 -17.249784
5 -6.051690 -18.526119 5.755944 -9.674645 56.295015 -9.887477 -7.402974 -10.508055
3 40.659406 -21.029238 46.967863 -18.689156 13.195414 -18.576127 -22.083198 -20.444966
1 50.547710 21.545661 -16.015972 -15.539248 -12.042196 -16.565175 -1.211381 -10.719399
1 37.690202 -12.591511 7.553906 -14.651587 28.032540 -15.314859 -13.075181 -17.643509
5 8.947436 -9.868804 10.979973 -6.961694 19.821601 -6.844866 -8.321549 -7.752096
3 -8.452697 -18.327501 58.882431 -16.708597 50.538995 -16.706115 -24.323761 -24.902754
1 22.128268 5.547582 -4.274197 -10.224188 19.160605 -9.718534 -8.491263 -14.128272
3 -5.075256 -12.704248 31.748002 -6.752409 20.299431 -6.305424 -14.484970 -6.725126
3 -23.192119 -9.344081 40.708933 -4.098584 7.046069 -3.694219 -1.467329 -5.958671
1 82.512326 29.814108 -45.977413 -21.523643 -15.994572 -22.457242 0.434478 -6.808043
1 0.000000 0.000000 0.000000 0.000000 0.000000 0.000000 0.000000 0.000000
2 -12.553735 29.430849 25.123141 -14.731811 5.331747 -15.106259 -11.994169 -5.499761
3 -9.307099 -7.271022 28.908320 -4.312910 6.995957 -4.577364 -5.686185 -4.749697
5 -20.765368 -22.214844 29.382887 -25.991000 126.592592 -26.268853 -33.475032 -27.260383
1 55.156709 -8.363429 34.896134 -27.782578 -0.990941 -28.725770 -14.093368 -10.096755
1 31.775026 -3.110105 -9.317747 -5.846837 6.156260 -5.820060 -4.250008 -9.586529
5 5.797694 -3.605783 -0.088737 -8.748627 39.935975 -8.487082 -10.723274 -14.080166
3 18.278936 -0.927308 22.287354 -15.469705 16.833874 -15.737256 -3.880044 -21.385852
3 6.610001 -2.840896 10.133058 -0.691969 -10.753117 -0.756825 -1.069304 -0.630949
5 18.377270 -16.293348 20.036282 -10.710248 25.064941 -10.842876 -13.955036 -11.676984
3 22.432939 -26.389917 75.382739 -23.860760 15.376472 -24.924824 -22.962051 -15.054596
3 2.609055 -4.618408 25.179967 -6.258132 5.559789 -5.605556 -7.056726 -9.809988
1 29.141077 -10.865581 22.524548 -14.300836 6.767252 -14.291452 -23.003538 4.028531
5 35.741941 -23.011906 3.972329 -10.991830 36.144533 -11.129210 -15.602891 -15.122965
1 0.000000 0.000000 0.000000 0.000000 0.000000 0.000000 0.000000 0.000000
8 -3.554826 -0.494585 -4.869092 -1.277508 4.963335 -1.367146 -2.283812 8.883633
1 33.724226 -5.434511 -17.332830 -8.395922 20.959057 -8.434968 -5.377476 -9.707576
1 19.714030 -2.041193 0.556272 -6.090927 6.550502 -6.118018 -5.294017 -7.276648
1 38.685611 -26.470402 30.068329 -14.678443 29.682836 -14.848197 -24.570345 -17.869389
1 33.502633 -3.368790 -0.310723 -12.114875 0.951300 -12.543603 -12.168276 6.052334
3 -9.890411 3.637545 8.943247 -3.051903 7.040480 -3.069812 0.537954 -4.147100
1 26.550203 -2.234585 22.890436 -16.292959 22.246288 -16.828777 -17.768656 -18.561943
5 43.580027 -31.566665 41.969251 -37.026980 93.769676 -37.571424 -43.617977 -29.535903
1 49.898568 -14.908422 -13.289897 -14.938547 35.440902 -14.464752 -10.128099 -17.609749
5 50.912552 -42.438766 32.067361 -25.373518 63.465433 -25.548581 -33.370765 -19.713715
3 -2.375414 -8.160718 20.450462 -2.685209 3.423235 -2.599237 -6.058910 -1.994210
3 6.078281 -25.445822 64.893657 -15.213495 20.392128 -15.387648 -16.708317 -18.608782
1 0.000000 0.000000 0.000000 0.000000 0.000000 0.000000 0.000000 0.000000
3 33.295621 -32.523946 44.285752 -19.040365 41.366840 -18.804459 -27.084249 -21.495193
5 8.061521 -23.461698 37.706384 -18.204366 49.586058 -19.256078 -15.633948 -18.797873
1 89.145046 -7.156619 -44.825816 -27.117727 62.599201 -27.622045 -13.293290 -31.728752
1 25.923391 -11.772113 12.734401 -5.054392 -9.725161 -4.894265 -2.291251 -4.920609
1 55.654063 9.655860 7.369194 -13.991951 -20.819044 -14.413834 -6.383917 -17.070371
5 12.833342 -12.022752 -15.252065 -14.020708 64.669820 -14.232828 -16.682124 -5.292685
5 -11.418687 -11.299603 -5.168771 -7.295768 60.302200 -7.439699 -9.900334 -7.779336
3 -12.109060 0.226337 76.325641 -20.547925 21.280547 -21.076261 -22.658321 -21.440953
1 26.656217 -15.672692 26.064482 -9.639383 10.698823 -9.381040 -13.554301 -15.172105
3 2.110892 -8.290600 24.419212 -10.036124 20.725133 -10.883891 -5.390891 -12.653731
1 19.020541 -9.848463 -6.066410 -3.719206 9.582551 -3.961849 -0.073567 -4.933597
2 -12.318855 23.103197 13.449887 -5.836305 3.311841 -6.034571 -6.616435 -9.058757
5 -1.852552 4.724993 9.284242 -12.434934 36.395650 -12.805067 -10.702130 -12.610200
3 -17.297321 -20.571175 70.230986 -12.956810 25.976393 -14.929530 -17.417641 -13.034897
2 17.005947 21.028453 16.802752 -6.022667 -34.376966 -6.188793 -0.892053 -7.356671
2 26.502398 37.453852 -28.424403 -17.934295 34.063781 -17.816011 -15.545443 -18.299878
5 53.133072 -21.063173 46.259599 -37.197662 70.006498 -37.958605 -45.070087 -28.109640
5 -3.833240 -8.834523 -10.441452 -7.953786 34.534604 -8.371570 -5.524735 10.424702
1 63.096560 0.212650 -12.643956 -17.781684 16.931082 -17.823509 -11.112886 -20.878258
3 -8.734576 17.627447 31.924021 -12.571165 14.909319 -12.877385 -14.754832 -15.522828
3 -2.636506 -9.091449 22.595259 -5.339635 9.629500 -5.154490 -2.363485 -7.639194
5 -14.672928 -11.047844 14.931528 -7.155196 34.824298 -7.059392 -0.381023 -9.439442
1 16.429674 3.157707 3.566998 -2.993177 -14.656641 -3.205535 1.564753 -3.863779
3 30.918496 -11.605341 31.867076 -15.462412 -2.227547 -15.273476 -10.659630 -7.557163
1 45.543056 3.302728 -10.376557 -17.709796 2.522044 -18.248654 10.834610 -15.867433
5 -3.484693 -13.006834 13.282488 -5.327847 30.203777 -5.377574 -10.448942 -5.840376
3 3.481865 -29.504698 96.536024 -20.098575 25.596416 -20.401378 -34.775517 -20.834136
1 90.322196 -21.680592 2.648045 -20.928249 12.660441 -20.793176 -17.611772 -24.616887
1 0.000000 0.000000 0.000000 0.000000 0.000000 0.000000 0.000000 0.000000
5 -19.210890 -10.806202 -4.041266 -10.356776 74.179787 -10.328038 -10.652685 -8.783931
5 12.126498 -23.157265 32.110536 -15.125549 45.391375 -14.864974 -20.052988 -16.427630
5 8.490201 -41.811243 48.136807 -23.682404 94.655278 -23.154067 -32.299435 -30.335137
2 -3.242409 15.487252 14.643350 -4.978214 -7.066430 -4.860728 -4.441877 -5.540943
1 53.040493 -5.861392 12.526924 -21.934319 0.420644 -22.808935 -2.434190 -12.949224
1 101.515483 -53.203847 43.987868 -36.124554 65.672984 -35.679322 -44.357271 -41.811338
5 -18.131312 -22.396898 38.013637 -14.715927 60.404739 -14.483262 -18.283842 -10.407136
1 41.404760 -7.528052 -21.621868 -9.565273 24.506884 -9.284015 -7.269498 -10.642939
5 -3.137967 10.199481 -12.578052 -11.799402 53.647417 -11.909699 -12.270766 -12.151010
3 -7.051094 0.000000 6.203603 0.000000 0.963724 0.000000 0.000000 -0.116233
5 11.161509 3.875831 -19.414831 -16.971504 51.963029 -17.394668 -8.734380 -4.484985
3 2.996255 -0.482284 5.500891 -1.202453 -2.565942 -1.301568 -1.538887 -1.406012
2 -12.613220 17.512803 5.156394 -4.549833 7.307976 -4.511681 -4.600461 -3.701975
5 -10.270470 6.822452 17.288539 -10.874856 20.415561 -11.041098 -0.978734 -11.361391
1 27.724329 -10.851029 5.021692 -6.429866 5.143149 -6.432669 -8.108768 -6.066837
3 -5.164532 -10.905919 40.246537 -9.122539 12.688986 -9.923875 -7.743397 -10.075260
5 7.128460 -10.349347 0.118093 -6.692739 32.099778 -6.936980 -8.335285 -7.031980
1 32.864398 -3.556130 19.136945 -19.299173 15.945892 -19.289290 -13.585342 -12.217300
5 -0.609960 -5.887954 7.345853 -2.923423 14.596453 -2.686698 -3.690378 -6.143893
1 33.950602 -8.150623 22.242202 -20.877713 16.892638 -20.869949 -9.160986 -14.026167
5 9.086897 -10.950495 7.746136 -6.668832 20.994430 -6.529131 -6.711491 -6.967514
5 10.756665 14.554765 -10.206492 -9.447605 25.298962 -9.544660 -8.078753 -13.332881
3 1.581204 -14.903220 48.019263 -10.777516 14.546283 -11.240824 -15.270303 -11.954886
5 33.655487 -11.506894 -26.148218 -19.789762 74.397884 -20.149809 -17.915017 -12.543673
1 18.561484 9.656378 3.031096 -2.471103 -23.988896 -2.556674 1.573590 -3.805874
1 31.875709 -5.003113 -9.428845 -9.896382 10.138235 -9.959688 5.179166 -12.905083
1 12.197836 -2.059765 -4.867262 -2.678796 4.451502 -2.537587 -2.233860 -2.272068
1 0.000000 0.000000 0.000000 0.000000 0.000000 0.000000 0.000000 0.000000
5 17.361356 8.030653 1.482019 -10.569557 20.349789 -11.420392 -13.987456 -11.246410
1 39.004685 5.861274 -24.771363 -11.963142 11.676507 -12.215076 -2.839517 -4.753369
5 -15.422912 -13.621035 30.359260 -8.655803 34.033741 -8.678650 -9.224483 -8.790119
1 48.296088 -15.942837 21.242305 -15.201020 6.285886 -15.381265 -13.482888 -15.816267
5 2.372996 -4.000129 -3.501625 -7.435474 33.907952 -7.235032 -1.010849 -13.097839
3 -46.773159 7.433181 42.229476 -13.660468 34.882042 -13.595904 -5.875878 -4.639289
5 19.809264 -6.602180 -17.032527 -9.921566 46.667988 -10.000020 -11.262755 -11.658203
3 18.084660 -9.096514 35.356137 -15.501825 16.539818 -15.579509 -13.034358 -16.768410
1 41.816516 -1.255967 -6.032452 -6.201687 -19.125712 -6.067337 3.067467 -6.200828
3 -4.359973 -3.569078 70.908143 -21.519025 36.330910 -21.607210 -34.323046 -21.860719
3 16.627017 -19.707011 28.044347 -13.672192 13.680859 -14.154963 -5.339628 -5.478426
1 30.120788 -6.934171 -19.884371 -13.648292 28.426255 -14.284286 -6.812269 3.016345
5 30.718836 -32.386476 53.390542 -30.376799 73.109006 -30.865541 -35.916393 -27.673174
5 40.521903 -27.450852 18.209308 -26.841175 81.717396 -27.359962 -29.100982 -29.695635
3 19.322230 -14.337260 21.748504 -7.823058 8.706374 -8.213849 -11.266974 -8.135965
5 6.639300 6.520526 1.825193 -6.567159 10.487084 -6.599842 -2.686123 -9.618978
5 2.059036 -24.972944 2.239261 -16.566439 79.754162 -16.702575 -23.820056 -1.990446
1 36.807220 -3.426754 2.387236 -7.758203 -7.998174 -8.224490 -1.504781 -10.282053
5 16.557863 -10.444115 -11.857171 -9.477924 49.194375 -9.810427 -12.512598 -11.650002
5 -0.387612 -22.579620 34.488400 -14.672733 49.282251 -14.723269 -15.935973 -15.471443
1 38.244033 -10.108905 3.730166 -9.900695 8.638487 -9.780845 -10.592953 -10.229285
5 -3.160268 -10.356886 7.165406 -7.836329 38.142468 -7.495542 -4.080654 -12.378195
5 -3.566674 -9.291159 13.357837 -6.508878 23.712477 -6.703160 -4.204534 -6.795908
3 2.236660 -1.820439 9.923754 -2.711084 0.854587 -2.423218 -3.272814 -2.787445
3 -11.178438 -15.920676 33.330602 -6.426295 26.137149 -6.310900 -12.089344 -7.542097
1 32.928568 -6.486250 -7.526932 -5.360108 0.407421 -4.972246 -4.576435 -4.414017
5 -5.095723 -4.561860 16.486774 -7.994507 33.519420 -7.982924 -11.937686 -12.433493
5 -3.064835 10.589907 -8.364807 -11.004448 19.749548 -10.901461 -6.688451 9.684547
5 15.224654 -7.687783 -12.558473 -8.116476 39.074980 -8.398410 -7.797991 -9.740502
1 97.138280 -20.152068 11.287688 -25.465372 14.379544 -25.589703 -17.779499 -33.818868
3 -8.676631 -1.392504 10.532908 -2.147217 9.659927 -2.101815 -3.281651 -2.593017
1 0.000000 0.000000 0.000000 0.000000 0.000000 0.000000 0.000000 0.000000
5 -2.493622 -17.004092 16.048484 -10.358299 45.590177 -9.668919 -9.593605 -12.520124
5 -3.566674 -9.291159 13.357837 -6.508878 23.712477 -6.703160 -4.204534 -6.795908
3 -24.443513 16.870072 91.445179 -17.082790 -8.124078 -17.802266 -22.854188 -18.008412
5 -25.628863 2.756401 26.365360 -16.040750 65.259080 -15.852710 -20.838253 -16.020263
1 119.280511 3.406992 21.777476 -33.438104 -10.952592 -34.686737 -29.290428 -36.097117
1 14.678350 -4.044497 -1.106887 -2.458560 2.395879 -2.354443 -4.373137 -2.736705
5 3.013671 -18.570680 24.636055 -20.525960 72.953719 -20.959644 -28.578990 -11.968171
5 15.493438 -22.024853 3.159049 -13.421942 59.812262 -13.580005 -15.879644 -13.558306
1 49.495196 0.984677 -17.547716 -9.891965 -7.213717 -10.437788 -1.790492 -3.598194
5 10.560493 -46.854020 65.987301 -37.982217 122.013675 -38.665604 -47.316681 -27.742942
5 15.971377 -13.948511 2.668538 -7.919018 30.127040 -8.448397 -10.161819 -8.289209
5 -2.420681 -18.116536 12.686704 -12.491757 59.134595 -12.103635 -10.552630 -16.136060
5 23.946120 -22.738073 23.511607 -16.562962 41.519658 -16.174695 -20.307178 -13.194477
1 57.064837 -4.664555 -16.909798 -9.878086 2.473408 -10.174104 -5.378156 -12.533544
1 35.625540 -17.612091 7.822934 -10.758663 20.926475 -10.970996 -14.124019 -10.909178
1 10.179301 -1.082108 -6.738429 -0.538284 -5.860279 -0.559766 5.686996 -1.087431
1 38.362017 -21.219255 27.491245 -16.486308 29.185030 -16.170387 -23.007693 -18.154646
1 76.566250 -37.299324 47.585325 -30.554331 19.285808 -30.837302 -40.407602 -4.338820
5 -9.880270 -1.756685 0.758426 -0.646318 9.644552 -0.356232 4.880061 -2.643534
1 0.000000 0.000000 0.000000 0.000000 0.000000 0.000000 0.000000 0.000000
3 -3.933084 -0.178795 6.032013 0.000000 -0.991584 0.000000 -0.928550 0.000000
1 51.224142 -4.469918 -20.043025 -9.211394 8.601633 -9.648249 -4.622413 -11.830776
3 16.824673 -11.114346 35.201278 -10.114100 7.096129 -9.392790 -18.285660 -10.215182
5 3.179062 -13.288460 21.130563 -8.163855 25.569774 -8.020109 -11.731440 -8.675534
1 0.000000 0.000000 0.000000 0.000000 0.000000 0.000000 0.000000 0.000000
5 1.619725 0.000000 -7.735096 0.000000 6.347836 0.000000 0.000000 -0.232466
5 5.909356 -8.347584 -2.706827 -7.339057 33.964612 -7.293213 -4.511775 -9.675514
5 -0.474530 1.116796 -5.471316 -2.843893 14.228620 -3.340884 0.577405 -3.792198
1 26.214964 -14.028765 16.900837 -12.648187 15.466721 -12.513166 -0.685717 -18.706686
3 -20.365649 -12.711801 41.306370 -3.942383 4.421202 -3.900820 -0.200400 -4.606520
3 3.907770 -17.003119 51.335503 -9.950235 8.227857 -10.188816 -11.430662 -14.898296
1 57.152990 -18.429271 31.560664 -22.466897 15.909479 -22.762910 -16.969987 -23.994068
5 1.472544 -11.367310 6.700940 -7.908619 34.590014 -7.404531 -4.406108 -11.676929
5 13.087570 -9.314457 -0.726328 -4.676799 21.483801 -4.463294 -5.684918 -9.705575
1 25.317111 -6.023565 4.864042 -4.199297 -4.648812 -4.215776 -6.950985 -4.142717
5 1.628392 -5.381116 -2.594797 -2.769739 20.843857 -2.553620 -3.660034 -5.512944
5 39.993176 -5.814948 -22.186735 -16.204202 52.587257 -16.710721 -11.777955 -19.885872
1 73.604462 -11.983679 -25.291976 -19.280219 43.614805 -19.513571 -14.885475 -26.264349
5 -7.222594 -6.872861 -11.422188 -8.987999 57.741833 -8.978129 -9.666762 -4.591300
3 4.993389 -9.127783 13.339457 -4.515041 10.936495 -4.511047 -6.256672 -4.858799
3 -20.716220 -9.142035 39.503736 -5.496303 18.076587 -5.252549 -11.578785 -5.394433
5 27.414027 -5.052616 28.916422 -22.121452 41.301337 -22.292630 -32.286718 -15.878366
3 -5.978477 -1.756685 6.688117 -0.646318 -0.186932 -0.356232 4.880061 -2.643534
3 -12.118432 -16.810055 30.701414 -7.658969 26.872830 -7.747099 -15.055960 1.816271
5 21.030632 -15.116653 10.857984 -16.109592 37.316117 -16.233351 -2.168690 -19.576445
5 5.191300 3.701357 -15.409850 -3.940522 25.943918 -4.097759 -5.025559 -6.362884
5 -11.001645 -8.546484 13.543712 -4.052210 24.722867 -4.201613 -6.883600 -3.581028
5 -15.482531 -1.953439 47.241225 -20.059349 52.319277 -19.895027 -20.224198 -21.945954
1 23.710391 -9.506465 16.630026 -9.028861 9.625012 -9.269589 -10.260436 -11.900076
5 8.874495 -9.113676 2.027815 -4.828237 18.948437 -4.410150 -7.362524 -4.136160
1 36.599771 0.733839 -13.264178 -4.586911 -5.282894 -4.672282 -3.977233 -5.550111
5 14.865407 -9.291159 3.194152 -7.330434 17.786959 -7.525883 -4.257231 -7.441809
5 7.614611 -12.202862 16.684835 -6.961694 17.847603 -6.908846 -8.321549 -7.752096
3 -10.372168 11.864764 25.759496 -11.444522 6.019710 -11.675897 3.855355 -14.006739
5 29.044410 -30.786255 18.131783 -17.554915 36.317487 -18.000095 -21.168768 4.016356
5 13.841862 -15.400007 19.391851 -15.587822 41.751420 -15.306118 -8.776430 -19.914754
5 9.326664 -23.751898 28.349386 -18.860709 66.775114 -19.324045 -19.226591 -23.287918
5 9.330649 0.538350 -1.930585 -6.085946 14.250473 -6.029642 -3.196676 -6.876625
3 12.045147 -11.133801 43.567984 -8.695723 -6.300548 -9.213675 -11.758847 -8.510536
1 39.000352 -6.749983 19.354436 -13.464091 0.358528 -12.868498 -7.400588 -18.230155
3 -5.927632 -5.080790 17.546845 -2.538406 -2.486716 -2.467691 3.426848 -2.472458
5 -11.018271 -22.164271 37.327561 -14.131411 55.722621 -13.676341 -14.075905 -17.983982
5 15.035299 -8.958585 4.129140 -6.016930 15.248509 -6.044618 -6.711491 -6.681324
1 58.145225 -1.901290 -13.882384 -5.609123 -22.838065 -5.640900 -2.433090 -5.840373
3 34.657433 -21.011030 51.435500 -18.734358 17.139892 -19.454203 -23.560064 -20.473169
3 -7.769402 8.147736 30.659322 -10.647293 13.476856 -10.530097 -11.883049 -11.454071
3 -1.597858 -2.377440 36.517459 -3.867487 -15.216681 -4.803525 -4.396323 -4.258144
1 151.966746 -35.050272 17.892223 -32.899984 -1.076847 -33.493943 -32.772232 -34.565689
3 30.101511 -10.009623 46.834653 -19.548626 18.194594 -19.966296 -22.099940 -23.506271
1 20.790457 0.575986 -6.149906 -7.364344 19.641854 -7.752134 -8.736867 -11.005047
5 10.629590 -15.672929 18.519394 -9.076400 30.823624 -9.375584 -16.082429 -9.765264
1 71.987353 -13.399560 0.265519 -16.525158 -11.141767 -17.613903 -4.243218 -9.329264
3 2.996255 -0.482284 5.500891 -1.202453 -2.565942 -1.301568 -1.538887 -1.406012
3 -16.329019 -20.455100 46.570968 -10.101364 41.307443 -10.615367 -16.625379 -13.752183
3 17.930462 -25.613390 28.516241 -18.785157 13.752643 -19.261175 -22.724267 26.184644
5 -11.059962 -25.113316 32.619524 -17.051319 71.625387 -16.058329 -12.355274 -22.606710
1 56.738333 -38.005713 50.734580 -25.040352 35.957739 -26.304840 -20.471493 -33.608252
5 2.857448 -15.066598 18.564664 -8.190370 30.651255 -7.990809 -12.682802 -8.142788
3 21.975119 -13.853262 50.839289 -11.820137 -15.055738 -12.160100 -8.443056 -11.482113
3 24.278996 -31.322388 39.982447 -17.554831 35.227345 -17.267718 -12.665224 -20.678624
1 79.525798 -23.852868 15.177886 -17.162015 2.883844 -17.496585 -21.849858 -17.226199
1 48.506200 -23.629461 33.700656 -16.663869 7.607370 -17.243523 -14.509380 -17.767992
5 11.929120 -3.343043 -7.794606 -6.364335 18.400394 -6.026642 3.445899 -10.246787
1 51.852349 -20.218856 -9.357071 -10.386378 21.243862 -11.110962 -9.638405 -12.384537
5 26.766521 -30.511000 21.620658 -22.064702 76.874038 -21.901297 -27.559991 -23.224226
1 22.814064 -11.887355 -0.591252 -6.177766 20.300074 -6.380272 -10.893789 -7.183703
5 8.986055 24.893688 -18.277236 -32.560908 95.457684 -33.270793 -9.154298 -36.074191
5 10.773711 -6.496942 -24.506746 -6.222925 43.517664 -6.340183 -5.079528 -5.645051
3 5.902754 -3.257520 15.393532 -1.305341 -12.722560 -1.362496 -1.327441 -1.320927
1 18.018796 14.563790 13.118705 -7.105111 -18.284424 -6.981968 -5.822015 -7.507770
5 9.130846 -14.088941 7.919007 -5.866131 20.399608 -5.937340 -4.629241 -6.927808
1 48.511965 6.385504 -9.528023 -13.219187 3.367775 -13.544342 -4.904066 -17.069625
1 40.849099 -16.136469 -6.937318 -7.480800 15.564523 -7.278923 -9.665595 -8.914514
5 20.873301 -19.133993 14.403305 -18.777597 67.630416 -19.315994 -25.220472 -20.458967
3 -0.698893 13.600915 18.640121 -6.795113 -1.424666 -6.896474 -7.125272 -9.300618
1 111.616801 -35.459250 -0.247649 -29.425026 48.030527 -29.651929 -29.448644 -35.414827
5 1.628392 -5.381116 -2.594797 -2.769739 20.843857 -2.553620 -3.660034 -5.512944
1 65.519531 -19.729234 -24.396260 -11.488047 23.751342 -11.621139 -6.610545 -15.425645
3 -10.377980 -0.106499 33.140530 -8.480232 16.439371 -8.451639 -13.534526 -8.629024
5 13.151983 -15.521294 25.282138 -11.821759 28.676045 -11.645363 -11.254115 -16.867635
1 31.597529 -1.415591 30.891302 -19.335442 21.073040 -19.710001 -23.266289 -19.834547
5 49.376924 -26.751134 -11.549444 -23.641147 56.233277 -23.566263 0.286053 -20.388268
5 -6.516338 -10.663616 -8.330441 -5.156328 39.737141 -5.082502 -5.487057 1.499139
5 -8.286374 -18.077238 23.146752 -12.562957 58.882514 -12.260740 -17.858508 -12.983449
1 36.630175 -13.231412 27.922258 -13.168466 3.338652 -14.031038 -18.562763 -8.897403
5 -16.876113 -24.781049 35.887158 -14.666186 63.360813 -13.852939 -9.082460 -19.989222
1 79.518999 7.245112 -10.775424 -22.763738 -0.638268 -23.099633 -1.692863 -27.794187
3 -2.436238 -0.762681 8.253811 -1.253826 -0.249300 -1.582810 -0.990165 -0.978792
5 -20.355905 -6.042301 8.121545 -5.317007 41.544367 -5.212859 -7.881232 -4.856609
5 -19.463006 3.425123 23.237190 -14.579114 36.887739 -14.547298 -11.325539 -3.635093
1 23.053379 -10.693306 14.532000 -5.722675 -15.185384 -5.331302 -2.288889 1.636179
1 23.049895 -12.721455 -4.825822 -5.639482 22.278392 -5.756526 -9.802130 -6.582871
5 -31.496937 -12.380328 38.070274 -14.618900 59.630521 -14.916992 -17.221437 -7.066201
1 73.062639 -0.331819 -23.331558 -8.954198 -21.515055 -9.217912 -0.049342 -9.662753
5 -16.858235 26.554919 3.729487 -12.717209 39.209239 -12.724727 -11.299460 -15.894014
3 6.719908 -2.059765 10.866412 -2.784806 -2.961701 -2.592681 -3.593531 -3.593835
1 78.888674 -22.771158 15.703804 -31.251827 58.167269 -31.289712 -29.549549 -37.897502
5 -12.056945 -1.726292 0.220841 -11.145171 44.769179 -11.249262 -6.509312 -2.303036
1 64.316743 -22.177685 23.485835 -18.618790 5.923608 -19.344390 -13.959146 -19.626170
1 13.648242 -7.912078 6.814724 -4.208613 6.822606 -4.794670 -5.655976 -4.714234
1 58.026155 -25.740252 -35.946347 -11.558340 43.077568 -11.913470 -2.786330 -13.158983
5 14.340069 -15.503238 6.496108 -13.219822 52.075239 -13.483012 -16.861988 -13.843354
3 81.738044 -52.299227 86.764273 -38.956118 57.014613 -39.894574 -50.452157 -43.914850
3 -5.978477 -1.756685 6.688117 -0.646318 -0.186932 -0.356232 4.880061 -2.643534
5 -1.709345 -7.227199 4.801949 -3.524907 18.577297 -3.111983 0.506878 -8.312691
2 1.410556 44.465339 33.463195 -24.869356 13.770578 -25.557104 -14.358354 -28.324852
1 81.144188 -27.321953 10.900088 -20.391168 6.320362 -20.470623 -20.631273 -9.549619
5 4.680118 -17.979523 19.909605 -15.976997 64.106494 -16.496857 -19.072613 -19.170225
5 17.120891 -27.121989 63.154254 -33.445867 80.320909 -33.605317 -38.104381 -28.318495
1 67.929454 -34.270388 17.817841 -23.145763 29.211701 -22.717045 -23.765228 -11.060567
2 0.275666 16.459730 8.607540 -8.915369 10.142649 -9.239184 -7.046975 -10.284056
1 56.577045 -16.718396 -6.599816 -13.260751 23.926680 -14.448374 -16.086153 -13.390234
3 6.884421 -3.274576 23.574339 -4.680604 -12.915057 -4.353745 -1.042860 -4.191919
5 9.062333 -9.389665 15.313582 -8.597198 22.702352 -8.735778 -8.985248 -11.370378
5 15.420057 -24.255064 20.091051 -11.779578 42.871802 -11.842152 -17.542012 -12.964103
1 55.761824 -35.889828 45.163254 -22.385340 20.087885 -22.681402 -27.460974 -12.595417
1 38.046655 26.817859 -3.779952 -10.264530 -35.455612 -10.673505 8.411137 -13.102053
3 33.729804 -0.876851 35.439136 -22.542871 25.860036 -22.995864 -23.564997 -25.048390
1 48.890127 -12.026538 -5.935005 -9.882841 8.265127 -9.699129 -9.290746 -10.320994
1 55.492402 0.654003 -23.058476 -10.392638 5.022745 -10.772379 -2.474400 -14.471257
1 63.438340 -28.589297 44.177583 -25.655559 32.009956 -25.161596 -28.087055 -32.132370
1 46.657085 -7.294278 20.840344 -16.677073 -19.229660 -16.728571 5.866005 -13.433851
5 28.646186 1.220754 -6.543709 -12.326376 35.001818 -12.648933 -19.147261 -14.202478
1 52.334459 -21.304508 23.624225 -25.092766 50.329577 -27.580690 -21.439041 -30.871252
1 20.336201 8.881497 16.850491 -14.818366 5.557634 -14.527636 -4.523150 -17.756668
3 -16.765357 6.833811 39.396957 -5.004232 -2.798732 -5.635871 -9.588864 -6.437713
5 -16.076887 -15.981608 21.584353 -11.696115 59.424474 -10.927294 -10.550792 -15.776132
5 7.547991 -3.417912 -12.276863 -9.082193 43.482963 -9.236865 -6.609683 -10.407439
5 6.386374 -5.527187 0.294099 -6.621625 25.823663 -6.759939 -5.530090 -8.065293
1 90.906400 -11.787575 -22.668624 -14.589110 -2.369662 -14.256271 -5.856281 -19.378876
5 -7.109204 -3.515900 -1.851098 -1.323943 20.605730 -1.418961 -1.668728 -3.717895
5 -2.420681 -18.116536 12.686704 -12.491757 59.134595 -12.103635 -10.552630 -16.136060
3 -20.716220 -9.142035 39.503736 -5.496303 18.076587 -5.252549 -11.578785 -5.394433
2 -5.252376 22.884274 5.480922 -5.166815 -4.932175 -5.241174 -1.413488 -6.359168
3 4.212275 1.503760 20.707414 -5.449115 -9.770518 -5.289095 0.444702 -6.359424
3 10.270138 -8.868067 26.657074 -5.550158 -3.260134 -4.971159 -5.398432 -8.879260
1 54.068770 -0.287970 -3.025186 -13.464943 2.705655 -13.409601 -10.818222 -15.768505
5 18.236430 -13.835248 4.053232 -9.795835 39.415072 -9.879234 -16.843404 -11.351015
5 26.660725 -29.855698 36.064311 -16.993707 40.040855 -17.696265 -26.733026 -11.487193
1 110.349712 -16.616827 26.379347 -18.579246 -42.179237 -19.288202 -20.691627 -19.373918
1 13.249339 8.789517 -3.318491 -8.268386 11.134677 -8.024272 -2.201497 -11.360884
5 2.291117 2.740575 2.598557 -9.405238 15.671076 -10.010820 -3.958015 0.072746
3 -7.633023 -15.045145 45.145313 -8.810173 12.889816 -8.376341 -6.851379 -11.319069
5 10.021637 2.920056 -25.353950 -8.082626 48.452375 -8.005189 -5.691728 -14.260576
1 29.588513 -8.046364 7.628886 -12.323936 25.907977 -12.554498 -16.061448 -14.139130
5 -12.583506 -11.615872 38.153725 -12.648002 42.346922 -13.116326 -15.940719 -14.596222
1 30.856044 -10.824431 28.957210 -22.230016 26.212812 -23.035389 -19.344324 -10.591904
3 -37.525950 5.710037 55.425827 -15.072677 23.619274 -14.511308 -11.124891 -6.520309
5 -3.804182 -10.497397 9.982732 -5.070450 29.028696 -5.002578 -8.649110 -5.987710
2 1.814274 9.019998 -3.560349 -0.352497 -3.680342 -0.641797 -1.278924 -1.320364
5 -3.897007 0.216610 -8.015016 -6.282452 31.166535 -6.263591 0.575150 -7.500230
1 69.344909 -35.035889 37.297672 -24.826647 46.646589 -24.466162 -36.924237 -32.036233
5 -21.933474 -10.815117 65.387447 -22.144034 66.102619 -21.919473 -32.073444 -22.604522
5 -1.686375 -5.123523 12.268631 -5.910617 19.444654 -6.324762 -7.046062 -5.621947
1 23.462590 2.695460 -12.611764 -3.817753 -15.082930 -3.818584 14.714137 -5.541158
1 72.728031 -24.435318 12.351509 -20.640729 14.131243 -21.041875 -20.108767 -12.984093
1 87.755564 16.601008 -15.217742 -22.637850 -3.658324 -22.960007 -12.542334 -27.340314
1 29.080831 25.888650 -18.541912 -11.360324 8.907222 -11.589165 -8.177092 -14.208206
5 -2.246392 -3.878558 -1.486071 -3.454338 22.259895 -3.440384 -4.517010 -3.237143
1 67.562096 -18.169185 5.483036 -15.367485 -5.572890 -15.070854 -12.930379 -5.934338
3 25.693835 0.285479 93.593481 -24.477081 -41.139268 -25.009086 -11.056374 -17.890981
3 0.007465 -15.715703 32.563583 -10.441159 24.951793 -10.776818 -9.838021 -10.751139
1 34.708849 -15.730973 19.644264 -14.649286 21.954520 -14.573469 -13.599691 -17.754213
3 -1.826817 -10.171848 28.251563 -6.816915 16.283784 -6.751738 -11.776383 -7.191646
5 -3.566674 -9.291159 13.357837 -6.508878 23.712477 -6.703160 -4.204534 -6.795908
1 61.082251 -2.410213 13.257145 -27.479337 17.728490 -26.975502 -14.224734 -20.978100
2 14.524308 39.571086 11.105459 -25.346245 38.919546 -25.534136 -22.592772 -30.647242
3 -27.817087 -21.743104 47.278142 -8.750196 38.847443 -8.227799 -8.114537 -11.472862
2 30.699722 41.639820 -12.146965 -13.021199 -12.074683 -12.980176 -7.302786 -14.813732
1 58.247544 -19.614364 -3.400932 -11.617614 13.578813 -11.050464 -15.115750 -11.027231
1 9.429834 -6.424544 9.056309 -3.748554 5.243340 -3.998010 -5.633487 -3.924888
3 -30.514554 9.821052 72.715019 -10.025961 -8.095186 -10.682076 -12.977772 -10.240519
5 1.978324 -6.343548 1.480395 -5.114307 20.424519 -4.857892 -0.500750 -7.066741
5 15.805136 -10.736643 20.746251 -27.726539 70.626619 -27.948743 -32.069828 -8.696249
1 47.619198 -2.437578 -7.600260 -12.693757 8.455316 -13.220816 -3.945714 -16.176388
1 60.684879 -7.273226 -13.389388 -5.735214 -16.111237 -5.848702 -6.347481 -5.979632
1 33.195651 -10.058475 26.768578 -12.444257 -9.205883 -13.240487 -0.741863 -14.273262
5 -13.846536 3.219328 14.970867 -5.978596 24.790359 -5.871118 -9.199655 -8.084649
1 39.836388 -2.891467 -15.708981 -8.576361 11.562195 -8.755016 -5.943710 -9.523047
5 -8.189055 -21.536192 22.837294 -13.693918 64.882768 -13.278878 -13.962520 -17.059498
5 -14.227501 -2.436755 11.642527 -9.940014 44.361498 -9.814578 -15.247756 -4.337423
3 2.477540 -0.450825 6.908954 -1.150392 -4.941994 -1.033316 -0.827678 -0.982289
1 32.939940 0.159980 32.682700 -15.230619 -8.398123 -15.216177 -17.670082 -9.267616
1 0.000000 0.000000 0.000000 0.000000 0.000000 0.000000 0.000000 0.000000
1 0.000000 0.000000 0.000000 0.000000 0.000000 0.000000 0.000000 0.000000
5 -6.285686 -8.899961 8.090523 -8.449529 44.982167 -8.487711 -12.264386 -8.685416
5 21.426456 -31.357702 31.575514 -15.951424 45.733795 -15.788905 -17.090758 -18.546978
5 3.733167 -8.957115 15.871624 -17.406881 67.944286 -16.887075 -25.778549 -18.519455
1 99.144157 -44.053999 66.541787 -37.906800 30.826162 -38.426425 -43.623797 -32.501082
3 10.201691 -8.958585 21.455773 -6.016930 2.755484 -6.044618 -6.711491 -6.681324
3 8.981583 -6.561388 17.695569 -9.244366 11.571376 -9.407375 -2.710951 -10.324447
1 27.210937 9.696538 2.663735 -5.503234 -21.116227 -5.467961 -0.123170 -7.360618
3 0.794737 -1.532226 41.105177 -16.158237 23.476839 -15.816114 -13.046773 -18.823401
5 9.033729 -5.691960 -16.632583 -9.241187 52.459414 -9.347314 -9.785403 -10.794695
5 19.127270 -22.045738 1.600978 -12.499054 57.863922 -12.535491 -15.602121 -15.909765
3 8.597478 -19.892251 46.603429 -15.168379 11.547769 -14.808083 -8.420444 -8.459518
3 18.785743 -23.004562 80.922918 -28.354597 43.490971 -29.146841 -27.439755 -35.253875
1 43.920154 -2.628223 2.122204 -12.600619 -7.919796 -13.698232 5.649673 -14.845160
1 47.364646 -10.350999 5.980765 -9.394183 -0.285527 -8.516221 -15.924704 -8.873776
1 49.201982 -3.913282 23.204928 -11.605678 -16.974335 -11.860948 -10.878821 -17.173842
1 44.278953 -7.216929 18.635549 -11.801589 -5.693104 -12.641274 -12.285826 -13.275779
5 -11.673750 -8.247731 -8.229839 -5.530063 50.611747 -5.258769 -3.287631 -8.383964
3 28.740635 -16.414784 45.170325 -14.203557 -8.588867 -14.283955 -4.417873 -16.001925
1 59.326546 17.868337 -4.212459 -19.627066 1.991262 -20.649409 -7.617407 -27.079805
5 -5.271127 3.300957 25.805630 -18.371508 48.374809 -17.664548 -15.496622 -20.677588
3 16.255500 7.341477 25.635520 -13.191235 -15.718738 -12.763354 10.303885 -17.863053
3 14.267837 -11.322481 23.968592 -13.483077 21.600282 -14.210622 -17.107058 -3.713472
1 40.632023 -3.849914 4.352548 -8.054262 -11.311796 -8.060946 -11.072258 -2.635393
1 34.006685 12.265840 -23.038170 -9.991717 9.663816 -10.116560 5.309984 -18.099879
3 -18.595906 12.140793 28.916809 -9.167439 16.626725 -8.841720 -11.817570 -9.261691
1 29.488808 -0.122779 -20.552170 -8.795857 -1.030549 -9.486097 -1.920226 12.418871
5 5.276561 -11.559523 6.217703 -13.097975 59.554092 -12.893627 -14.581574 -18.915655
1 49.513063 -13.982358 -12.227378 -6.504318 3.992152 -6.922686 -5.729533 -8.138940
3 15.864015 -8.205821 21.479037 -6.411838 -13.780314 -6.282419 -6.797739 4.135080
3 -3.426670 -1.398195 16.304487 -5.771441 7.831496 -5.369988 3.364032 -11.533720
1 0.000000 0.000000 0.000000 0.000000 0.000000 0.000000 0.000000 0.000000
5 5.715061 -6.664873 2.906094 -3.972192 17.988974 -3.855187 -5.198922 -6.918956
3 -16.806040 10.373170 37.782901 -11.708611 14.154384 -11.570907 -7.186864 -15.038033
1 59.862271 -36.465138 50.033126 -20.529097 7.713493 -20.675083 -29.317879 -10.621692
5 12.737860 -7.910404 -0.785836 -4.062354 15.642173 -3.729116 -4.540411 -7.351911
5 18.689694 -3.830773 -11.832774 -7.706687 24.100063 -8.444804 -1.034799 -9.939918
8 -6.670749 -2.569809 10.211396 -7.738312 8.925517 -7.794675 -10.026746 15.663378
1 39.347146 -13.503389 29.604276 -27.544756 35.321150 -27.791604 -19.641122 -15.791701
3 -9.034124 -12.704248 32.895959 -6.752409 23.038407 -6.305424 -14.413035 -6.725126
1 57.489133 -26.486968 26.156489 -23.512933 29.133293 -23.824081 -20.000709 -18.954223
1 69.635764 -22.841550 1.836840 -14.663566 8.191883 -14.191700 -12.680148 -15.287520
1 32.633594 7.228769 18.290369 -18.228366 14.451971 -18.722997 -15.063452 -20.589884
1 54.938051 -11.886688 39.816856 -24.469453 16.309919 -25.217882 -20.660957 -28.829843
5 12.069153 6.216594 23.128905 -23.922524 65.695792 -24.067864 -28.206296 -30.913759
5 -19.181718 8.392169 21.520849 -15.535151 43.003116 -15.147421 -3.426023 -19.625819
1 74.526129 -28.909301 24.676126 -20.559577 17.919416 -20.659871 -27.338633 -19.654288
5 -6.216515 -28.974619 36.813970 -19.802576 88.719921 -18.730754 -26.418499 -25.390927
1 24.172199 -3.144719 -9.237796 -7.502965 19.508717 -7.552901 -7.455282 -8.787253
1 6.881811 -2.423456 3.208415 -0.538284 -5.001506 -0.623746 -1.503236 0.000000
5 -25.811098 21.808493 38.498999 -18.527509 39.434001 -18.336718 -17.889420 -19.176744
8 14.252779 -5.067803 2.597838 -6.982570 -37.193660 -7.909895 13.964134 26.339179
5 3.278711 -3.956333 14.280500 -9.355474 27.368645 -9.632655 -10.616846 -11.366547
5 26.355931 -20.921312 49.953970 -35.305434 75.439263 -35.359439 -17.434941 -42.728035
3 -12.066340 -2.666905 13.538950 -1.591082 4.386160 -1.156480 3.270002 -3.714306
1 60.618943 -14.865291 38.485129 -32.753599 25.028394 -33.542999 -17.686115 -25.284459
1 47.539078 1.907986 38.425207 -14.328160 -43.444175 -14.985718 -7.715317 -7.398902
3 2.146559 6.994498 45.252249 -11.901384 -2.614699 -12.226816 -15.322296 -12.328109
5 -18.400950 5.281121 28.115891 -13.407617 36.425992 -13.235247 -10.454096 -14.325091
5 3.223395 -21.439404 40.301491 -17.078408 40.559772 -16.832089 -17.308446 -11.426311
1 25.337517 7.811952 12.031056 -10.838965 -5.086241 -10.449929 -6.621673 -12.183715
5 -9.545151 -11.047844 20.045953 -7.155196 23.525545 -7.059392 0.675527 -9.439442
1 28.733448 -6.455478 -6.623534 -12.209223 23.033121 -12.298605 -8.071278 -6.108451
5 21.521532 -13.163448 2.208466 -8.974875 27.383420 -8.650688 -11.675144 -8.649264
5 13.828061 -11.385916 1.587739 -4.953052 20.278018 -4.861767 -4.899800 -9.593282
5 17.758757 -1.354040 -5.670843 -9.708137 17.923856 -9.248663 5.184715 -14.885646
5 -7.078664 -2.379094 2.383555 -2.675892 13.905542 -2.238714 2.971381 -4.888113
1 58.353012 -15.797129 -4.946662 -13.175518 20.756382 -13.547251 -15.084480 -16.558350
5 -5.104904 -4.451378 0.775993 -8.798498 42.178699 -9.216260 -5.734507 -9.649145
1 53.442431 -20.701722 26.299143 -17.681989 13.071406 -18.193345 -16.334407 -19.901516
3 -1.966542 -0.089398 3.016007 0.000000 -0.495792 0.000000 -0.464275 0.000000
5 21.126468 -8.148205 -1.404246 -10.952484 33.004110 -11.040945 -10.009038 -12.575660
5 8.904560 6.220260 9.085530 -17.713226 29.026882 -18.539168 -19.857464 2.872625
1 33.581556 -20.025588 8.134443 -13.971262 32.563693 -15.198763 -18.498206 -6.585870
5 7.873676 -10.548946 25.335144 -12.618340 35.420975 -12.493865 -14.683936 -18.284707
1 92.186908 -36.822864 29.901484 -28.002865 25.619547 -28.197130 -28.075353 -26.609722
1 0.000000 0.000000 0.000000 0.000000 0.000000 0.000000 0.000000 0.000000
1 20.730732 -4.426485 -2.659670 -2.681312 -4.044081 -2.434659 -2.342575 -2.141949
5 6.298654 -6.424544 5.707735 -3.748554 11.723094 -3.998010 -5.633487 -3.924888
1 20.295441 12.290355 13.135124 -11.896254 4.480163 -12.429331 -10.637446 -15.238051
1 32.479730 -19.145999 4.230487 -9.388035 27.521732 -9.754537 -15.435617 -10.507759
1 52.377203 -4.426560 -3.943350 -8.669186 -18.757580 -8.539040 -9.602978 1.561493
3 12.413299 -0.272388 44.760933 -19.090326 18.937943 -18.958647 -24.504765 -13.286046
3 9.213227 -10.273869 45.170362 -12.589867 12.907828 -13.727904 -17.369954 -13.329823
5 54.472401 -37.498443 25.693987 -21.729080 57.281860 -21.270515 -29.765557 -27.184651
2 -7.191477 5.182839 4.046617 0.000000 -1.973998 -0.063980 0.000000 0.000000
3 -21.401388 -15.377720 37.047376 -9.302120 33.846810 -9.034883 -4.344422 -11.433653
3 5.783466 -25.796952 68.545861 -29.549941 53.049403 -30.617486 -43.536169 2.121820
5 38.326650 -47.311415 69.929012 -40.551396 97.876519 -40.171709 -40.199417 -37.898242
5 7.655766 -8.249910 4.737089 -9.829947 36.364185 -9.831085 -9.277935 -11.568162
3 -9.799542 0.000000 16.328465 -0.264385 -5.909731 -0.147541 0.000000 -0.207264
1 25.615523 -10.303102 -2.593447 -8.024448 21.577717 -8.261118 -10.203195 -7.807931
5 14.483964 -13.311746 2.456534 -5.639482 24.805787 -5.756526 -9.854828 -7.183703
3 -3.805068 14.257298 28.338057 -9.852762 6.184635 -10.156898 -10.901900 -14.063359
3 -0.000000 -0.762681 9.628758 -1.253826 -4.193190 -1.582810 -0.857459 -0.978792
3 7.917841 -6.163467 30.692128 -7.566713 5.748030 -8.082482 -8.955637 -13.589698
1 48.099473 22.912438 17.275740 -19.468030 -17.206166 -19.935383 -14.046113 -17.631955
5 20.116315 -27.122102 33.284098 -19.543697 57.468828 -18.542238 -17.051003 -28.610200
3 -1.806311 -4.259968 13.712018 -1.593642 -7.555600 -1.667443 4.572631 -1.401686
5 -14.832494 -18.048096 37.611461 -9.156600 41.865644 -9.815119 -14.943385 -12.681411
1 42.207210 -7.528052 -20.058240 -9.565273 22.140807 -9.284015 -7.269498 -10.642939
1 82.246259 15.149961 -5.401990 -15.720889 -41.975119 -16.139574 6.156719 -24.315366
5 41.167624 -43.754800 30.764795 -29.507490 91.213305 -29.449303 -39.268312 -21.165819
1 39.061214 -6.758113 34.491970 -5.344685 -44.437164 -5.856778 -5.141062 -6.015378
5 22.099264 -17.206316 -4.327814 -12.368549 48.635985 -12.126111 -8.995269 -15.711189
3 -22.943084 15.682483 21.986449 -3.685599 0.105146 -3.749212 -3.694206 -3.701975
5 -3.861470 -16.901142 22.939979 -9.981670 25.844589 -9.688392 -7.722822 -0.629070
5 -0.248276 5.501456 23.094058 -17.222057 35.177245 -17.137181 -10.813044 -18.352198
5 -0.431740 -0.608624 32.226425 -15.475529 34.065522 -14.940247 -19.245573 -15.590231
5 8.371545 -8.676958 -3.718935 -3.180922 19.882513 -3.402083 -5.428993 -3.846166
3 -0.000000 -0.762681 9.628758 -1.253826 -4.193190 -1.582810 -0.857459 -0.978792
1 76.820747 -3.428812 33.544091 -31.525311 16.363574 -32.288581 -22.020438 -37.465265
1 56.795742 -22.175820 14.503349 -17.560185 18.296774 -16.483242 -12.070248 -21.306369
1 69.142671 -9.563678 -8.133812 -12.898075 -2.216293 -12.949612 -8.220493 -15.160707
5 -2.914817 -7.047754 -12.793915 -10.895060 65.014925 -10.887803 -11.691646 -8.783931
5 -5.731085 -16.885392 11.796417 -8.782185 52.463673 -8.817958 -14.965952 -9.077519
5 3.280842 -12.933129 14.668384 -9.062521 33.186566 -8.627545 -11.300258 -9.212338
1 32.285831 -3.493495 -5.608627 -6.693962 3.923865 -6.318375 -3.220076 -10.875161
3 -0.850507 10.802654 31.304385 -15.670056 26.995474 -16.189307 -15.556597 -20.836043
5 -0.420017 -27.574658 0.263770 -21.522696 87.199804 -22.041445 -9.152809 -6.751949
5 16.164078 -14.444458 20.449399 -13.495093 25.497985 -13.716181 -12.718942 -7.736790
3 3.451358 -8.181229 15.744425 -4.394871 5.056408 -4.354242 -0.753427 -6.568422
5 -1.224510 7.549203 -6.331942 -3.831671 18.004692 -3.895627 -4.179706 -6.090439
5 7.644207 1.505225 16.714270 -21.699466 58.046245 -22.106262 -17.684450 -22.419767
1 17.548660 16.570431 -2.870433 -9.325080 11.166659 -9.441758 -13.363631 -10.284846
3 -11.856237 -4.329875 17.001423 -2.146925 10.321264 -1.975491 -5.019949 -1.994210
1 34.164151 -0.786494 -4.593563 -4.472036 -16.134780 -4.338627 0.761065 -4.599716
1 30.534962 2.116538 16.306476 -14.981390 7.278520 -15.840534 -7.139213 -18.275359
1 32.666155 -20.966447 28.263301 -13.025799 19.218051 -13.568343 -18.440145 -14.146772
1 14.753539 6.300194 7.360580 -9.969934 9.682109 -10.669609 -6.280287 -11.176589
3 33.493842 -19.917519 54.183725 -20.186898 17.562396 -21.354219 -20.830806 -22.950520
5 -10.355769 -2.956013 5.010158 -2.869175 16.389509 -2.907281 0.715806 -3.027233
5 -5.488801 11.608694 13.157279 -8.432552 15.193466 -8.301112 -8.958886 -8.778085
1 29.983577 12.249078 20.929442 -16.259438 -13.577945 -17.610371 -19.423430 3.709093
5 4.747205 -10.303102 6.195291 -7.202892 31.447126 -7.438394 -10.283203 -7.162030
3 31.028032 -21.336223 38.338995 -14.020946 20.124033 -15.219721 -20.018412 -18.895757
1 9.099502 4.867733 -7.353468 -1.481216 -3.067428 -1.555943 2.148012 -2.657193
5 59.301971 -31.452765 23.932633 -36.352194 90.374325 -37.670661 -28.631373 -39.501933
5 9.965488 -12.351596 -15.462475 -9.183034 58.806064 -9.000481 -12.605595 -10.168371
3 -6.153151 -13.902032 40.691470 -3.763281 -3.208472 -3.417204 -7.002220 -3.245111
1 93.935745 -24.347510 57.877612 -23.037885 -37.704402 -23.146779 -14.759888 -28.816890
3 -13.002059 3.445307 12.961273 -5.429293 4.182689 -6.039677 -1.794274 5.676035
1 73.995877 -1.544058 2.062724 -22.467573 18.434592 -23.150249 -23.203500 -24.127813
1 74.987383 -28.052742 8.198258 -18.499072 24.703550 -18.384894 -20.737501 -22.214981
1 9.099502 4.867733 -7.353468 -1.481216 -3.067428 -1.555943 2.148012 -2.657193
3 -8.251283 -7.440727 52.931814 -13.101634 25.776873 -13.253992 -18.463178 -18.197871
1 54.682318 0.654003 -21.466651 -10.392638 4.052836 -10.772379 -2.402465 -14.355024
1 27.076658 -14.516496 -0.473481 -8.482261 22.846793 -8.557334 -9.615390 -8.278488
5 -16.785263 -8.838022 9.432956 -5.530063 38.131503 -5.258769 -2.283779 -8.868563
1 17.973996 -3.888627 6.988285 -6.309453 3.209755 -5.966092 -5.214512 -6.793352
3 41.174272 -32.579343 102.186817 -34.929722 36.254319 -34.345534 -38.709324 -39.051480
5 90.907677 -49.163405 8.157137 -40.443348 132.888430 -40.916415 -48.109317 -53.320758
1 53.133519 -18.416178 12.128846 -14.708562 13.206409 -14.212207 -16.544555 -14.587272
5 50.465603 -15.511390 47.819377 -35.821140 53.037300 -36.397690 -23.823474 -39.768584
3 1.792005 -12.241953 23.816147 -6.355538 17.143870 -6.770161 -10.675925 -6.708445
1 26.831010 -7.668158 2.661930 -9.797366 17.941087 -9.819129 -9.579162 -10.570212
1 37.256161 -1.332654 -32.863377 -12.368044 33.230957 -12.452797 -2.460529 -9.009718
1 35.524541 -15.484300 24.878426 -12.118357 -2.813671 -12.880345 -14.487398 -2.618894
1 36.681026 -12.908493 35.856142 -11.653351 -28.235222 -12.506441 -16.944367 9.710708
5 5.908483 2.593744 14.657106 -14.349367 39.502716 -14.910883 -15.497560 -17.904237
5 12.376976 -7.969300 -10.045102 -5.402745 29.252316 -5.293413 -7.074935 -5.843797
5 2.344484 3.606099 -36.957217 -12.363312 82.410152 -12.364292 -10.264152 -16.411763
1 0.000000 0.000000 0.000000 0.000000 0.000000 0.000000 0.000000 0.000000
3 16.525125 -18.113099 33.847910 -11.854528 14.493494 -11.208128 -9.377936 -14.312837
1 0.000000 0.000000 0.000000 0.000000 0.000000 0.000000 0.000000 0.000000
5 -1.327554 -2.065124 32.233148 -16.871928 46.821218 -16.744309 -21.854763 -20.190687
1 29.468238 -3.755182 -3.795047 -10.310413 23.691595 -10.276493 -10.409298 -14.613400
3 8.205104 6.368599 24.920157 -12.287547 13.302627 -12.321896 -15.683171 -12.503872
3 22.472880 -17.961365 27.302438 -9.257208 11.963822 -9.035702 -11.137315 -14.347548
3 33.552655 -31.166814 58.533980 -21.653999 35.719007 -22.050529 -30.216813 -22.717484
3 -3.091608 -1.392504 12.351724 -2.147217 2.007150 -2.101815 -3.148945 -2.476784
5 3.208151 -2.182757 28.493175 -16.513423 38.356462 -16.467437 -16.512290 -18.381879
1 26.876186 -6.104262 -5.974149 -5.137356 6.847380 -4.892030 -6.606997 -5.008773
5 12.932316 -3.597316 -4.439012 -8.334437 24.102563 -8.224012 -0.043940 -12.396162
1 16.361941 -5.863400 -3.275101 -4.081043 13.509820 -4.057319 -5.519730 -7.075168
