1 34.382118 -5.570381 -11.500746 -6.488110 1.607314 -5.803286 -6.626908
3 23.408165 -20.198316 52.714191 -20.332553 8.928865 -27.608979 -16.911372
3 7.422078 -0.857554 9.417843 -4.649747 -15.667361 -3.855464 8.190205
1 35.110251 -7.943339 9.242110 -5.076079 0.411256 -14.975060 -16.769140
1 24.179193 -17.803287 17.470566 -13.620397 18.323376 -23.362861 -5.186589
5 11.655548 -5.838125 12.658931 -5.802899 14.815609 -14.128820 -13.360245
3 -1.289228 -13.065193 33.018991 -5.253972 2.858583 -13.093505 -3.175677
3 6.347181 2.414530 31.357952 -6.032783 -24.965760 -4.430992 -4.690129
3 -3.513500 -12.400381 47.368810 -15.793367 23.751146 -16.645855 -22.766854
3 -7.880225 -2.759779 31.770057 -1.348010 -13.235885 -10.672980 4.126821
3 20.484521 -5.824174 25.508517 -7.968580 18.442880 -26.685100 -23.958064
5 5.741369 -11.594272 18.468987 -21.041999 28.537710 -19.338544 -0.773247
5 29.939381 -15.823916 -0.842920 -13.744501 33.297602 -15.141937 -17.683708
3 2.638822 -6.136583 36.557073 -12.166839 -20.607404 -10.162765 9.877697
3 -9.849847 -13.779688 27.723431 -8.202354 5.076703 -8.733967 7.765722
3 -4.439543 -3.131107 7.220133 2.823452 5.586392 -6.885652 -1.173676
1 66.202711 -15.881799 47.865214 -25.780028 -55.059529 -25.729504 8.382935
1 53.614713 -6.095348 19.774182 -16.163254 -30.544913 -14.803897 -5.781484
5 7.028813 -20.205615 13.596048 -22.137767 45.428649 -20.017413 -3.692715
3 36.739623 -8.247410 38.268286 -17.457386 -27.418278 -15.224319 -6.660519
5 -17.060633 -3.717728 -13.008359 -15.792717 45.184152 -14.702788 19.098069
5 5.858902 -6.172419 -6.295418 -17.048672 46.305573 -15.488578 -7.159386
1 4.926103 0.729004 4.666619 -3.280169 -0.583003 -2.215496 -4.243059
1 37.463319 -6.448694 0.650319 -4.755983 -17.264614 -4.676261 -4.968086
5 -9.398714 -13.998755 15.454956 -11.293623 38.321083 -10.797644 -8.287305
5 0.465585 -24.461476 3.671504 -14.744302 49.937659 -22.313347 7.444377
1 33.268565 -11.028904 24.270064 -16.897044 -15.144617 -13.346016 -1.122048
5 -4.521776 -3.947206 14.141731 -4.232990 14.689952 -4.847899 -11.281812
1 14.599220 -4.652245 -10.654089 -3.060227 1.282992 -2.088167 4.572515
1 22.464787 -1.001302 -5.626431 -3.696719 -0.469550 -4.751663 -6.919122
1 25.763030 -7.936324 -13.038175 -10.873060 18.553990 -11.652943 -0.816518
3 -14.731600 -4.222312 24.839188 -3.020014 7.201482 -3.810105 -6.256639
5 -11.516474 -3.054243 -4.246624 -1.875911 18.213223 -1.289642 3.769670
1 34.788241 -12.011183 -4.805195 -14.587144 24.675882 -13.088345 -14.972255
1 69.792193 -29.232273 60.435402 -39.838615 6.405610 -37.617919 -29.944398
3 -23.238358 -2.123993 30.925983 -14.829244 11.120543 -12.267906 10.412975
1 18.531191 3.213426 7.882686 -0.935540 -23.375304 -2.279602 -3.036858
5 6.349837 -10.535052 -2.880854 -19.052223 38.314798 -15.003844 2.807338
5 -3.005723 -4.020181 6.212213 -4.140546 16.961034 -3.943118 -8.063678
1 28.369449 -2.090125 -3.505544 -8.929079 8.478819 -7.623872 -14.699648
5 30.752846 -21.972074 17.705118 -15.280193 32.099562 -22.834303 -20.470958
1 23.152357 -7.058355 14.603763 -6.219695 -5.688087 -6.166412 -12.623571
3 -24.614975 -14.075815 50.808327 -11.918216 48.330312 -19.911443 -28.618189
5 -4.027284 -11.464326 -5.550477 0.673695 46.464440 -16.747351 -9.348696
1 48.547922 -9.116458 12.861276 -11.264401 -27.524869 -11.374996 -2.128471
1 21.706473 -4.862945 -0.773448 -2.956252 8.391485 -11.048487 -10.456827
3 12.375919 -5.253979 17.224254 3.273773 -8.600387 -16.469552 -2.550029
5 -12.060293 -7.231395 6.080710 -11.585418 59.406564 -11.033795 -23.576373
1 12.363699 -4.419224 8.386336 -4.653848 0.681395 -4.405991 -7.952367
1 63.710395 -9.066195 31.441111 -32.602615 6.133252 -28.387726 -31.228225
5 -10.857926 -12.486850 -8.598811 -5.166197 44.682948 -14.568183 6.995018
1 46.284745 -11.499575 7.441286 -17.392068 4.202051 -16.190745 -12.845698
5 -4.319631 -15.630904 -27.229851 -15.332923 57.787512 -15.159550 19.885343
3 -9.339885 -4.803223 13.850309 -3.384806 2.550508 -2.839642 3.966738
5 7.818393 -7.873596 5.856418 -14.307758 13.570968 -13.905861 8.841436
5 -17.966268 -9.801755 20.149725 -5.435996 21.679962 -13.518355 4.892688
3 4.912422 -5.619040 12.075035 2.374329 7.873377 -8.291368 -13.324756
3 24.472710 -11.867748 33.824319 -9.744337 3.233737 -18.860933 -21.057749
1 23.073865 -10.052715 0.518733 -10.655687 21.251967 -10.030670 -14.105490
3 3.278200 -0.200160 13.328289 -3.540019 -1.783102 -2.215496 -8.867712
3 12.789440 -1.834137 20.890945 -3.779273 6.472794 -15.301159 -19.238611
3 11.030964 -12.639537 38.212475 -18.630452 15.135465 -18.271514 -14.837399
3 -27.077582 -13.716360 43.011920 -0.796632 30.964929 -18.057849 -14.328425
3 10.742282 -11.468612 22.904712 -11.795793 14.260814 -20.388496 -4.254907
5 18.621452 -10.187582 13.504107 -16.494812 22.739700 -13.485019 -14.697847
3 -19.611835 -15.892636 37.710720 -17.653234 29.580577 -23.567030 9.433438
5 1.569447 -13.663790 -3.443015 -3.001424 33.028177 -14.211496 -0.277899
5 -5.695641 -2.104915 2.476103 -2.082351 15.833860 -2.437590 -5.989465
1 19.809405 -13.052404 3.277871 -7.856979 10.194411 -16.405269 4.032963
3 3.902508 -2.163478 15.894742 -5.228030 0.294154 -4.903570 -7.796328
3 -26.875049 -16.951406 45.604486 -14.511879 36.594189 -20.493767 -3.366577
5 -32.528552 -9.851831 23.371933 -14.648169 63.186422 -19.361105 -10.168700
3 2.326235 -5.310185 18.790619 -8.705125 11.769087 -8.296950 -10.573680
3 27.533404 -3.259581 36.860834 -10.425834 -19.258307 -12.294507 -19.156010
3 -26.407157 -8.621478 31.774062 -1.726034 16.071780 -10.423036 -0.668138
1 28.616560 -3.096794 -14.877337 -11.495725 11.662388 -12.017084 1.207990
3 23.838473 -20.103556 92.532209 -30.269943 6.054246 -31.052414 -40.999021
5 20.006473 -16.523327 22.049221 -31.155699 67.565417 -28.299027 -33.643061
5 -31.952904 -14.065976 30.407056 -9.065472 40.962505 -17.138619 0.853409
3 13.593034 -14.504711 24.058376 -16.674828 23.072847 -15.609963 -13.934755
1 68.693903 -16.880708 33.947008 -15.214509 -21.510387 -25.497885 -23.537425
1 34.222879 -13.822897 23.930383 -12.525123 -13.725516 -19.967151 1.887426
1 14.351247 12.434128 -0.266861 -5.796659 -3.854570 -5.705105 -11.162181
1 14.244881 1.424370 1.774029 -5.741739 -0.466267 -5.705105 -5.530171
5 18.841577 -13.572684 5.190140 -19.437284 38.499874 -19.387564 -10.134062
5 11.263302 -7.961035 18.170476 -11.377268 24.789087 -12.100942 -22.783622
5 -1.890565 -7.919566 17.778482 -14.637575 42.504040 -13.867526 -21.967292
3 15.495919 -8.394464 22.175727 -10.747390 -6.763581 -8.488717 -3.277497
3 10.278220 -13.614288 54.617296 -19.232489 -3.231282 -26.714589 -2.102866
1 0.000000 0.000000 0.000000 0.000000 0.000000 0.000000 0.000000
5 -6.344897 -1.219834 1.652420 4.058602 10.973648 -5.533607 -3.586332
5 -11.886276 -11.362818 15.667212 -9.643831 21.688006 -8.539387 4.077093
3 23.297823 -18.130532 76.882178 -19.419693 -25.561091 -27.030528 -10.038159
1 78.947157 -16.971735 65.264013 -26.417332 -59.981670 -22.863407 -17.977028
3 -8.420571 -4.886858 18.254121 -8.376033 12.916980 -7.798582 -1.689056
1 50.485890 -12.158227 -34.596723 -11.264655 22.100490 -13.140511 -1.426263
3 -4.130977 -19.221818 68.051197 -21.791404 14.753151 -25.347599 -12.312551
5 -3.849322 -1.678647 -8.763762 -1.778795 20.354528 -1.835726 -2.448276
3 -4.798848 -2.956798 24.490768 -6.303664 19.357627 -13.541008 -16.248080
3 -11.069990 -10.268931 43.294922 -12.853248 14.518042 -11.093226 -12.527572
3 -13.556164 -16.774562 63.914230 -11.734842 9.129109 -29.716620 -1.261150
5 5.360808 -15.946772 25.863855 -13.903103 53.329940 -21.890660 -32.814068
5 1.410005 -9.261678 2.779427 -2.781057 30.609491 -12.629662 -10.126526
1 0.000000 0.000000 0.000000 0.000000 0.000000 0.000000 0.000000
1 22.913262 -3.514111 3.591168 -3.332429 -12.510984 -3.163337 -3.983569
5 -3.319564 -11.224036 0.601598 -10.670305 45.788140 -9.638751 -11.537081
5 -8.335767 -9.533415 6.117957 -10.964036 39.585885 -10.539876 -6.330747
5 -6.609299 -8.755118 2.404276 -1.474040 57.135902 -20.265727 -22.435994
3 21.851812 -4.481857 31.924631 -12.205469 -14.087594 -11.852901 -11.148623
5 23.803424 -6.829792 3.022515 -10.044658 27.310598 -11.145136 -26.116951
1 48.063956 -9.386678 5.844072 -1.931858 -10.416419 -12.825647 -19.347429
1 88.245111 -5.438757 21.047232 -30.128501 -6.628655 -27.768057 -39.328377
5 3.836421 -14.435776 22.106504 -11.507152 35.672912 -11.239059 -24.433850
5 -6.935044 -7.945258 35.013437 -11.930083 38.540797 -19.488385 -27.255466
3 -12.897391 -5.959064 34.769048 -8.096545 11.007488 -7.904841 -10.918696
1 53.849125 -18.977311 -21.206138 -10.891506 28.826576 -20.887639 -10.713107
1 0.000000 0.000000 0.000000 0.000000 0.000000 0.000000 0.000000
5 6.253450 -30.137172 45.345144 -26.090718 56.440840 -27.146508 -24.665039
5 -4.252978 -8.696454 17.572244 -9.075462 70.565681 -28.056599 -38.056433
3 44.538296 -37.716337 83.483171 -38.095058 -16.762156 -38.619617 3.171701
5 13.398303 -7.827352 -11.189068 -11.686093 46.337258 -11.939288 -17.093760
3 -43.454694 -18.344952 53.736313 -13.586252 51.600129 -22.404938 -7.545609
5 24.320289 -14.675345 -14.574933 -13.333311 27.449231 -12.746044 3.560113
5 -2.182582 -4.606645 3.769886 -5.928311 18.632212 -6.563789 -3.120772
1 70.559181 -14.827265 3.902319 -28.855538 29.316089 -27.133175 -32.961615
1 35.263962 -11.802468 21.116563 -13.411663 6.508066 -13.858515 -23.815948
5 -12.455290 -6.348540 4.850494 -5.557800 22.735545 -5.038349 1.813940
1 37.510841 -16.562415 15.290593 -11.127942 21.237980 -20.708089 -25.640967
1 14.425441 2.856050 -1.339453 -1.551363 -10.959176 -2.398392 -1.033109
3 23.227822 -9.208898 37.036703 -5.137947 -42.092654 -5.981143 2.156117
3 41.899711 -29.442042 63.826818 -31.125235 6.861450 -29.540633 -22.480072
3 9.492502 0.416382 17.546115 -3.402552 -22.918179 -4.225793 3.091523
1 64.947348 -2.703193 26.631319 -6.546511 -75.312799 -9.501954 2.485790
3 33.152960 -16.421507 80.793101 -24.486337 -32.245620 -32.240690 -8.551911
1 17.008838 -4.866612 12.407498 -6.372794 -9.399442 -6.970151 -1.807336
1 27.017068 -4.517947 -19.399180 -3.445619 7.819940 -13.991637 6.517374
3 7.076629 -13.153016 62.425624 -12.415046 2.741463 -20.102152 -26.573507
3 -5.626333 -4.274694 18.602367 -1.556941 2.624678 -10.771387 1.002310
5 -3.360784 -13.057275 14.478876 -5.993781 23.109723 -12.258247 -2.918513
5 -13.009968 -3.991686 -6.085860 -2.421012 20.700260 -1.993309 6.801574
1 63.323252 -15.449872 36.530426 -20.482962 -31.731610 -19.584657 -12.604577
5 5.887304 -5.456006 10.835986 -15.369262 14.167879 -24.026331 13.960429
3 -6.329232 -6.736199 22.921849 -8.612836 9.619923 -7.743212 -3.120295
1 53.590380 -16.916848 29.112489 -20.321935 12.513472 -30.727259 -27.250303
3 -9.580472 -9.147951 42.020252 -9.095476 4.104523 -9.098235 -9.202643
3 15.725828 -7.617535 23.285878 -8.228237 -23.513329 -8.241979 8.589375
5 -9.432390 -8.772125 -10.263375 -6.741372 37.108730 -7.130693 5.231226
1 29.372897 -0.506644 21.577429 -14.779099 2.029258 -12.824171 -24.869672
5 4.766594 -13.149576 36.699619 -24.334960 52.669079 -26.378516 -30.272242
1 25.987539 3.162865 -11.015447 -2.091182 -6.145201 -3.791816 -6.106759
5 35.037162 -18.259829 -4.830237 -20.638674 35.115084 -17.058090 -9.365418
5 40.148641 -9.133096 20.441093 -30.951673 52.086321 -27.620145 -44.971146
5 6.481404 -13.219128 -14.650059 8.230364 30.983802 -14.571928 -3.254457
3 11.418725 -0.554226 13.414452 -3.801560 -10.239727 -2.957749 -7.279917
3 -19.611140 -10.717270 33.465501 -12.753382 32.486593 -11.686330 -11.183973
7 -2.472036 -0.107303 0.000000 0.000000 -2.343376 0.000000 4.922715
5 28.449497 -16.202805 -19.269313 -18.906706 31.777250 -18.473214 12.625292
5 -2.921818 -0.937444 -1.839236 -0.545101 3.915362 -0.703667 3.031905
1 14.534871 4.496656 -8.983518 -0.414150 -8.096509 -1.537350 0.000000
1 24.484871 -4.810393 -10.838583 -3.253957 15.259755 -12.047426 -8.794268
5 -11.893081 -4.986338 5.212975 2.101639 21.388268 -8.223881 -3.599581
5 9.935276 -11.979665 4.399580 -5.623644 19.977546 -13.360654 -3.348439
3 28.519237 -15.571065 98.469666 -23.703789 -59.387689 -24.483300 -3.843062
5 -16.843447 -7.032259 -18.277922 -5.882567 47.431026 -6.312202 6.917370
5 -7.685789 -2.351023 -1.724445 -2.805752 23.527251 -2.437590 -6.522651
3 38.682223 -14.792387 69.368723 -23.782620 -23.633542 -22.683401 -23.159000
1 18.486784 -0.144451 0.367563 -3.809330 -5.355318 -2.215496 -7.329752
1 33.593442 -12.103793 12.655517 -12.264200 -15.594563 -12.821384 6.534981
3 12.752794 -5.225818 25.168161 -12.472143 3.102727 -10.988029 -12.337693
1 56.002068 -17.386730 35.587047 -18.726802 -5.506176 -27.546508 -22.422896
5 -7.514435 -4.192447 -4.365209 -2.247576 20.856027 -1.905278 -0.631081
3 -6.252066 -0.230502 11.146931 0.000000 -3.955068 0.000000 -0.709294
1 30.135028 -10.261459 2.813780 -10.070801 1.080149 -9.589908 -4.106788
3 -8.774508 -2.246228 16.390631 -2.196821 -3.584633 -2.302295 2.713854
3 -10.313409 -10.167031 37.111491 -3.308642 3.855150 -11.016432 -6.161129
3 40.455317 -5.496919 61.570150 -13.312800 -71.045185 -13.113264 0.942703
5 8.250083 -11.240025 8.191725 -8.067837 34.160999 -15.413646 -15.881302
3 -20.865139 -10.460209 37.968564 -16.134196 37.205975 -13.019718 -14.695279
5 16.440580 -8.000498 -22.946396 -6.973765 22.389449 -7.377397 6.468026
5 6.970140 -8.915583 -0.686559 -14.676349 34.528354 -12.707030 -4.512975
5 -17.097937 -17.521420 30.163797 -19.271559 42.072878 -17.112195 -1.233565
5 -1.496624 -3.581030 -2.638281 -8.445200 45.449953 -15.841341 -13.447480
1 22.914819 -4.622382 8.192587 -5.554754 -6.556486 -6.144112 -8.229670
3 16.597086 -8.218919 50.869932 -21.250169 -0.541169 -20.654369 -16.802397
1 34.176385 -12.274065 2.248641 -17.162590 22.145060 -15.665774 -13.467658
5 5.860546 -10.483233 2.337686 -6.502463 31.009280 -15.560821 -6.660996
5 15.464557 -12.943737 19.809105 -14.207332 36.413665 -31.901512 -12.634752
1 115.685245 -11.884951 -12.211758 -20.466201 -44.440857 -20.796479 -5.885000
5 -6.966580 -4.006246 4.663148 6.981597 20.171405 -11.928257 -8.915068
5 0.142767 -13.199992 -9.656912 -14.452830 47.610794 -13.938145 3.494317
3 4.093384 -5.889698 13.400320 -0.776946 11.268865 -10.174154 -11.921770
5 9.396060 -11.167841 5.868865 -11.147588 11.272533 -9.519943 5.297914
5 -16.293138 -11.800167 -9.212310 -11.561541 46.983432 -8.221753 10.105475
5 13.176187 -10.511021 12.858345 -11.348006 33.577996 -17.629142 -20.124361
3 4.155966 -6.012936 14.228436 -8.704292 12.957225 -7.590310 -9.034089
5 17.847508 -11.532836 -13.575634 -11.076662 43.818559 -9.232882 -16.248054
5 5.239431 -9.307049 -5.363661 -2.839807 31.575430 -10.510077 -8.794268
1 23.581629 1.605338 -5.785180 -4.923139 4.920225 -6.979218 -12.419655
3 -14.681194 -2.313889 19.595488 -0.823193 4.487671 -1.507810 -4.757073
3 -5.245680 -4.951760 34.167007 -2.414218 4.576784 -11.179430 -14.952705
5 -21.022586 -12.464153 9.881825 -11.758794 42.426479 -11.942738 4.879965
3 -1.831630 -11.920020 24.690759 -11.948368 20.537534 -10.097279 -9.430996
3 13.379635 -10.193827 45.037682 -10.829548 -32.675079 -10.811185 6.092322
3 -4.873418 -21.679625 70.528424 -18.211297 17.069436 -26.729776 -16.103746
1 8.868996 -0.134775 -4.731825 -3.006670 6.375474 -4.193276 -3.177923
1 0.000000 0.000000 0.000000 0.000000 0.000000 0.000000 0.000000
5 -3.028523 -15.212268 22.899419 -16.689702 50.752993 -14.572318 -24.149603
1 35.181720 -4.335563 5.426703 -5.810812 -3.726130 -16.169579 -10.566340
5 11.980429 -9.996281 -14.869467 -9.876111 31.276467 -9.788101 1.273063
1 49.440649 -0.133248 13.828268 -10.667507 -32.920656 -11.064331 -8.483178
3 -31.113805 -16.144884 77.010341 1.083498 24.839882 -35.285991 -20.389042
5 -5.595114 -3.750569 -3.538115 -4.140546 28.321846 -3.943118 -7.354383
3 24.448116 -25.255306 46.680945 -30.190603 18.254592 -30.792310 -3.145439
3 7.441977 -26.667569 49.670263 -23.690013 24.555197 -24.875194 -6.434666
3 6.527596 -9.345488 28.312896 -13.728480 -8.406346 -11.840211 8.480034
3 27.694963 -8.953067 53.205596 -23.307346 16.413219 -29.462205 -35.591164
5 13.737207 -9.790169 1.907740 -17.146206 46.060879 -13.119165 -21.650287
2 8.162097 10.139478 -11.146397 -0.394610 -3.599083 -0.507697 -2.653787
5 5.048582 -17.345514 43.876342 -25.114570 53.585778 -25.582334 -34.468285
5 -17.216485 -12.332491 14.959190 -13.635145 39.028160 -11.927866 1.124637
3 -26.250808 -6.913110 28.495750 0.413947 16.871718 -8.373250 -4.244248
5 0.247426 -3.367241 -13.604518 -4.030165 27.709838 -3.381170 -3.574170
1 29.372897 -0.506644 21.577429 -14.779099 2.029258 -12.824171 -24.869672
5 43.841296 -19.696471 -20.150283 -25.680822 80.835153 -25.423036 -33.725839
3 -10.549787 -3.750226 18.100922 -3.153974 -4.774520 -1.748170 5.875755
1 8.724401 -1.803971 -4.475456 -1.235150 0.761524 -1.262054 -0.709294
5 -17.381070 -7.194124 18.812060 -2.009760 20.390390 -8.373250 -4.244248
5 2.298944 -14.175571 6.344900 -14.870295 33.176600 -13.189920 0.415343
5 -17.155275 -11.747249 35.564509 -15.914369 56.771396 -16.225510 -31.293504
3 7.936756 -1.203972 18.222006 -8.508199 2.002566 -7.119066 -11.330092
1 0.000000 0.000000 0.000000 0.000000 0.000000 0.000000 0.000000
1 0.000000 0.000000 0.000000 0.000000 0.000000 0.000000 0.000000
3 3.788008 -9.535697 24.000843 -3.749219 -2.075937 -11.687769 -0.740230
3 -4.175381 -5.782846 12.590907 -6.823490 9.763931 -6.596758 1.023637
5 8.874464 -15.403811 5.125098 -11.638503 29.720129 -10.184136 -6.493244
5 -3.663504 -9.276357 15.443351 -3.342974 29.939857 -12.861938 -16.238436
5 14.953603 -14.527836 9.440590 -15.669124 26.350497 -14.305246 -6.242484
3 31.304755 -14.729532 43.733407 -18.884522 15.778926 -26.531218 -30.671819
5 19.837656 -11.286727 -9.375086 -10.353262 36.125168 -9.232882 -15.714868
5 -13.855725 -2.409445 10.890872 -2.083957 15.885310 -2.437590 -5.989465
5 -10.466504 -4.688013 -7.118965 -4.685647 35.928394 -4.646785 -4.322479
5 4.978331 -3.908886 -0.257738 -3.317502 12.904198 -3.699644 -6.698760
5 5.254409 -16.248834 -4.216550 -15.326411 23.866642 -14.913731 21.584475
5 4.307365 -8.228655 -23.632355 -7.075144 35.438859 -7.456987 6.646917
1 5.602012 0.213284 2.797804 -4.003569 3.091504 -2.215496 -5.485539
3 -13.653845 -5.767304 19.642272 -3.646260 6.213401 -2.839642 0.051379
3 8.804498 -4.803396 25.011399 -11.001161 5.124825 -10.510807 -12.625361
1 39.161892 -25.884334 28.960713 -25.183202 36.218029 -33.194331 -20.078769
3 -8.600215 -3.750226 19.842537 -3.153974 -8.465707 -1.748170 5.875755
5 0.852559 -11.031030 16.563715 -13.758184 31.252644 -14.089008 -9.790698
5 11.327294 -11.749573 2.878300 -12.489955 27.473242 -9.104197 -8.335112
5 -10.367124 -9.682689 -18.307444 -6.348856 37.578047 -6.498637 13.626700
1 51.604252 -3.594644 -19.232383 -17.370700 47.204341 -25.532655 -33.078212
1 28.843378 -10.177071 -6.474132 -7.507958 3.167038 -6.523342 -1.327912
5 -5.835974 -4.218339 2.635699 -3.849474 20.769847 -4.004259 -5.497499
3 12.209451 -6.064134 15.120689 -7.617070 2.433500 -8.171801 -7.910636
5 -5.839465 -9.533415 -2.000415 -10.964036 45.207956 -10.539876 -6.330747
5 2.767395 -9.414352 -5.363661 -2.839807 29.232054 -10.510077 -3.871553
1 23.803221 1.356065 3.810333 -6.166606 -5.784116 -6.318366 -10.700531
3 1.188437 -8.415591 25.424300 -2.380159 -3.884037 -8.531728 -3.401223
5 -19.282281 -17.554336 26.350108 -15.509046 53.392420 -15.160879 -12.235986
3 30.272482 -22.685283 37.856175 -25.031118 31.333352 -23.590842 -28.154767
5 11.624789 -14.827181 -1.218274 -12.531557 19.175245 -12.090352 9.867328
1 20.751752 -3.473864 20.249351 -5.103281 -27.728898 -5.402337 0.707277
3 26.820851 -13.970714 27.982221 -15.488672 7.604443 -15.617082 -17.331046
3 -2.332559 -11.845636 51.198469 -16.172785 13.869666 -15.123579 -19.593576
1 35.531594 -1.565997 -18.555440 -3.936867 3.281781 -4.858348 -9.896724
5 16.476696 -11.396102 19.066773 -17.583130 30.611272 -14.648018 -22.527493
5 -0.080674 0.729004 3.123760 -3.280169 5.966634 -2.215496 -4.243059
5 -19.949591 -7.107857 -15.320529 -6.057425 57.808987 -5.350029 -4.023555
1 28.755487 6.028329 0.908884 -6.155889 -11.841471 -7.242455 -10.452886
5 -1.186119 -12.188070 7.103307 -11.013043 26.286562 -11.388634 2.385997
1 20.451245 -8.378537 9.323420 -8.303679 0.238839 -8.023239 -5.308049
3 6.333625 -9.471633 90.033794 -13.701348 -17.533692 -26.836316 -28.824433
1 38.618191 -6.542305 -14.395785 -8.615404 22.690342 -19.565190 -12.189849
5 -7.128336 -9.278248 19.205814 -11.759234 22.243261 -10.638224 -2.645032
3 4.429450 -9.531847 18.510723 -5.688004 14.333771 -14.459283 -7.594813
3 13.387581 -14.639990 29.588710 -19.684611 9.084821 -14.019940 -3.716571
5 -2.921818 -0.937444 -1.839236 -0.545101 3.915362 -0.703667 3.031905
1 60.653394 -16.063510 -0.012339 -8.420661 -31.675916 -8.805276 4.324309
5 -9.328386 -13.834112 8.890133 -10.950932 27.560671 -10.633377 8.296002
3 19.143404 -18.664504 76.092920 -30.469783 16.861166 -28.183602 -34.779603
5 10.665540 -15.698237 -4.749332 -21.967128 60.781137 -20.907326 -8.124655
3 -12.581298 -6.966701 34.068780 -8.612836 5.664855 -7.743212 -3.829590
5 -3.071231 -1.495841 15.703763 -6.355775 21.347623 -12.411006 -13.717534
3 25.721982 -8.574373 31.619915 -12.423619 5.255358 -19.374085 -22.225183
5 -31.162700 -15.924814 36.701346 -8.296092 47.314856 -16.428774 -12.203822
3 19.760075 -15.552905 63.353148 -17.189945 0.016344 -22.896808 -27.489907
5 -28.511538 -17.763077 28.023618 -16.544200 53.595617 -13.722038 -5.078382
5 6.988533 -11.437182 7.212980 -13.947530 33.987973 -14.811886 -7.992889
3 46.607278 -7.533420 49.388064 -14.397038 -48.973745 -13.246799 -11.844343
5 -18.784320 -10.232439 -2.935413 -9.304147 55.710728 -8.618486 -5.835921
3 17.206572 -18.915272 29.044224 -22.846035 12.042378 -32.773343 16.241472
1 24.324051 -8.538682 11.681290 -9.547855 -0.908455 -6.930099 -10.080251
1 21.017431 -2.585920 -9.593503 -1.393140 -2.929662 -1.535195 -2.980012
1 33.131461 3.402059 -14.507829 -1.786652 -12.365401 -3.356172 -4.517467
5 -9.444637 -8.281516 18.405880 -10.785830 25.321114 -9.941918 -5.273093
3 -3.820043 -7.981207 17.463758 -5.580501 10.682773 -6.166274 -4.598506
5 1.708324 -4.102375 23.888288 -11.855614 34.881022 -21.756801 -22.762847
3 26.728816 -13.797644 37.196397 -10.552315 -23.473494 -20.929696 4.827937
3 -3.764654 2.616387 20.846425 -0.960856 -19.136910 -2.632297 3.031905
3 42.991308 -17.169666 65.786266 -32.621289 9.364573 -29.404584 -38.946611
5 -5.695641 -2.104915 2.476103 -2.082351 15.833860 -2.437590 -5.989465
5 -11.882352 -9.778554 13.638419 -9.012654 35.732187 -9.294761 -9.402286
1 41.507938 -10.550937 38.923907 -15.166402 -17.931461 -16.894990 -19.888056
5 -5.241046 -16.518490 38.071765 -14.930264 46.517347 -23.723559 -24.175753
5 15.798012 -23.632661 -3.262030 -24.847669 80.983465 -23.197896 -21.841217
1 18.531191 3.213426 7.882686 -0.935540 -23.375304 -2.279602 -3.036858
5 -7.975124 -2.104915 -2.366593 -2.082351 22.956039 -2.437590 -5.989465
1 41.052294 -2.530269 13.266591 -11.579318 -14.393855 -12.155548 -13.659896
3 17.939371 -13.620671 24.780997 -12.398527 7.907968 -11.062020 -13.547118
3 0.401486 -15.376831 39.288103 -20.642934 29.972501 -16.281296 -17.361033
3 34.092424 -4.689975 54.115867 -16.349298 -55.249284 -25.766545 13.846813
1 14.685714 -8.071429 13.879893 -7.670327 2.212677 -7.639034 -7.397495
1 58.087400 -7.133630 -12.534925 -10.548876 -5.542639 -10.095002 -12.232328
5 -1.787652 -11.184601 12.963514 -11.514673 28.033662 -8.921181 -7.589069
1 28.388240 -10.769910 8.409495 0.697715 15.433487 -18.827223 -23.331805
5 -14.934999 -8.553792 5.828348 -7.525352 35.356200 -6.782760 -3.387645
1 56.899169 -14.744177 -4.779191 -9.812994 4.034739 -17.821561 -13.775987
5 -23.047956 -10.555381 -9.492341 -10.251174 73.576722 -9.290771 -10.939097
1 46.650244 -6.718517 -1.028596 -12.429589 -26.227298 -14.094904 13.848659
3 -4.360694 -0.230502 9.255558 0.000000 -3.955068 0.000000 -0.709294
5 9.610002 -12.313472 24.662846 -21.301219 44.352162 -25.302491 -19.707827
1 39.252065 -22.440134 8.491079 -20.933320 19.616095 -18.720327 -5.265458
3 -8.569762 -7.663968 24.819867 -6.845854 2.538226 -4.740571 0.462062
3 12.581569 -6.257395 57.290370 -25.025432 -14.903023 -23.663277 -0.022816
5 -26.937889 -13.667003 17.643366 -10.803338 43.450891 -9.948254 0.262228
3 6.131056 -11.728636 56.714630 -9.020763 -10.435174 -18.509104 -13.152011
3 -18.327094 -22.447487 80.695543 -32.816865 65.075444 -36.215309 -35.964237
3 -13.423956 -3.980729 25.606075 -3.153974 -8.465707 -1.748170 5.166460
5 -24.843172 -10.913531 18.597245 -7.825933 31.745131 -6.927055 0.167314
3 61.047035 -19.690700 62.587283 -24.978125 -29.066637 -31.615923 -18.282937
3 11.426998 -5.495052 12.162481 -9.319304 10.456879 -8.023234 -11.208768
1 56.867323 -7.959410 35.850435 -13.472813 -22.991334 -20.740585 -27.553617
1 55.062521 -23.997474 33.321435 -27.421981 42.148876 -36.045134 -43.068244
5 37.723525 -22.644028 -14.576325 -17.741562 87.142784 -26.915076 -42.989317
1 34.828197 -0.047961 7.330096 -3.249852 -19.921975 -13.522137 -5.416367
3 0.453019 -10.973657 28.905607 -3.396801 -3.922870 -11.821052 0.755753
5 -6.736054 5.726019 2.725380 -5.605393 13.874523 -5.331265 -4.653212
3 -3.233981 0.119944 17.027261 -3.283379 -4.171292 -2.215496 -4.243059
3 -1.403129 -6.246389 22.273276 -12.197535 16.920773 -10.394352 -8.952646
1 28.836317 -3.011592 9.427629 -5.843059 9.301475 -15.639116 -23.071654
3 15.322554 2.406397 64.431608 -9.581899 -39.827474 -18.475767 -14.275422
5 15.555971 -2.010811 -32.986999 -7.207375 69.141874 -17.728136 -24.764520
1 19.382975 1.262061 4.105762 -5.741739 -2.141774 -5.705105 -11.162181
3 -9.409822 -13.056947 28.336657 -17.869027 25.915221 -15.783330 1.867250
1 43.589942 -22.497302 31.402479 -18.415367 12.644589 -30.870457 -15.853885
3 1.935926 -18.453473 93.677615 -28.938987 -20.808464 -21.300472 -6.112146
5 -14.787273 -11.056855 20.712446 -3.988140 32.189278 -13.058621 -10.010835
5 -25.181265 -22.954354 13.590142 -17.666830 67.049670 -24.203790 9.366427
3 -11.817256 -2.658009 35.710930 -8.724204 -10.413875 -6.790658 4.693071
3 -6.580691 -12.551930 67.899409 -13.272332 -16.317084 -12.938498 -6.238876
7 6.324977 -9.798144 -8.632767 -11.159058 9.264240 -9.763490 23.764242
1 25.240569 -9.383162 15.058542 -10.206253 -7.675434 -10.981069 -2.053192
5 2.359129 -13.725598 11.301649 -10.613912 24.196316 -8.314479 -5.203107
5 10.987241 -14.610582 -11.289978 -12.229173 50.319508 -10.522523 -12.654493
5 -22.444544 -14.509387 32.504681 -11.726052 37.492557 -11.956798 -9.360461
5 13.737207 -9.790169 1.907740 -17.146206 46.060879 -13.119165 -21.650287
3 8.804498 -4.803396 25.011399 -11.001161 5.124825 -10.510807 -12.625361
1 19.845232 3.772200 12.512320 -4.648032 -26.831519 -5.392813 0.742613
3 3.190341 -5.903459 20.400247 -4.575113 8.071323 -5.074903 -16.108435
3 22.536915 -9.166216 34.207181 -13.355882 11.783665 -21.758645 -24.247020
3 24.838231 -1.727371 32.160165 -11.210771 -20.690180 -10.822623 -12.547451
3 10.929818 -8.826054 23.463798 -9.222385 -7.814821 -9.290085 0.759728
5 6.276093 -13.417384 3.127305 -10.504887 54.668090 -20.482482 -19.666735
1 50.392914 -4.657475 -15.540102 -7.075868 -10.596147 -5.348834 -7.174486
1 26.511451 -5.515331 -0.384947 -4.315934 5.408700 -5.506363 -16.197577
5 12.661509 -10.164603 4.054182 -7.489553 15.908068 -14.365540 -0.604063
3 -0.663459 -4.954198 38.064543 -11.662174 -6.463141 -8.867236 -5.454338
3 6.923348 -7.877820 35.059145 -11.249685 9.940745 -20.621892 -12.173842
3 23.273881 -7.243728 38.005968 -14.756977 -19.178474 -12.545448 -7.555223
5 9.764450 -13.795935 15.816774 -5.144842 37.559344 -21.898286 -22.301507
5 -5.089082 -18.809299 15.707062 -15.508758 43.738063 -22.555411 2.517424
1 65.596925 0.188641 19.358612 -15.618883 -32.312131 -18.023888 -19.189279
1 16.133116 -3.197885 1.689911 -8.307944 11.954579 -9.818861 -8.452916
1 23.994354 -2.911891 -7.415682 -2.269379 -7.432603 -2.043505 -1.921295
1 19.390990 -8.811672 6.361385 -11.132291 7.488843 -8.831933 -4.465323
3 -6.732619 -18.188954 67.598552 -23.110406 53.304909 -31.232651 -41.638835
1 20.457675 -12.219519 17.261462 -9.958901 -0.166575 -11.015974 -4.358168
3 -21.812809 -8.883801 26.820799 -2.787251 20.061511 -10.274179 -3.124271
3 20.722215 -0.763566 22.656412 -4.610564 -33.916884 -4.315035 0.227425
1 28.388008 -0.834113 20.528208 -6.735618 -14.745691 -13.820063 -12.780731
3 4.883371 -20.030428 40.412940 -20.327311 4.022373 -19.109671 10.148725
5 7.936328 -8.657241 -20.040015 -6.249114 18.835684 -5.904130 14.078488
1 17.259050 -2.089856 0.541949 -0.609549 -17.434744 -1.546873 3.880023
3 -21.414645 -5.064584 37.924035 -2.831134 -2.471049 -4.193834 -1.948789
3 13.825900 -18.107859 101.546217 -20.908836 -48.447223 -19.259743 -8.648460
3 -16.620104 -5.932121 42.340023 -10.916481 10.893799 -8.408707 -11.356411
5 11.608836 -14.306760 -7.987583 -3.427472 22.981588 -13.096784 4.228176
3 0.814690 -6.736199 14.114274 -8.612836 11.283576 -7.743212 -3.120295
5 5.239431 -9.307049 -5.363661 -2.839807 31.575430 -10.510077 -8.794268
5 8.517871 9.526904 9.345455 -18.394685 27.427298 -18.435511 -17.987331
1 26.687967 -13.079858 24.490934 -18.464350 2.794604 -19.273529 -3.155769
5 17.309524 -13.700921 3.928652 -15.342561 40.478018 -13.500093 -19.172620
3 -2.257690 -5.436632 28.197439 -12.319803 15.953227 -12.584217 -11.552324
5 -29.616192 -10.867681 25.423836 -8.348545 39.843871 -8.290570 -8.144718
1 35.500467 -5.814857 22.013660 -13.945859 -10.894172 -14.464158 -12.395083
5 10.484290 -7.310243 0.467081 -2.397322 14.630513 -13.409732 -2.464586
3 8.658835 -5.840082 20.384486 -3.763523 -25.900451 -3.295044 9.755778
1 66.475904 -0.010921 -4.626227 -14.851808 -18.916027 -13.677948 -14.392975
3 25.896502 -15.102943 27.502072 -16.865093 -11.630901 -16.048680 6.249044
5 -6.344897 -1.524364 5.598292 4.056997 7.333910 -5.533607 -3.586332
5 0.682351 -15.896834 -23.570729 -8.655834 64.059562 -15.565094 -1.053422
1 17.190126 -9.727746 2.176508 -12.318102 11.486788 -11.824250 3.016672
3 -0.509489 -5.374601 11.926102 -2.485460 -7.660435 -2.836515 6.940399
3 -11.066209 -7.527077 68.395008 -11.116748 -10.299923 -11.424061 -16.960992
1 28.161353 -2.585920 -18.401078 -1.393140 -1.266009 -1.535195 -2.980012
3 -4.313961 -0.964082 10.275809 -0.261454 -0.820953 0.000000 -3.915359
1 42.773564 -9.233293 16.248857 -10.622612 -8.307474 -11.752115 -19.106932
1 0.000000 0.000000 0.000000 0.000000 0.000000 0.000000 0.000000
1 0.000000 0.000000 0.000000 0.000000 0.000000 0.000000 0.000000
1 19.783892 -3.590703 -3.005475 1.025346 -7.426270 -7.080481 0.293691
5 26.453240 -3.647663 -11.544001 -10.240106 27.354220 -9.490647 -18.885044
3 25.725276 -17.926411 28.949786 -20.774192 18.251447 -21.905638 -12.320271
1 4.926103 0.729004 4.666619 -3.280169 -0.583003 -2.215496 -4.243059
3 36.423971 -2.456391 61.890120 -19.172562 -43.433884 -15.607366 -17.643891
5 31.027380 -15.533618 -20.986484 -7.479956 40.356683 -16.149580 -11.234426
3 29.383458 -6.593708 41.668389 -13.366408 -36.855059 -13.208991 -1.027682
3 25.568234 -5.743481 51.966326 -14.739304 -28.427469 -13.213991 -15.410317
5 11.980429 -9.996281 -14.869467 -9.876111 31.276467 -9.788101 1.273063
5 -9.877697 -6.473026 6.539443 -10.649108 52.486441 -9.612705 -22.413348
1 33.588520 -24.554461 15.777241 -23.986523 33.004313 -17.518657 -16.310435
1 69.480845 -16.304378 58.238290 -34.192916 -16.368749 -34.385498 -26.467598
5 0.889178 -10.177906 24.071954 -11.656237 32.247630 -12.035329 -23.339290
5 1.997047 -3.291177 3.460238 -7.420716 23.719959 -6.158614 -12.306737
5 2.374938 -12.722405 -10.636952 -11.569130 60.960054 -11.554209 -16.852295
5 -28.939964 -11.872350 -7.018987 1.958317 63.900557 -16.415079 -1.612497
5 5.888687 -10.192130 -4.539978 -8.980760 36.435642 -7.414059 -11.197401
1 50.397333 -8.815814 28.221228 -12.246260 -22.384662 -20.699307 -14.472518
1 68.200277 -20.017618 67.954001 -26.873688 -65.504386 -34.444799 10.686214
1 42.953071 0.760413 29.547710 -12.380981 -39.236877 -14.027108 -7.616230
1 53.732593 -10.242787 29.897002 -11.333630 -39.583960 -10.998926 -11.470293
3 16.160746 -6.934526 24.859009 -7.246599 -1.467804 -6.655709 -18.715117
5 -22.419317 -1.078792 -5.059359 -11.621850 58.981268 -10.564025 -8.237926
5 9.307304 -9.050284 13.435556 -18.250362 23.155986 -16.899564 -1.698634
1 48.348387 0.133007 -5.022983 -8.150290 -13.549730 -9.120784 -12.637609
3 -11.750100 -8.581922 26.330695 -9.588769 3.210716 -8.099640 8.479021
5 0.089951 -7.740075 5.040116 -9.980573 20.392492 -9.228920 1.427008
5 -31.478513 -15.157500 -10.610176 -12.287954 87.031512 -11.722761 -5.774607
1 12.915578 -2.056152 0.933343 -5.309220 6.929226 -4.900679 -8.512096
7 -2.112095 -11.820221 11.285113 -10.065591 -5.130710 -7.253684 25.097186
5 -8.617460 -3.042359 0.636867 -2.627452 19.749222 -3.141258 -2.957561
1 30.603881 -6.378071 5.686417 -17.696037 25.063727 -14.844349 -22.435569
3 7.910773 -3.435366 51.508536 -8.973039 -25.377746 -17.578161 -4.054999
3 -35.591319 -7.553896 70.850215 -13.004228 22.840905 -22.335015 -15.206662
5 8.253329 -3.199512 -2.359005 -3.454854 15.523386 -4.256413 -10.506932
5 -17.038245 -10.257074 16.640263 -12.223065 24.062971 -8.785653 7.600803
3 4.836277 -4.187404 20.958600 -5.440606 -9.696962 -5.580667 -0.889240
5 -15.903451 -28.520319 2.720143 -29.430543 91.735023 -27.096996 6.496139
5 0.426191 -7.616521 23.572659 -14.596607 33.492984 -13.750258 -21.528451
5 -9.202891 -8.583246 18.616479 -15.644933 54.468342 -14.768701 -24.885052
1 0.000000 0.000000 0.000000 0.000000 0.000000 0.000000 0.000000
3 24.291128 0.857145 44.528498 -18.147222 -27.277434 -12.223102 -12.029013
3 -11.767790 -0.667996 27.098761 -8.815658 25.705078 -16.706618 -14.845780
3 16.397097 -8.675434 20.158614 -24.752199 16.786325 -26.086679 6.172276
1 39.546262 -6.533569 27.112806 -20.442153 -12.818335 -17.822558 -9.042454
3 -18.321998 -15.063643 66.262344 -14.066505 24.834337 -21.589128 -22.055411
3 25.951443 -14.334049 45.560928 -24.550146 36.894878 -27.327671 -42.195383
5 8.923284 -11.623271 6.659905 -11.573586 22.151141 -12.086750 -2.450723
1 45.196197 -6.077761 10.281036 -16.342149 0.892697 -14.375137 -19.574886
3 -17.603012 -3.251333 17.756252 -1.368294 8.403033 -2.211477 -1.725168
5 -2.690009 -12.816459 1.339427 -9.161717 31.427552 -7.193919 -0.904877
3 29.602626 -24.044684 46.812130 -27.235601 31.215273 -22.984966 -33.364782
3 16.794165 -38.353775 118.681425 -53.776762 15.678397 -43.808215 -15.215241
3 3.190599 -2.947557 16.949947 -5.615543 -6.005594 -5.237780 -0.334073
3 39.495472 -11.898547 58.143151 -36.028147 -6.988411 -30.664186 -12.059335
5 -16.183924 -22.481186 47.872061 -29.249830 55.733234 -24.719110 -10.971245
3 23.423418 -2.611495 24.960956 -6.417128 -4.965965 -15.694278 -18.695509
5 16.152344 -12.433218 -7.311532 -18.838651 58.409501 -15.233902 -20.744543
3 -1.263818 -8.933201 28.872626 -15.919502 13.043753 -12.520378 -3.279480
3 -17.412834 -8.996229 41.238538 -0.699804 4.112741 -9.531841 -8.710573
5 -5.832820 -13.164578 14.478876 -5.993781 20.766347 -12.258247 2.004201
3 20.977255 -7.759086 21.686455 -7.920576 4.543635 -18.178045 -13.349638
3 1.551369 -9.480334 28.551044 -11.250172 13.281690 -11.521038 -11.132560
5 1.522558 -1.702172 -3.956130 -1.415075 12.443218 -1.936091 -4.956308
3 -6.203953 -14.116609 74.702444 -15.742384 -33.042401 -12.461462 6.864365
3 5.348755 -4.844823 15.007429 -4.526476 -8.776181 -3.566993 1.358288
7 5.639683 -6.893079 5.065715 -3.994355 -3.278212 -4.386515 7.846762
1 28.752754 3.649846 0.456332 -4.828090 -17.964288 -4.935309 -5.131244
5 -17.409884 -7.292784 18.568731 -9.067636 40.540872 -13.076823 -12.262478
1 8.724401 -1.803971 -4.475456 -1.235150 0.761524 -1.262054 -0.709294
1 30.150945 -5.010069 18.789434 -10.492674 -19.229032 -10.006287 -4.202318
1 34.520808 -15.209016 22.618509 -19.321369 -14.190348 -18.380936 9.962349
3 -3.632155 -10.326804 55.445394 -4.820682 -18.601597 -12.841996 -5.222163
5 16.082805 -9.631565 -13.992359 -9.422832 23.121478 -9.270681 3.113153
5 -44.184107 -19.444201 59.490467 -5.642845 67.260532 -31.705229 -25.774621
3 -8.429128 -2.083387 8.448557 -0.823193 8.442739 -1.507810 -4.047778
1 4.926103 0.729004 4.666619 -3.280169 -0.583003 -2.215496 -4.243059
5 -9.225690 -1.219834 -6.548741 4.058602 22.570790 -5.533607 -4.101520
3 -23.432451 -15.358508 63.201308 -6.875249 1.087369 -13.497507 -5.124966
5 -23.270044 -10.019734 3.280220 -4.190150 54.023239 -12.316368 -7.507164
5 -0.459856 -7.061651 -0.849351 -6.492257 30.403807 -7.269751 -8.270941
1 32.480446 -5.581584 -7.074914 -13.163773 27.799423 -13.458685 -21.000915
3 19.026715 -12.620231 35.440316 -11.053051 8.446165 -18.310766 -20.929150
5 -14.081834 -12.003282 31.605199 -12.632901 61.856211 -21.402234 -33.341161
5 -9.218528 -16.119963 32.707951 -13.645518 33.443419 -17.161817 -10.005547
5 -26.518092 -8.498898 -16.610643 -4.035339 84.715920 -13.511158 -15.541790
3 17.771008 -21.236195 59.536453 -14.216309 23.664468 -32.608965 -32.910462
3 71.413983 -32.832025 77.639707 -42.759490 7.874472 -40.336505 -41.000145
5 3.755567 -7.599084 -10.805140 -13.354398 53.390444 -15.770853 -9.616535
1 0.000000 0.000000 0.000000 0.000000 0.000000 0.000000 0.000000
1 10.914154 -3.309690 2.194368 3.449053 -6.461096 -7.080481 0.293691
5 -14.934999 -8.553792 2.793411 -7.785201 38.852082 -6.782760 -3.588740
1 48.982373 -11.176740 -4.791681 -10.211403 4.404772 -10.589713 -16.617609
1 25.419470 -3.967844 -10.106567 -3.277973 -0.694386 -3.617652 -3.755048
5 13.819893 -27.027082 -29.761048 -23.532958 110.890114 -29.933416 -14.455504
3 10.574660 -13.904478 59.326772 -8.353920 3.818436 -17.832898 -33.628573
5 1.173250 -16.638744 19.431000 -25.771207 74.138460 -23.824196 -28.508564
1 13.193825 -1.032589 -6.773774 -0.339690 -1.886287 -0.507697 -2.653787
5 4.931550 -9.225211 -1.386654 -10.461895 28.483345 -9.544418 -2.796718
3 6.146120 -10.977637 26.674245 -13.851469 24.333042 -13.712383 -18.611916
3 -10.359621 -18.607906 59.152607 -23.868045 -5.061177 -19.935522 18.679666
1 43.236475 -11.758319 15.442872 -12.186081 1.462574 -20.512445 -15.685078
5 7.622703 -10.578485 2.599414 -15.213797 43.726872 -9.629555 -18.527153
5 -1.916492 -11.104735 -0.511874 -12.840951 24.516487 -12.077217 13.934782
1 29.879647 1.545656 -8.586576 -2.777699 -14.443985 -3.695748 -1.921295
3 7.798816 -6.845026 35.245511 -11.718734 -8.740299 -9.544334 -6.195937
5 21.471504 -7.848774 6.094155 -17.696669 25.670666 -14.922526 -12.768359
1 35.543285 0.675890 18.842287 -13.342719 -4.583060 -14.514877 -22.620807
3 -9.339885 -4.803223 9.366463 -3.384806 7.034354 -2.839642 3.966738
3 9.332735 -6.495615 18.767895 -6.536556 -2.102579 -6.456570 -6.509309
3 52.045526 -11.708709 61.458399 -16.292568 -14.188780 -31.505080 -39.808790
5 -18.501691 -14.415878 14.600172 -14.458338 49.134552 -13.435676 -2.923141
1 9.692566 -4.089566 7.818469 -3.714703 9.681232 -4.256413 -15.131586
5 -18.948299 -6.836517 -14.225360 -5.841599 39.767781 -6.194933 12.278926
3 10.929818 -8.826054 23.463798 -9.222385 -7.814821 -9.290085 0.759728
3 21.642931 -7.677299 28.253545 -11.254380 0.429747 -11.128383 -20.266162
3 1.752435 -5.704310 22.027253 -9.082509 17.797686 -9.238277 -17.552279
3 10.779196 -10.598154 37.612012 -5.118922 13.181308 -23.416097 -22.439344
1 19.585876 -15.624813 10.885965 -8.828408 8.504291 -17.938793 3.415880
3 1.136840 -14.627207 45.556394 -13.900640 -0.873257 -20.142507 2.850375
7 11.707437 -7.902073 -11.378878 -7.090072 6.557843 -6.920680 15.026421
5 22.824405 -15.342382 -30.358849 -6.559337 42.233827 -16.103378 3.305712
1 35.024918 -17.161663 34.800144 -25.286690 1.396691 -21.076789 -7.696613
5 -3.025158 -4.057136 12.796592 -8.033673 14.142022 -8.435003 -3.387645
3 -3.291820 -4.071901 29.946017 -7.424852 1.344312 -7.205864 -9.295895
5 -18.517277 -5.137630 4.201933 -2.699104 25.227638 -2.797452 -0.278109
3 -10.316008 -20.963196 57.828135 -22.867563 13.433733 -19.928056 2.812954
5 -28.333787 -8.148550 14.800691 3.749150 39.493825 -13.906857 -7.654472
1 18.066013 -2.000942 13.232450 -15.966576 6.218721 -16.258237 -3.291429
5 -2.461722 -14.149380 -5.302022 -11.145735 48.267802 -8.464642 -6.744302
5 1.880078 -16.933541 20.577722 -12.884999 27.826257 -13.286545 -7.178974
1 41.187333 0.629812 12.158038 -3.412917 -43.059724 -6.186954 -1.315590
3 35.946387 -12.607808 72.134393 -16.520419 -40.156258 -14.194863 -24.601435
1 10.914154 -3.309690 2.194368 3.449053 -6.461096 -7.080481 0.293691
5 -11.383162 -12.871638 21.395286 -6.636725 31.687153 -14.278438 -7.912475
3 7.806663 -0.724456 13.377466 -4.233882 -13.112939 -3.855464 0.742613
1 48.349659 -13.477681 41.913706 -33.781931 0.231348 -29.623404 -13.611699
3 19.306314 -10.897945 25.010054 -9.403943 -2.300489 -10.287262 -11.426727
1 52.924952 -23.025503 -16.688483 -15.201613 39.144931 -24.153225 -13.001059
3 -3.439869 8.748262 15.501803 -4.504517 11.263418 -12.652673 -14.916425
1 29.373936 -15.059568 8.892551 -13.592586 5.887263 -11.433039 -4.068558
1 20.991562 2.864205 9.390029 -2.272566 8.590029 -22.165134 -17.398126
5 10.969339 -4.202779 12.471086 -11.838098 19.418507 -9.235153 -17.582905
3 7.806663 -0.724456 13.377466 -4.233882 -13.112939 -3.855464 0.742613
5 8.640545 -15.785276 -10.819235 -15.354411 51.940851 -15.395161 -3.227316
3 -9.409822 -13.056947 28.336657 -17.869027 25.915221 -15.783330 1.867250
3 2.934317 -0.947763 9.012112 -5.471884 8.302158 -4.512510 -9.316431
3 7.180665 -5.483408 28.528009 -10.697738 3.731345 -10.999749 -12.259126
3 -24.021079 -7.117112 30.410859 -4.467848 10.534061 -4.347452 -0.991429
3 9.066659 -6.567886 73.236084 -24.671051 9.853536 -28.594131 -32.323217
3 -9.501763 -22.372770 115.915980 -37.359786 31.727088 -42.486537 -35.922215
3 16.141562 -0.901417 34.191472 -10.969769 -8.894666 -10.608675 -18.958509
3 30.035022 -5.575445 43.426091 -22.662694 25.142189 -37.285182 -33.079981
3 -7.450482 -9.596944 45.650018 -12.073884 -0.259597 -9.644141 -6.624972
5 -27.529836 -11.278276 27.636427 -13.308652 36.024647 -10.049569 -1.494744
5 -9.473386 -10.358639 16.603601 -16.566572 43.265230 -15.381278 -8.088954
5 -22.260880 -14.975509 14.269882 -8.208165 65.203443 -15.530427 -18.498345
3 -8.783241 -17.976276 30.615700 -15.600422 14.766483 -11.845770 8.823526
1 48.585557 -14.835328 0.857272 -18.969624 -10.051797 -18.910524 13.324442
5 6.768585 -8.169793 4.848222 -8.794394 29.003241 -8.349109 -15.306751
1 39.037928 -11.553305 8.257676 -13.254922 -18.937651 -13.565670 10.015945
1 0.000000 0.000000 0.000000 0.000000 0.000000 0.000000 0.000000
3 13.793413 -4.421141 37.503686 -14.123743 -8.021912 -12.356845 -12.373460
1 0.000000 0.000000 0.000000 0.000000 0.000000 0.000000 0.000000
3 17.756420 -8.856487 61.852202 -19.088370 -11.309906 -19.157882 -21.195980
1 41.250465 -0.620773 6.854222 -7.624232 -22.328592 -9.806615 -7.724477
1 28.740227 -6.567629 18.863072 -2.138067 -37.893422 -4.716449 3.712269
5 17.567403 -7.861383 1.817770 -1.670132 23.426661 -12.544602 -20.735716
1 13.332628 7.236774 1.650882 1.165895 6.350305 -19.022861 -10.713623
1 26.975293 -3.361679 -14.568250 -4.198839 5.095922 -5.731416 -4.211032
3 20.541374 -6.965203 31.141496 -22.697855 12.373131 -20.347710 -14.045235
3 -5.273695 -4.537049 21.543212 -5.198337 7.844051 -5.113732 -9.264449
5 -17.226918 -14.720574 -8.308294 -12.713995 69.710686 -9.830101 -6.910804
5 -12.517820 -3.149662 0.636867 -2.627452 18.834171 -3.141258 1.965154
