2 13.617739 17.910804 16.563897 -12.971032 8.153128 -13.264146 -16.980483 -13.029903
1 22.880210 4.230306 -10.070935 -7.077760 5.779200 -7.297317 -1.373024 -7.070682
3 44.634012 3.317818 63.869334 -25.828393 -24.320867 -26.620876 -8.224123 -26.826901
3 11.440612 12.411346 27.818994 -7.090204 -20.770065 -6.851182 -9.998225 -6.961274
3 -2.341353 -2.967035 20.153387 -10.638639 16.085810 -10.661922 1.273765 -10.904014
3 30.295277 33.570039 70.893573 -22.760984 -46.638018 -23.013663 -19.108162 -23.238057
3 -21.398881 7.872344 65.893197 -15.321172 6.338915 -17.050865 -10.669133 -15.664407
5 -10.451401 -5.540450 -2.140462 -9.032980 36.162705 -8.937201 8.832292 -8.892507
2 2.074511 22.030548 1.528656 -8.293443 4.632981 -7.915444 -5.381948 -8.675861
5 -12.101765 6.999826 42.923194 -27.897020 73.829754 -28.039363 -27.224663 -28.489961
3 11.595712 1.184343 46.039033 -10.528789 -14.075044 -10.398365 -13.446378 -10.370510
5 22.503045 4.559536 30.467831 -27.471781 33.056148 -27.214540 -8.472265 -27.427973
3 21.518007 28.276799 113.976059 -25.590199 -65.244760 -25.013768 -22.046900 -25.875231
1 24.267649 22.887978 -7.705531 -14.094384 4.897018 -14.761858 -1.089407 -14.401469
3 -19.303945 21.629818 114.684919 -18.567025 -50.216505 -18.414670 -11.330820 -18.481769
3 -5.135874 -13.272978 32.954853 -4.310714 2.647717 -4.378121 -4.333513 -4.171372
3 -5.968183 57.768773 85.059829 -27.339989 -30.432497 -27.802461 -23.138423 -28.147043
3 -4.280470 15.638443 36.967944 -16.362425 12.471111 -16.736125 -11.388070 -16.310407
5 10.065980 5.231134 8.240990 -16.462935 29.031564 -16.980559 -2.578170 -16.548005
1 36.190048 19.510319 -11.520951 -16.913297 -7.262002 -17.776368 14.753425 -16.981171
5 -15.401110 1.958565 15.688081 -19.035831 61.807792 -19.529913 -5.877959 -19.609627
1 32.250387 15.257379 23.525564 -19.777242 2.948173 -19.564819 -14.467495 -20.171943
1 50.101035 14.160046 24.812131 -18.023328 -22.457168 -17.786571 -12.669976 -18.136164
5 11.178402 -2.031432 -10.252116 -2.741764 12.309987 -2.619442 -3.068038 -2.775597
2 21.469413 28.184942 -11.343280 -7.531384 -13.447628 -7.947142 -1.391557 -7.993365
2 -17.391835 33.950646 -13.754126 -11.208635 20.177053 -12.528463 12.264154 -11.508795
3 23.220052 3.247189 90.758945 -19.773439 -51.881822 -19.990586 -5.630103 -19.950232
5 -1.980178 -1.160271 0.000000 0.000000 3.140449 0.000000 0.000000 0.000000
3 5.305496 -14.105289 31.992529 -9.234569 10.930798 -9.333284 -6.456232 -9.099450
7 3.248594 -0.285080 -10.845269 -2.346799 4.937229 -2.385792 9.837092 -2.159973
5 0.223541 5.292000 4.101679 -5.229814 13.058058 -5.008645 -7.068596 -5.368224
1 23.007780 8.597144 -15.238932 -9.008641 5.361180 -8.914548 5.268264 -9.072246
1 16.988764 -11.558647 1.537346 -3.198589 8.784947 -3.276103 -6.330700 -2.947017
1 53.426228 10.732876 46.240770 -18.212121 -36.337053 -17.922040 -19.764261 -18.164398
3 95.278993 -3.678376 134.284191 -47.970248 -50.488412 -47.201679 -32.041889 -48.182579
3 31.482855 22.441493 39.275815 -21.691264 -10.078211 -21.789977 -17.755121 -21.885584
1 59.421320 -7.905177 -22.649548 -12.527622 3.300737 -12.785648 6.067497 -12.921560
5 -12.837055 0.529346 -7.880996 -4.230268 25.759164 -4.162781 7.014037 -4.191449
3 13.740466 -24.820567 125.935772 -26.819158 -6.509403 -26.893493 -27.994722 -26.638891
3 2.502094 7.873606 21.393263 -3.150127 -21.131364 -3.148451 -0.498583 -3.840439
5 11.172117 2.503515 -0.127290 -11.778982 27.381300 -11.327837 -6.384386 -11.438437
3 -1.300533 -2.141422 88.277779 -14.203317 -23.127203 -14.358312 -19.025057 -14.121932
3 33.902888 5.471899 80.534756 -22.059412 -27.523176 -22.160354 -25.868730 -22.297870
3 -18.731687 -10.618534 72.464716 -10.293739 -10.253054 -10.581630 -2.035212 -9.950859
1 24.878901 22.185559 7.519046 -10.361155 -28.427150 -10.870478 5.360444 -10.285167
5 7.864398 16.885112 -20.775415 -11.118836 21.197227 -11.890173 8.632468 -10.794783
3 1.492109 -0.638051 15.358565 -7.052477 4.264923 -6.997562 0.519462 -6.946969
3 -4.821129 1.355246 65.158519 -13.723119 -8.238391 -14.391943 -11.547597 -13.791583
1 35.415717 19.179859 4.352168 -13.171409 0.761973 -12.681765 -20.361886 -13.494657
1 21.960018 0.945402 -10.566822 -3.016834 -7.785070 -3.127762 4.576762 -2.985693
5 31.115754 -3.240244 44.010470 -36.507967 70.611280 -36.055289 -32.103689 -37.830314
5 -7.779598 5.547506 -1.692445 -14.514079 52.833952 -15.013647 -4.579264 -14.802428
1 24.889948 4.688565 -15.560401 -10.282922 8.410054 -10.394852 9.084081 -10.834473
5 -4.837275 13.964716 -20.253910 -1.895685 17.256020 -2.291533 -0.044274 -1.898058
3 0.423759 14.788675 48.512140 -15.164655 -9.796463 -15.527973 -8.078636 -15.156846
3 29.313138 17.955026 55.013259 -18.613780 -25.145601 -18.373228 -21.432200 -18.716612
3 21.106850 7.558237 40.949384 -15.473265 -8.826273 -15.790639 -13.938798 -15.585492
1 27.816538 -27.464910 10.833961 -9.187376 20.712023 -9.307537 -4.673985 -8.728714
1 12.935471 2.161342 8.952995 -11.346816 10.062580 -12.209084 1.323593 -11.880079
2 23.304608 33.162511 -21.901130 -5.173887 -24.420319 -5.115807 5.380810 -5.236787
5 22.769437 -31.900212 9.017501 -17.595626 59.887527 -17.925268 -6.407326 -17.846034
3 39.619993 14.109815 64.059793 -23.245514 -31.255421 -23.152604 -16.938650 -23.197408
5 19.550251 -12.874549 18.729765 -13.034628 20.074653 -13.890463 -5.795016 -12.760010
1 29.022558 -3.089229 1.377349 -8.253554 -10.335887 -8.821697 8.129920 -8.029461
3 18.201219 4.260054 71.383034 -26.443829 9.175977 -27.462326 -22.405875 -26.708248
3 22.539317 25.322813 49.703173 -15.889761 -27.754514 -15.689081 -22.428836 -15.803110
3 39.606292 7.587481 91.668985 -29.875782 -20.255614 -30.132728 -27.962799 -30.635828
1 28.984746 -2.000133 1.750524 -12.814803 17.616345 -12.889306 -8.094701 -12.552671
5 4.205372 3.183136 5.868430 -4.385481 9.443061 -4.259709 -9.657643 -4.397165
2 -11.082049 17.546968 3.799628 -4.942292 5.463443 -5.064241 -0.296538 -5.424919
3 -10.471264 17.202362 47.427213 -21.634524 -1.922787 -21.843884 12.577642 -21.334759
3 37.918936 -22.100732 76.529364 -21.269390 -24.999704 -21.675353 -3.223104 -21.180017
3 14.234038 -4.203261 26.331679 -8.194354 -2.724935 -8.121391 -8.745879 -8.575897
3 14.279481 9.198049 36.158553 -8.906914 -22.807206 -8.724680 -9.774237 -9.423044
5 -0.126408 -2.931681 -0.381100 -13.851486 46.321579 -14.189557 -0.797277 -14.044073
3 -12.932192 -8.831863 80.485450 -15.664922 -11.181900 -15.413932 -1.157625 -15.303017
5 -2.527297 -13.187544 10.194201 -15.966670 54.791413 -16.058520 -0.724877 -16.520708
3 4.161479 -11.264017 82.784306 -35.367454 53.521508 -35.525550 -22.173142 -36.137128
2 -16.020917 44.101153 21.501497 -16.750292 5.790386 -17.775837 -4.156507 -16.689482
5 -6.884553 17.252137 5.410589 -16.879516 43.237370 -17.634754 -7.021083 -17.480187
3 10.351640 -6.525767 52.257629 -23.324561 30.645790 -24.154897 -14.786309 -24.463524
3 69.472430 -0.278339 89.226509 -26.380854 -58.538052 -25.954917 -21.080709 -26.466061
3 30.910575 18.931563 39.762494 -20.748711 -6.272361 -21.581728 -19.899273 -21.102555
1 42.473624 13.097691 -4.063121 -14.238838 7.100951 -14.390684 -15.665541 -14.314081
5 3.493182 4.327208 3.584479 -8.496308 22.545829 -8.008849 -8.986646 -8.458894
3 17.442998 3.318036 23.230942 -21.346136 20.735167 -21.049453 -0.412987 -21.918570
1 27.991517 -14.700964 14.397158 -15.298216 17.934769 -15.110726 0.493575 -15.707115
3 -5.649155 -20.934714 42.877710 -13.654190 39.967638 -13.873603 -14.797134 -13.936554
3 68.398783 21.179979 169.753947 -41.506688 -100.043683 -40.779534 -35.339859 -41.662936
1 0.000000 0.000000 0.000000 0.000000 0.000000 0.000000 0.000000 0.000000
7 -46.364287 9.272377 19.858036 -10.258937 8.823976 -10.265977 39.051667 -10.116856
3 0.155100 -7.191957 18.970499 -3.438584 1.545210 -3.547183 -3.083848 -3.409236
1 25.027862 -7.282339 5.899692 -12.131197 2.539561 -11.947383 9.779806 -11.886003
2 -19.608364 39.588459 22.477303 -30.156160 17.192024 -31.945038 -16.014489 18.466268
8 6.741360 -0.894347 32.271160 -42.905762 12.029164 -43.560847 -20.011858 56.331135
3 12.369230 5.481287 39.764411 -10.550065 -17.491434 -10.103652 -8.793797 -10.675979
3 5.392625 0.697549 137.462815 -32.109865 -28.210340 -31.994514 -18.866986 -32.371280
5 0.000000 -2.017523 -0.375230 0.000000 2.574905 0.000000 -0.182152 0.000000
5 7.698597 -2.066470 8.830405 -10.380006 27.378053 -10.147099 -10.841347 -10.472134
3 2.593938 4.050670 43.994536 -21.738178 7.394296 -21.995692 8.034564 -22.334135
3 -10.517457 -4.104454 62.715559 -12.211107 -2.313546 -12.237766 -8.196708 -13.134522
3 26.603944 16.848910 127.958411 -35.902958 -42.787933 -36.132865 -20.973451 -35.614048
3 12.751048 -2.819180 60.938723 -17.613850 -2.120198 -17.805527 -14.569499 -18.761515
1 24.401416 1.199977 5.932946 -12.274778 15.155843 -12.510302 -9.755628 -12.149475
1 0.000000 0.000000 0.000000 0.000000 0.000000 0.000000 0.000000 0.000000
1 38.154426 -1.636830 2.120361 -8.596437 -10.095496 -8.468987 -2.548512 -8.928524
3 20.824299 9.306936 32.838986 -10.311860 -19.014043 -10.088574 -12.907085 -10.648658
3 9.142057 4.430711 57.105576 -16.707712 1.265161 -16.763676 -21.435655 -17.036463
3 9.381959 13.070586 14.320677 -14.595260 3.850432 -14.468816 3.333739 -14.893317
3 -15.197057 3.586689 48.396804 -13.355824 19.184672 -13.068472 -16.254788 -13.292023
1 37.522650 -3.729454 -11.233896 -9.554555 2.475153 -9.561924 3.988779 -9.906752
1 40.465961 -20.023223 -16.444743 -14.543899 16.034013 -14.023959 22.766259 -14.230412
5 16.854270 5.458428 -31.329940 -31.218260 119.790332 -30.307698 -17.354881 -31.892254
1 60.554557 -15.158914 31.272456 -16.378149 -18.679587 -15.894530 -9.877457 -15.838377
5 -7.289583 -0.756233 8.486806 -4.263522 16.198161 -4.390166 -3.213326 -4.772138
1 92.184498 -24.371387 -29.228259 -16.635870 7.431502 -16.537051 3.642939 -16.486374
1 0.000000 0.000000 0.000000 0.000000 0.000000 0.000000 0.000000 0.000000
3 4.110132 -22.785437 54.227723 -21.000730 41.990419 -21.131736 -13.819260 -21.591110
3 -5.526971 4.360486 62.494590 -15.844563 -2.285899 -17.236868 -9.727859 -16.232915
3 8.008401 5.003217 51.096345 -24.126276 35.665951 -23.887062 -26.785171 -24.975403
3 50.047647 64.850559 76.913825 -38.711029 -38.835137 -40.098148 -34.880621 -39.287088
3 7.326466 -19.282606 48.800201 -14.529063 9.965323 -14.656644 -2.516363 -15.107315
3 78.970050 -35.434369 83.160277 -27.886338 -19.276214 -27.873998 -23.286370 -28.373032
5 -12.432535 20.540112 -15.310483 -6.095343 30.489348 -6.272008 -4.733734 -6.185358
5 -19.452223 10.735254 19.880538 -20.059744 67.232791 -19.976989 -18.044012 -20.315616
3 9.824704 -8.273276 47.607461 -16.641955 10.256821 -16.340244 -9.300030 -17.133483
3 -2.775994 29.274137 37.471371 -11.156571 -18.649372 -11.546602 -11.762197 -10.854770
5 -9.083182 8.599548 5.651819 -5.996254 17.516241 -6.477955 -4.124823 -6.085394
1 67.804189 -11.311058 -18.938550 -15.387209 -10.710507 -15.832918 19.695872 -15.319820
5 -27.165239 -8.667471 -0.361650 -7.521970 54.306038 -7.385022 4.114319 -7.319008
2 -16.116826 30.016787 -38.203613 -5.073764 27.616679 -5.919757 12.664025 -4.983531
5 -4.287582 11.232068 -22.936018 -8.772831 49.648827 -9.230294 -6.499852 -9.154319
3 -30.704929 23.181521 24.897095 -14.171151 12.723461 -15.060119 13.612628 -14.478507
3 -6.916056 31.833442 56.796712 -32.189035 24.291901 -33.322107 -7.662934 -32.831921
1 20.660030 16.720232 18.649401 -11.782936 -7.735650 -11.583575 -12.932050 -11.995452
3 13.256262 28.041752 69.859114 -20.902282 -31.303456 -21.587806 -16.160800 -21.202783
5 -2.307031 -0.682284 11.816073 -10.978977 28.585645 -11.136679 -4.204434 -11.092313
3 -4.006001 -6.605337 32.565895 -13.028814 15.450857 -13.555975 3.229350 -14.049974
3 -17.216818 -11.551275 78.775646 -14.451875 7.125434 -14.213115 -14.176026 -14.291971
3 -10.811380 -18.088789 92.822586 -11.241771 -19.425405 -11.480033 -10.796282 -10.978925
3 9.642923 -1.094757 16.459941 -4.793050 -14.907991 -4.629256 4.102427 -4.780237
3 31.406747 -5.419915 97.069737 -31.870574 -14.810155 -31.595053 -13.009030 -31.771751
5 -12.126858 15.226007 -11.391873 -6.159207 30.879275 -6.681699 -3.075448 -6.670195
3 -42.647497 -6.194093 77.029280 -25.025802 63.519745 -26.283051 -13.607424 -26.791158
1 69.811905 -21.894813 34.427199 -30.782187 9.930211 -30.746239 -0.429979 -30.316102
1 19.358049 -6.197799 -2.441474 -2.435102 -1.126204 -2.392064 -2.301576 -2.463830
2 -9.968603 29.703875 6.963611 -8.741636 5.927208 -9.589110 -5.424174 -8.871168
1 42.240934 12.970475 -10.310646 -12.035238 -1.837927 -11.868018 -7.332344 -11.827238
5 22.834190 6.720746 -12.249042 -13.946708 38.717680 -13.609523 -13.856710 -14.610633
2 -41.615270 100.419351 4.831205 -31.740298 40.555742 -31.120564 -9.618810 -31.711359
1 43.723075 5.107505 25.397267 -19.664613 -16.830044 -20.014780 2.333364 -20.051773
5 33.564425 15.282515 25.966635 -33.780971 49.399434 -33.243466 -22.098795 -35.089779
5 3.771805 4.551922 9.870153 -10.441152 20.979868 -10.456186 -7.307855 -10.968555
1 40.415031 4.891489 26.250985 -14.092181 -16.887962 -14.100375 -12.359447 -14.117538
1 14.861146 6.181248 -15.217189 -3.226005 0.070481 -3.000236 3.496123 -3.165569
2 -5.487978 24.219315 -10.737006 -9.381161 16.825478 -9.934874 4.699595 -10.203368
1 0.000000 0.000000 0.000000 0.000000 0.000000 0.000000 0.000000 0.000000
1 41.015294 -6.459826 33.371359 -19.080018 -22.485577 -19.278842 12.350380 -19.432766
7 -13.801748 6.264795 6.640182 -0.872130 -3.309376 -0.830938 6.671349 -0.762136
3 -14.267309 5.255615 35.213444 -10.045982 11.394647 -10.147752 -7.390097 -10.012565
3 8.847640 -24.914050 60.138146 -12.292628 7.303365 -12.418641 -14.724245 -11.939586
3 -8.044233 -3.010194 64.515103 -8.526907 -18.454326 -8.575822 -9.917262 -7.986358
1 31.632682 -11.673791 2.750068 -6.504710 -4.220980 -6.674945 1.261877 -6.570199
3 9.380882 32.504105 99.023288 -31.860300 -31.486457 -32.338392 -12.811701 -32.411419
1 18.006799 13.636339 5.238437 -10.821083 -8.114650 -10.402801 2.835056 -10.378098
3 3.741960 3.719547 22.147843 -5.257610 -5.751386 -5.090646 -8.350407 -5.159301
3 29.765033 -14.236352 32.401522 -23.227824 14.597924 -23.248349 7.158302 -23.210258
1 20.064251 0.361036 -2.154639 -5.295517 2.362541 -5.205370 -4.814557 -5.317746
1 25.771852 6.933584 -6.932041 -8.633743 9.659871 -8.625007 -9.137498 -9.037017
3 42.491277 18.268302 57.364166 -25.325048 -38.176630 -25.967056 -2.953528 -25.701478
1 17.758797 6.912797 14.837305 -5.449446 -22.478796 -5.271628 -0.869904 -5.439125
1 37.639743 18.147863 36.808149 -19.206635 -21.310107 -19.740012 -12.694728 -19.644270
2 -1.584020 8.407582 -2.312521 -0.678770 -7.213036 -0.674075 4.707620 -0.652781
1 15.642401 12.320136 -10.796191 -1.046033 -19.711700 -0.890277 5.309660 -0.827998
3 -4.050316 -2.537299 8.893167 -1.554886 3.283412 -1.408934 -1.229148 -1.395996
5 -3.965773 3.293669 -1.778080 -6.397455 20.891638 -7.067177 1.426936 -6.403757
3 -3.811366 32.317031 98.099594 -21.581583 -48.941112 -21.967363 -12.321677 -21.793517
1 43.772776 -27.402993 15.652607 -14.664713 24.552488 -14.602270 -12.135258 -15.172636
1 23.019167 6.506559 -6.529112 -6.177630 -2.472462 -6.066020 -2.084085 -6.196417
3 7.326438 -10.706488 44.601567 -15.053856 18.027088 -15.474463 -13.195384 -15.524902
1 40.814390 1.211858 -29.402798 -6.116891 -5.797445 -6.359590 11.687410 -6.036933
3 10.300129 16.105263 24.240956 -19.815470 10.101588 -20.173515 0.134503 -20.893452
3 -16.423842 -4.128685 45.271161 -12.956994 27.849784 -13.312517 -13.126102 -13.172803
3 14.402978 -10.739958 29.028868 -11.482625 18.342023 -11.533164 -16.828516 -11.189604
5 -5.902246 18.370956 0.837625 -22.036435 59.564312 -22.469742 -4.827804 -23.536668
3 1.366124 -8.978909 67.694515 -17.671236 16.885089 -17.338937 -24.274920 -17.681727
5 -19.322020 -9.844948 51.128933 -31.367967 68.219624 -30.912054 3.839214 -31.740783
5 -27.840793 35.025884 30.324855 -26.757139 45.514706 -27.398473 -2.287545 -26.581494
3 -8.271735 -20.625385 43.799096 -9.522074 22.905522 -10.045489 -8.876037 -9.363897
1 24.492433 0.292191 5.147648 -9.912728 1.547634 -9.585104 -1.877419 -10.104654
5 -2.384084 11.785394 -27.774638 -22.240964 38.695049 -22.599485 -2.657234 27.175963
1 22.115118 -6.246555 8.403677 -6.455418 -6.239860 -6.674945 1.492913 -6.394929
1 22.496349 14.750193 20.434286 -12.034680 -10.371483 -12.243456 -10.854949 -12.176256
5 3.755988 13.298607 -34.139126 -5.340325 18.986928 -6.041315 14.724420 -5.245177
3 2.764136 -8.140971 45.463955 -12.988311 11.163456 -13.213117 -11.721925 -13.327222
1 40.045014 -2.153838 13.873873 -10.330961 -13.706967 -9.939347 -7.769987 -10.017790
3 -5.085039 -9.691372 46.854034 -5.983026 -8.488888 -6.203509 -5.622712 -5.779487
5 -16.917490 8.556446 2.736879 -11.109763 51.123421 -10.679791 -12.513922 -11.195780
5 -5.210334 15.862732 -13.374124 -13.283002 53.612191 -13.626969 -10.038818 -13.941678
1 15.404744 -3.151065 -0.775174 -3.877359 1.571912 -3.950178 -1.623080 -3.599799
1 53.988413 -24.803248 16.528151 -13.733232 0.530701 -13.913079 -3.923040 -14.674665
5 10.989136 -9.132969 5.428430 -10.200754 15.632837 -10.088120 7.941702 -10.570262
3 28.497828 3.281786 31.938525 -11.270898 -26.013833 -11.076869 -3.956808 -11.399731
2 -9.968603 29.703875 6.963611 -8.741636 5.927208 -9.589110 -5.424174 -8.871168
2 -20.100187 12.275149 10.984097 -5.071788 9.923953 -4.811412 1.849624 -5.049436
1 14.351952 0.000000 -8.040544 -1.171036 -2.159611 -1.121568 -0.635329 -1.223864
3 10.920161 -9.092937 44.151348 -14.736616 10.216224 -15.100257 -11.575473 -14.782449
3 -5.085039 -9.691372 46.854034 -5.983026 -8.488888 -6.203509 -5.622712 -5.779487
5 -17.644984 9.893740 14.800806 -13.302874 26.457780 -13.376206 6.633058 -13.461322
1 33.372872 2.906020 -23.852525 -6.116891 -5.600364 -6.359590 11.687410 -6.036933
5 -16.649538 10.243463 -13.853676 -11.379189 60.397197 -11.935566 -4.760467 -12.062225
3 58.710904 -13.509713 149.453495 -37.478967 -56.901402 -37.579409 -25.726225 -36.968674
2 -3.134219 6.953992 2.867424 -1.658683 -4.825014 -1.542906 3.264136 -1.924730
5 8.327516 9.154794 -4.219720 -18.933102 53.640413 -20.388676 -7.922398 -19.658826
3 25.377324 15.220783 51.421251 -19.382843 -21.335419 -19.567322 -12.134497 -19.599272
5 -8.768960 27.875700 31.617441 -27.535002 45.072873 -27.475308 -12.165740 -28.621004
2 -0.557651 22.413675 -15.665970 -4.133313 11.352163 -4.682105 -4.197520 -4.529279
3 8.830575 4.115272 27.673634 -15.426231 23.948500 -14.924884 -18.990556 -15.226309
5 -4.640711 -4.749697 3.068471 -2.644906 17.171730 -2.951123 -2.708340 -2.545425
3 34.379852 4.756270 45.137696 -24.977862 3.052737 -24.500928 -12.067356 -25.780410
3 20.073646 22.109899 24.846309 -13.693364 -12.230435 -13.786362 -13.218705 -14.100986
1 17.298440 12.030280 -11.290317 -7.882673 6.204522 -8.301296 -0.085419 -7.973537
5 25.031536 0.273109 -5.267419 -13.946708 36.129902 -13.609523 -13.856710 -14.754188
1 38.675980 19.278069 -4.678900 -26.274147 29.213088 -25.595510 -3.643124 -26.975458
3 -7.981483 -9.813788 44.366281 -5.258746 -5.662734 -5.276524 -5.173570 -5.199438
1 0.000000 0.000000 0.000000 0.000000 0.000000 0.000000 0.000000 0.000000
1 3.089197 -2.017523 -3.464427 0.000000 2.574905 0.000000 -0.182152 0.000000
1 17.298440 12.030280 -11.290317 -7.882673 6.204522 -8.301296 -0.085419 -7.973537
3 20.681490 26.346837 30.361096 -18.957931 0.768387 -19.065042 -20.688509 -19.446325
5 2.646700 6.457901 20.936679 -14.414472 28.155088 -14.627511 -13.500146 -15.654239
5 7.849174 0.916858 0.561531 -7.005286 18.334276 -7.009607 -6.099212 -7.547735
3 -2.396739 -2.507015 5.753572 -0.835208 -3.860241 -1.036194 5.662215 -0.780390
3 14.159305 -23.553038 68.796810 -13.759675 -18.088339 -13.878644 -0.201545 -13.474875
1 33.200144 -2.319735 24.317953 -8.702469 -18.276659 -8.545668 -10.774365 -8.899198
3 6.185527 -15.552649 133.068522 -22.915914 -30.327622 -22.873277 -24.740780 -22.843807
3 14.117911 -11.348281 27.018441 -4.979543 -9.903466 -5.048390 -5.022592 -4.834081
1 74.342716 -28.225927 16.452241 -17.306267 -9.227750 -16.826955 -1.732048 -17.476011
3 -14.079915 29.166210 30.954203 -13.511142 7.851473 -13.536576 -13.208364 -13.635890
3 -14.161994 8.453917 107.006299 -30.706254 17.819624 -30.820005 -26.784871 -30.806716
1 44.923573 13.919121 17.339738 -12.757977 -26.757125 -12.045858 -12.506511 -12.114962
2 -11.350349 13.218787 3.921988 -2.530813 -8.134390 -2.373843 9.935485 -2.686866
1 18.396333 4.482125 5.026681 -5.415636 -1.879353 -5.287879 -9.844183 -5.478088
2 21.022979 23.859612 14.836858 -16.253239 -6.893143 -17.137498 -3.010544 -16.425021
3 17.907811 51.046494 96.828758 -30.711428 -40.258582 -30.776218 -32.974565 -31.062263
1 32.480563 11.122607 -8.674586 -7.207786 -5.372544 -7.094191 -7.976724 -7.277340
1 23.238205 -11.098151 -5.063427 -5.473636 16.085222 -5.881632 -6.194747 -5.611836
1 49.232116 6.041440 -32.668933 -8.035213 7.773558 -8.386970 -5.932630 -8.023370
3 -28.380915 8.787376 24.364256 -9.399174 23.937136 -9.611269 0.609001 -10.306411
1 34.951232 -1.949956 -14.890843 -23.097551 33.973639 -23.493371 18.236848 -23.730000
5 0.512153 3.938603 2.436266 -14.246102 40.913567 -14.637728 -3.554098 -15.362661
3 20.326257 -4.804479 24.495331 -13.467310 -3.108985 -13.057916 2.688553 -13.071451
1 31.906821 -11.091433 -13.466074 -5.121394 8.305017 -5.089232 -0.285195 -5.158513
5 -13.017420 15.027636 6.019415 -9.575354 33.622060 -9.731282 -12.202250 -10.142805
5 -21.928278 7.411995 46.500496 -25.698028 70.030061 -25.394026 -24.965552 -25.956670
3 -6.995692 4.689000 20.472835 -3.656559 -8.300085 -4.181094 1.444831 -3.473235
2 21.926820 23.836911 -1.230567 -6.046862 -18.759524 -5.759717 -8.200782 -5.766282
5 5.648865 -12.834656 19.292550 -9.016998 25.691615 -9.075202 -10.591022 -9.115151
3 21.759845 5.808229 29.379391 -12.859230 -3.660870 -12.537056 -14.794042 -13.096266
5 14.734381 2.022916 -14.178008 -6.941422 28.647052 -6.599916 -10.622106 -7.062898
3 -0.710655 -28.152095 46.570590 -11.247532 17.987272 -11.307958 -2.158487 -10.981135
5 35.302754 -5.057472 -7.645178 -16.116780 38.145320 -16.469288 -11.103827 -17.055526
3 36.325562 2.771060 38.263035 -17.792265 -4.074379 -17.314270 -20.330330 -17.848414
5 9.440010 18.607023 13.206913 -16.797185 24.779372 -16.835655 -15.433892 -16.966587
5 -10.060255 32.992599 -32.076058 -9.277418 37.039896 -9.836307 0.456587 -9.239043
3 18.433306 12.589097 19.523136 -8.715585 -16.712483 -9.086081 -7.044816 -8.986572
3 8.492324 -4.636143 16.385279 -8.795689 11.164704 -9.147601 -4.636964 -8.825909
1 107.675926 -1.998206 19.031101 -27.980219 -18.181854 -27.425170 -22.449313 -28.672266
3 15.040752 3.965462 41.485892 -14.910075 1.541659 -14.824678 -17.109378 -15.189634
1 15.138758 0.289110 -10.252116 -2.741764 6.029088 -2.619442 -3.068038 -2.775597
3 27.664704 -4.584656 36.933294 -8.328668 -30.595037 -7.860965 -4.252960 -8.975712
3 -11.909837 16.651772 65.626104 -24.033053 27.129234 -24.757810 -23.963849 -24.742557
5 -7.224391 9.379810 -10.974499 -10.687449 50.033412 -10.381902 -9.280607 -10.864375
2 -38.017560 39.413593 29.021706 -19.499966 26.853623 -19.587011 1.261383 -19.445768
2 2.976888 8.503537 -2.571291 -0.498370 -6.701957 -0.445139 -0.937305 -0.326364
3 52.424657 -7.020622 78.172789 -31.707473 2.461396 -32.403632 -29.656130 -32.270983
5 5.380714 7.279350 21.334663 -20.000591 38.130231 -19.900802 -11.970879 -20.252684
5 -8.878612 16.302924 0.629102 -9.914721 22.066165 -10.391139 0.697315 -10.511033
1 44.477943 7.940703 6.138407 -18.250174 0.833083 -18.712768 -4.100509 -18.326684
7 -17.918161 4.203110 6.640182 -1.216712 -3.763174 -1.348891 14.461660 -1.058014
2 -19.259626 83.402210 -9.583778 -14.611125 4.776342 -14.802882 -15.029423 -14.891723
2 -24.800453 28.111099 -26.869660 -3.458896 10.278991 -5.034121 25.223992 -3.450955
3 30.482975 -13.114196 43.758790 -14.634965 -3.942730 -14.618647 -13.588354 -14.342873
3 0.709558 12.020273 96.717935 -30.020287 14.845256 -29.269626 -34.816749 -30.186362
5 15.328723 36.873584 -8.978351 -30.161724 60.761476 -30.033573 -13.804295 -29.985840
5 -13.710878 23.633589 -13.704394 -6.837977 23.666240 -7.355774 1.632172 -7.322977
3 11.990040 -23.821665 73.346898 -27.336663 50.866518 -27.240760 -29.845821 -27.958546
3 -0.071857 16.126490 21.261313 -12.812011 6.435399 -13.528645 -4.625726 -12.784962
1 42.164360 -16.903971 37.015156 -15.646304 5.489689 -15.596332 -20.955376 -15.567219
3 38.356390 -8.436330 57.070917 -16.558057 -31.967268 -16.451526 -5.608393 -16.405733
5 -13.038013 29.787711 -10.014151 -11.321840 39.825144 -12.356118 -11.008728 -11.874002
5 -29.895891 24.909203 -21.426705 -8.172525 49.583521 -8.447363 1.836161 -8.386401
2 10.987869 27.356257 -15.107538 -13.429818 27.101184 -14.023506 -9.037918 -13.846530
2 9.213882 23.016301 -26.895959 -4.891004 13.219980 -4.964116 -3.586426 -5.112658
3 41.760653 7.677433 121.017346 -39.013430 -30.125781 -38.263494 -24.346836 -38.705888
1 30.752534 -4.208171 -5.665723 -4.269894 -4.098790 -4.306932 -4.091173 -4.111850
5 10.170218 -4.163651 -6.734082 -8.237446 26.520577 -7.782133 -1.914331 -7.859154
5 -16.372765 9.860839 14.513856 -10.259776 31.139497 -10.868121 -7.155997 -10.857532
3 40.575513 20.372332 52.378863 -21.780421 -30.225299 -22.357708 -16.404939 -22.558336
1 31.929850 -6.723276 -29.460413 -7.158677 28.824173 -7.461272 -3.144806 -6.805580
5 -21.128251 1.362079 32.234052 -17.992789 53.148275 -18.761406 -9.411310 -19.450649
2 -43.828706 44.342664 39.897755 -19.669474 18.955384 -21.279084 1.853639 -20.272173
5 -42.970716 -5.939850 27.851151 -8.321413 36.298006 -8.238101 9.214460 -7.893539
1 58.145362 22.526770 12.231830 -22.936108 9.790018 -22.450714 -33.821976 -23.485182
1 21.343353 8.396002 -9.230505 -13.124908 19.366328 -13.305374 -0.349051 -13.095845
5 -17.870985 5.779702 7.067133 -10.121212 32.084914 -10.542783 4.613898 -11.010667
3 -13.767242 18.144576 72.573509 -18.941152 -1.514453 -18.606796 -18.670571 -19.217870
5 25.999291 1.942732 21.093386 -22.044009 31.301253 -22.921931 -12.457570 -22.913150
1 58.762238 38.101299 19.026090 -27.151441 -16.529315 -27.220375 -17.547906 -27.440588
5 -12.837055 0.529346 -7.880996 -4.230268 25.759164 -4.162781 7.014037 -4.191449
3 17.022187 -0.539000 18.829446 -4.707529 -11.301201 -4.672938 -9.455386 -5.175581
5 -7.221767 15.719928 -1.642168 -11.832821 37.585749 -12.134054 -7.926818 -12.548048
1 45.001981 4.509888 -31.627613 -11.583126 17.321511 -11.936115 0.003187 -11.689716
3 14.714830 37.030103 138.588875 -36.876773 -47.325074 -37.640781 -31.323459 -37.167713
3 -6.226085 -4.786418 30.737133 -4.100569 -3.169755 -4.186421 -4.080548 -4.187336
5 -15.175550 -7.863867 2.967271 -7.187658 48.917090 -7.354961 -6.546006 -7.756319
5 -15.983098 12.735737 9.196186 -13.231890 47.994595 -13.038228 -14.438678 -13.234626
3 12.337607 -12.228740 36.917193 -9.326415 -12.031486 -9.231018 2.943409 -9.380552
1 39.331230 -3.044721 12.317069 -13.472383 -19.001255 -13.826033 10.893935 -13.197841
2 -5.715378 21.324422 -17.386486 -3.554368 15.397068 -3.834439 -2.408029 -3.822788
3 -4.112124 -7.009947 50.507418 -13.831772 5.422890 -14.555827 -2.218699 -14.201938
1 23.190627 15.346008 -2.362519 -7.238287 -22.687335 -6.884130 8.660491 -8.024854
2 -1.584020 8.407582 -2.312521 -0.678770 -7.213036 -0.674075 4.707620 -0.652781
3 32.648281 41.078727 77.812242 -30.723133 -32.306827 -30.362997 -27.005236 -31.141054
1 36.152454 10.232028 20.812650 -11.009278 -31.984043 -11.164709 -2.274293 -10.764808
5 31.760346 5.884266 -2.464463 -21.441035 42.504879 -20.966827 -14.130203 -21.146966
2 0.320453 15.053969 -18.533394 -2.474630 13.211115 -3.139200 -1.833764 -2.604549
5 -22.263931 15.957065 33.645064 -24.243821 34.238153 -24.587053 12.536073 -25.281549
5 -1.931031 23.031119 -12.903245 -12.359563 34.486435 -13.288965 -4.596396 -12.438352
1 20.175295 9.355577 -3.348737 -9.243326 4.151776 -9.702662 -2.026246 -9.361676
5 18.310637 22.229452 34.162386 -34.724341 39.321827 -35.351448 -7.569741 -36.378772
3 24.209239 -8.829694 49.395507 -12.079328 -13.766803 -11.928297 -14.940192 -12.060433
3 4.585427 -0.524850 119.529275 -35.136824 3.497735 -35.985249 -20.043932 -35.921578
1 26.093485 4.223293 -8.210682 -12.874954 20.173515 -12.813031 -3.992745 -12.598881
1 40.118882 -10.282750 -2.249043 -13.390493 6.782332 -13.512785 6.722305 -14.188447
5 25.181717 5.046353 -11.100226 -24.003438 51.720967 -24.216752 1.118954 -23.747577
3 12.782441 24.395786 67.862601 -33.467861 5.179013 -33.249478 -9.724119 -33.778384
1 126.416744 -31.839518 -3.549432 -28.473862 -11.710245 -27.904708 5.533420 -28.472401
3 -12.268436 3.020853 48.186140 -13.402686 14.266426 -13.482773 -12.848711 -13.470811
5 9.585486 10.100041 3.544901 -8.968106 10.319220 -9.936867 -5.677150 -8.967525
2 -6.136515 21.710938 3.579203 -7.617870 2.299250 -7.397391 1.076104 -7.513719
5 -5.569075 20.925813 -24.393878 -9.245553 32.541726 -9.819094 5.301732 -9.741671
5 37.946983 -21.591967 1.976370 -17.450446 46.967512 -17.212905 -13.277879 -17.357668
3 26.725367 8.912676 64.816915 -18.907273 -29.302817 -18.589778 -14.744330 -18.910756
3 3.355843 29.778507 30.157444 -19.376838 13.988626 -19.239897 -18.999873 -19.663810
3 29.191626 -17.385300 32.572225 -17.449471 12.774698 -17.089666 -5.441885 -17.172229
1 22.652514 6.133684 9.555578 -11.817016 10.182653 -11.342597 -13.628348 -11.736467
3 18.552055 29.809598 68.598537 -20.402064 -31.665764 -20.458207 -23.588555 -20.845596
1 60.468222 -17.949110 44.517577 -29.187269 24.295200 -29.746787 -23.192390 -29.205441
1 13.362093 10.048002 -2.175770 -7.477194 -1.417984 -7.762417 3.045268 -7.621996
1 55.907629 4.447657 23.753863 -21.459203 -16.974244 -21.814851 -2.305678 -21.555171
3 16.505179 7.886712 37.168701 -16.663156 -3.835544 -16.312602 -7.870294 -16.878996
5 -5.808366 14.394877 6.746266 -8.830070 24.776554 -8.939960 -13.175964 -9.163338
3 -10.636853 10.888271 50.671640 -15.214395 4.185052 -15.744447 -8.414734 -15.734535
1 35.613188 24.290982 21.935575 -13.267780 -34.879268 -12.887910 -7.581019 -13.223765
3 3.026941 22.949356 23.290881 -10.734914 -22.423257 -11.256277 5.868211 -10.720939
5 -7.897159 6.114388 8.604487 -5.470282 11.442311 -5.976030 -1.311190 -5.506524
1 68.621620 -28.648062 56.035945 -20.268357 -16.035833 -19.857064 -20.243805 -19.604446
3 12.880891 8.391592 23.611871 -13.871344 14.094662 -13.515951 -17.761408 -13.830313
3 -28.380915 8.787376 24.364256 -9.399174 23.937136 -9.611269 0.609001 -10.306411
3 -12.423536 10.660332 26.747226 -9.964102 14.742107 -9.935590 -9.764862 -10.061574
3 12.685849 -1.385827 31.683623 -15.627144 21.124928 -15.654676 -16.709506 -16.117244
1 68.432310 -12.452556 -19.495482 -11.243654 5.195040 -10.906644 -8.173704 -11.355313
1 53.165922 -25.056973 10.913796 -23.466455 43.079744 -23.153457 -10.899915 -24.582659
3 23.077805 18.218382 26.885754 -16.286845 -5.016166 -16.063765 -14.262989 -16.552174
5 -16.509393 18.657327 -23.147751 -6.787084 36.108489 -7.825672 6.887293 -7.383208
8 -1.782701 22.216344 0.594793 -23.433218 17.477020 -23.470228 -17.849340 26.247331
1 35.502684 -14.941070 -18.104234 -9.000086 24.189085 -8.637595 -0.278657 -8.730130
3 4.033324 11.615717 71.378094 -13.073230 -31.200300 -13.054691 -16.958151 -12.740761
3 -1.837523 -9.167557 44.578472 -12.264031 14.996726 -12.286131 -11.272782 -12.747173
3 21.564907 14.986896 28.665928 -12.395705 -17.820048 -12.219624 -10.325838 -12.456515
3 -13.086186 18.980371 48.050305 -22.787123 22.670644 -22.987425 -7.820702 -23.019880
5 14.749362 20.827537 -18.872654 -14.081528 38.563047 -14.064815 -13.021625 -14.099322
3 0.313000 -14.419652 71.305900 -15.856975 -1.932656 -16.306729 -7.071765 -16.031121
3 40.598180 -8.324987 46.003790 -20.441126 -31.629587 -20.450711 14.547745 -20.303300
5 -32.161010 33.898730 30.281485 -25.375667 68.449673 -24.647545 -24.726332 -25.719337
1 0.000000 0.000000 0.000000 0.000000 0.000000 0.000000 0.000000 0.000000
3 2.824343 5.239899 58.081387 -9.246758 -29.029048 -9.190725 -9.658777 -9.020320
3 0.872248 17.555754 77.919975 -30.189916 13.460538 -29.294308 -19.699418 -30.624873
5 -29.124140 10.565545 15.693152 -23.280954 90.095634 -23.853390 -15.564950 -24.530899
3 -20.061998 7.378344 26.631526 -5.600575 -1.976137 -6.161332 5.452655 -5.662485
5 -1.780562 7.456298 0.437105 -5.913214 11.790263 -6.686383 0.710279 -6.013785
3 8.521147 19.427579 40.991397 -8.174192 -39.997724 -8.089121 -4.575479 -8.103605
1 44.807459 -9.324359 33.097322 -18.718852 0.593310 -18.746102 -12.748932 -18.959845
1 83.085033 17.448923 31.666459 -32.819889 -16.333650 -33.045382 -16.978206 -33.023281
2 -7.475682 7.594130 -5.195516 -0.627876 4.700076 -1.143973 2.861854 -0.713013
3 -1.788067 12.855196 33.018882 -10.617976 -24.357007 -10.712191 11.724324 -10.123163
3 12.488898 15.728633 40.875668 -30.493743 24.549390 -30.907579 -1.620175 -30.621095
3 -9.093967 -8.000981 60.993128 -10.100380 -2.657027 -10.424767 -10.874500 -9.841504
3 3.635570 -15.612521 113.385961 -26.323816 -11.796225 -25.933919 -10.661164 -26.693885
3 -4.352653 12.178657 34.198362 -18.769102 33.732829 -19.906595 -17.763445 -19.318051
5 -9.033712 11.063197 -17.952235 -6.159207 31.408413 -6.681699 4.025439 -6.670195
3 -5.085039 -9.691372 46.854034 -5.983026 -8.488888 -6.203509 -5.622712 -5.779487
5 27.603723 -6.994976 2.776237 -26.975730 83.496653 -26.838523 -26.098636 -26.968746
3 -6.068603 1.832168 44.565612 -11.538027 0.113209 -11.824154 -5.244773 -11.835432
3 19.515384 6.980366 31.668950 -16.027947 -3.924372 -15.657609 -6.160394 -16.394377
2 9.689365 18.173357 -18.161660 -7.431727 16.968979 -7.784617 -4.031109 -7.422587
3 0.155100 -7.191957 18.970499 -3.438584 1.545210 -3.547183 -3.083848 -3.409236
5 -23.545146 19.752512 -2.124953 -8.507919 33.779453 -8.617291 -1.836680 -8.899978
5 -19.753117 20.942286 -1.535499 -10.161804 36.734634 -10.963164 -4.955729 -10.307607
3 -15.051846 -9.009334 40.773036 -6.169916 5.865834 -7.046517 -3.188965 -6.172293
5 9.932540 7.959793 -24.356586 -17.958775 59.349585 -17.940042 0.922437 -17.908954
3 32.248056 27.101027 36.551260 -18.880632 -22.094458 -19.541033 -16.234849 -19.149366
3 19.070791 -12.752284 80.008231 -14.502885 -29.669689 -14.633388 -13.209487 -14.311288
1 33.426221 -1.472273 4.529716 -8.930018 -6.255569 -8.895253 -3.047910 -9.354914
3 6.730398 5.161226 28.780429 -8.679018 -14.339094 -9.171796 0.390716 -8.872860
3 13.186568 4.816506 32.361886 -13.935208 7.914164 -13.925642 -16.103123 -14.315150
5 -4.029317 15.517826 16.778438 -12.171239 17.859555 -11.997392 -9.466477 -12.491394
1 1.544598 0.000000 -1.544598 0.000000 0.000000 0.000000 -0.000000 0.000000
1 24.861456 -3.715105 -8.293898 -1.869634 -5.383672 -1.788504 -1.797182 -2.013462
7 11.132497 -13.987761 14.837522 -15.031402 3.643790 -14.396435 28.563181 -14.761398
3 0.000000 -0.000000 0.000000 0.000000 0.000000 0.000000 0.000000 0.000000
3 -11.186526 -0.043156 25.114175 -4.557086 2.838843 -5.209397 -2.350091 -4.606761
1 26.367816 18.390029 -22.037333 -14.411774 21.748665 -14.020961 -1.906121 -14.130322
5 18.593678 -6.297962 5.630772 -18.485939 47.081487 -19.461605 -7.484322 -19.576109
3 46.873092 -2.057293 50.070366 -31.730941 10.224723 -31.583437 -9.266333 -32.530176
5 11.178402 -2.031432 -10.252116 -2.741764 12.309987 -2.619442 -3.068038 -2.775597
3 23.230067 -19.741023 96.234800 -34.737150 2.182703 -34.608697 1.455779 -34.016477
3 4.846772 -17.969478 70.329225 -14.594230 2.432553 -14.500543 -15.974898 -14.569400
3 26.578614 31.109973 33.480493 -15.530708 -37.650971 -15.229014 -7.196760 -15.561623
3 23.039708 -10.556799 54.790867 -20.420669 5.831687 -20.182606 -11.451593 -21.050597
1 36.335927 9.147373 -7.169871 -8.835221 1.344486 -8.422056 -13.127876 -9.272763
3 -4.259980 -21.003731 83.387640 -20.620899 17.579795 -20.569414 -14.145966 -20.367447
3 -7.318288 25.857836 74.310021 -35.099094 31.580766 -34.759955 -18.941022 -35.630264
3 7.556996 -24.967449 142.410447 -26.389120 -18.713745 -26.631731 -26.850547 -26.414847
1 38.444957 -12.437167 15.313684 -13.150671 12.071261 -13.196111 -12.987470 -14.058482
1 27.642700 2.323646 0.329599 -11.986487 19.747136 -11.623871 -14.437646 -11.995076
1 65.166875 -2.869487 2.563635 -13.558013 -14.412122 -12.967878 -10.057931 -13.865080
3 11.063556 -11.111233 61.019120 -14.977450 -12.343253 -14.946624 -3.879440 -14.824675
3 14.774053 1.287454 29.612510 -6.929922 -13.516215 -6.916035 -11.544430 -6.767416
3 10.877379 40.705661 169.740547 -35.649692 -81.617542 -36.208962 -31.975522 -35.871861
5 -31.392700 23.224195 35.233058 -21.452499 49.135963 -21.456948 -11.574162 -21.716908
1 64.990427 -14.170043 27.459210 -23.573831 -8.784381 -22.738534 -0.214835 -22.968015
1 24.751499 12.697893 -18.161181 -6.825726 -15.816172 -7.688514 17.853353 -6.811151
1 44.882190 -19.118635 -8.802412 -9.189071 9.907898 -9.199443 0.984767 -9.465295
5 16.143657 -4.462988 13.200218 -12.553572 24.822451 -12.450232 -11.363385 -13.336148
3 41.055263 22.841056 112.927297 -26.960626 -61.389358 -26.518840 -34.759229 -27.195558
5 -4.534253 -6.769123 -9.149893 -10.073952 52.451240 -10.065787 -1.324114 -10.534119
2 10.844755 29.608481 18.737676 -12.034680 -15.986675 -12.243456 -6.749841 -12.176256
3 -1.537914 6.280520 33.721411 -13.541489 15.868992 -13.968354 -12.860244 -13.962919
1 9.493946 1.332498 6.741997 -7.477061 9.167964 -7.515392 -4.194405 -7.549548
3 -4.460201 -18.873429 91.988028 -14.035366 -24.535194 -14.137074 -2.004153 -13.942611
1 19.358049 -6.197799 -2.441474 -2.435102 -1.126204 -2.392064 -2.301576 -2.463830
3 -3.224216 12.030316 12.508612 -5.257610 -5.013457 -5.090646 -0.793697 -5.159301
1 43.073820 13.740298 -9.571584 -14.836922 6.001809 -14.634058 -8.232569 -15.540795
3 -27.853484 -4.678122 111.287992 -23.415579 15.567614 -23.667704 -23.313817 -23.926898
5 7.560321 6.834852 -3.189229 -21.001314 59.961877 -22.098135 -7.596832 -20.471537
1 38.332135 -3.363824 -7.090604 -6.934125 1.079125 -6.534139 -8.740929 -6.747641
2 -7.760473 27.262914 -8.507264 -5.814422 5.751484 -5.761818 0.955674 -6.126095
1 80.923577 -0.889069 5.883701 -23.437435 3.072460 -23.324104 -18.289322 -23.939807
3 -16.662269 5.891725 34.888355 -10.507776 18.249776 -10.736466 -8.875924 -12.247422
1 60.900861 21.157398 35.687042 -29.122617 -21.182806 -29.166536 -8.498098 -29.775244
3 24.873673 -5.563318 38.595998 -18.390143 19.804938 -18.121549 -22.495607 -18.703991
1 0.000000 0.000000 0.000000 0.000000 0.000000 0.000000 0.000000 0.000000
1 33.117752 6.962639 25.828693 -21.298178 20.855990 -21.330129 -22.406306 -21.730461
3 -27.852493 -15.037257 68.246379 -21.292517 42.312621 -21.281835 -4.038894 -21.056006
2 -23.311263 49.918760 25.406681 -24.612475 27.950347 -25.696019 -4.674427 -24.981602
3 21.485298 6.478471 43.865213 -25.433978 26.489078 -25.686764 -21.742074 -25.455242
5 28.662292 15.779324 34.694162 -32.311628 55.794631 -31.665900 -38.187078 -32.765803
3 13.348617 16.901066 27.643471 -10.939736 -14.313967 -11.232547 -10.045231 -11.361671
1 19.358049 -8.215322 -2.816705 -2.435102 1.448701 -2.392064 -2.483728 -2.463830
5 -10.228019 -0.419669 18.612460 -13.779996 35.377410 -13.828714 -1.624040 -14.109434
5 -9.414463 -4.753648 2.485236 -4.749489 23.420918 -4.781116 2.154496 -4.361935
1 38.499129 -17.068961 20.541440 -8.937183 -17.771312 -9.039248 2.889614 -9.113476
1 89.325586 15.949614 -19.680402 -19.461308 -21.664697 -19.018357 -5.802521 -19.647915
3 -28.833885 20.485165 186.428323 -51.461470 20.208523 -53.097699 -41.718017 -52.010936
5 -3.605761 15.402402 44.198431 -38.012564 96.186599 -39.361517 -36.018215 -38.789374
3 29.056871 14.063680 85.533963 -26.510034 -31.244651 -26.627219 -16.809107 -27.463499
5 3.033716 0.976229 12.754230 -14.408410 33.790304 -14.622894 -6.441729 -15.081448
5 -17.109829 1.595402 13.529264 -13.231890 54.010552 -13.038228 -12.520647 -13.234626
2 -8.543976 43.133530 27.474540 -15.404986 -14.546007 -15.027098 -1.766075 -15.319929
3 7.563622 14.972003 26.637805 -15.300675 5.497219 -15.768954 -8.184049 -15.416968
3 43.473202 -32.284039 54.216958 -14.249794 -14.132711 -14.269109 -8.795381 -13.959125
3 -18.912012 -23.163387 110.608921 -14.351544 -12.858582 -14.297900 -13.254578 -13.770917
3 40.515566 23.363750 63.557329 -23.354773 -27.629962 -23.035906 -30.047976 -23.368024
1 21.720069 -2.736783 -7.357909 -6.707856 -6.322122 -6.230417 13.777201 -6.142185
3 -5.267924 2.028332 125.679437 -21.793924 -59.583785 -21.857668 2.339629 -21.544095
3 14.052019 -17.526761 35.224703 -7.323149 -8.153310 -7.170159 -1.943401 -7.159943
3 5.480955 7.476028 70.269747 -20.248129 -6.660911 -20.446221 -15.469371 -20.402099
5 -9.219810 17.396037 -32.009788 -2.523561 22.485233 -3.435506 9.918467 -2.611071
5 0.370869 2.170871 -13.966316 -6.487791 35.482015 -6.401428 -4.591147 -6.577074
1 94.802377 -32.260968 -7.448380 -15.152499 8.226382 -14.924908 -17.762364 -15.479640
5 1.544598 -2.017523 -1.919829 0.000000 2.574905 0.000000 -0.182152 0.000000
3 13.702571 10.270609 24.230117 -10.459844 -6.969203 -10.747956 -9.515450 -10.510844
7 12.964974 -9.230363 -7.769764 -7.527542 13.194269 -8.237439 14.172542 -7.566675
5 23.771557 -3.358444 -11.669094 -9.813536 27.813778 -9.576318 -7.300498 -9.867445
3 13.934249 -65.535274 195.083244 -43.111254 7.883696 -43.458267 -21.923339 -42.873053
1 19.358049 -6.197799 -2.441474 -2.435102 -1.126204 -2.392064 -2.301576 -2.463830
1 16.988764 -11.558647 1.537346 -3.198589 8.784947 -3.276103 -6.330700 -2.947017
1 15.138758 0.289110 -10.252116 -2.741764 6.029088 -2.619442 -3.068038 -2.775597
3 11.417854 -7.191957 14.019153 -4.609620 -0.614401 -4.668751 -3.719177 -4.633100
3 -4.459890 4.196528 41.396035 -12.686356 -1.935657 -13.371872 -0.297379 -12.841410
3 -9.806186 10.506318 32.321146 -11.093521 10.632074 -11.568044 -9.572426 -11.419361
5 -10.704193 7.690878 9.795438 -18.502418 46.778233 -18.167806 1.916730 -18.806865
1 34.921679 -4.429037 32.168808 -15.785674 -10.415135 -16.411167 -3.846154 -16.203319
5 22.714973 -10.764153 34.874755 -21.396605 34.916115 -21.135087 -17.449072 -21.760926
3 3.227157 -0.259771 6.207094 -2.002217 2.071874 -2.001199 -5.160591 -2.082347
3 -20.312426 -19.874587 110.798928 -17.874001 -0.115571 -18.234948 -16.280364 -18.107030
3 -10.426214 -16.392168 46.946614 -13.455188 18.131360 -13.224571 1.924121 -13.503953
5 32.610274 -8.841758 15.842535 -25.628019 38.122242 -26.566291 0.533789 -26.072769
5 19.596962 21.920692 43.300867 -46.980504 81.690340 -47.945926 -22.556865 -49.025566
2 -1.062239 38.572258 11.930888 -21.714727 30.034747 -20.968723 -15.011282 -21.780923
3 12.191116 2.852564 15.410017 -7.664512 -2.947949 -7.919235 -4.478714 -7.443285
2 9.213882 25.033824 -26.520729 -4.891004 10.645075 -4.964116 -3.404274 -5.112658
1 52.940822 7.986147 -13.133126 -12.179443 -2.946256 -11.758008 -9.118516 -11.791623
5 -9.866145 -10.285428 -5.894765 -2.924136 38.434284 -2.964796 -3.514832 -2.984182
1 33.484965 21.034694 -13.977246 -9.033486 -28.184241 -8.323473 13.241714 -8.242931
3 27.476352 -18.389724 130.254254 -29.489891 -28.114531 -29.864890 -22.023850 -29.847714
1 44.645996 -31.247718 16.494904 -18.227753 28.440633 -18.640241 -3.699834 -17.765986
3 35.574206 5.349609 70.626698 -32.880217 25.395604 -32.230704 -38.081074 -33.754123
5 -0.694820 -6.767220 -3.694475 -2.065961 19.746635 -2.103456 -2.438214 -1.982489
1 40.415031 4.891489 26.250985 -14.092181 -16.887962 -14.100375 -12.359447 -14.117538
3 29.067666 16.774714 165.590188 -36.043407 -74.821540 -36.002856 -28.165904 -36.398853
3 -1.837659 19.571402 22.083836 -21.527949 18.287020 -22.631040 8.104997 -22.050607
1 67.447008 -13.059731 -23.404737 -8.117719 -10.457557 -7.926037 3.484582 -7.965814
1 36.415394 -0.913944 36.064051 -13.228789 -12.892782 -12.812249 -19.671285 -12.960396
2 8.919933 24.070364 -1.126576 -11.213817 3.411840 -11.676965 -1.175380 -11.209396
5 -18.408689 -7.020812 20.577144 -9.912557 43.207544 -10.071864 -8.399466 -9.971302
3 -1.395735 -0.991672 36.865622 -12.264031 16.711110 -12.286131 -13.891989 -12.747173
3 16.445565 -3.342873 40.322981 -19.643691 21.757001 -19.352750 -16.351498 -19.834735
5 -4.837275 13.964716 -20.253910 -1.895685 17.256020 -2.291533 -0.044274 -1.898058
5 -1.980178 -1.160271 0.000000 0.000000 3.140449 0.000000 0.000000 0.000000
3 13.277099 -16.483353 108.776131 -36.543416 36.575812 -36.573119 -32.391125 -36.638028
3 51.949772 -30.748465 62.416350 -26.781789 27.920435 -26.617130 -31.192563 -26.946609
1 37.062410 10.551252 26.383655 -16.891953 -3.445487 -17.062465 -19.549405 -17.048004
1 52.336506 1.893697 -14.882325 -8.998288 -11.517583 -8.615923 -1.192174 -9.023912
1 7.711196 1.233753 7.679912 -7.887612 0.750402 -7.565599 5.809406 -7.731459
5 -19.602540 22.820137 -16.587389 -6.787084 35.579351 -7.825672 -0.213595 -7.383208
1 36.144881 1.484930 -15.936089 -10.023529 -0.157069 -10.085639 8.943630 -10.371116
3 0.107006 1.469631 85.274643 -24.531888 -2.267287 -24.397502 -11.318989 -24.335613
7 18.242086 -5.691208 4.012663 -11.420633 -4.510967 -12.161002 22.751688 -11.222626
3 -19.520670 -10.656383 99.681934 -24.631715 12.864184 -25.069143 -7.808187 -24.860018
3 -5.571242 -15.589373 64.939051 -8.697330 -9.391307 -8.823707 -8.257418 -8.608674
1 10.119644 1.355445 4.370681 -3.794366 -3.730560 -3.807510 -0.474441 -4.038893
1 14.827012 7.305387 -0.719666 -13.811382 9.304009 -14.267314 11.165878 -13.803923
3 8.488946 30.377534 34.725573 -21.755024 5.891888 -22.429512 -13.560664 -21.738740
5 -27.497117 34.535204 -32.853867 -7.300395 41.082008 -7.616425 7.274857 -7.624265
5 -9.544724 -0.155081 7.259766 -4.263522 18.897039 -4.390166 -3.031174 -4.772138
1 47.595126 11.385672 44.256635 -25.621912 -10.489462 -26.436246 -14.173461 -26.516347
1 18.169055 -4.491369 18.091527 -11.053098 10.733653 -11.574130 -8.734326 -11.141310
5 -41.998118 -10.062642 50.536236 -19.189423 78.720518 -19.736467 -19.072927 -19.197175
3 40.171817 17.037060 55.221309 -25.543375 -10.825231 -25.961631 -23.993255 -26.106691
3 10.001498 -10.758900 25.442061 -5.324126 -11.614101 -5.566344 2.949872 -5.129959
3 31.481164 -13.120175 46.599911 -18.872327 5.436022 -19.455089 -12.791956 -19.277547
5 -6.331155 12.966442 -10.655145 -7.245861 23.960375 -7.500092 2.196541 -7.391108
2 -26.446795 52.507739 -14.531729 -13.033968 6.466381 -13.183726 21.861599 -13.639502
5 0.659210 -2.180212 5.734440 -5.237496 15.232817 -5.812724 -3.049920 -5.346113
3 2.344353 8.145029 32.413036 -6.218075 -16.028887 -6.153604 -8.241754 -6.260098
5 35.879398 34.667680 4.967922 -31.378096 36.035154 -32.899695 -15.385679 -31.886683
2 9.489819 13.837552 -12.894913 -5.647976 -5.397745 -6.332594 12.865172 -5.919314
3 -13.322496 -3.333707 44.354394 -8.364091 5.313683 -8.576587 -7.111722 -8.959474
3 47.568896 -24.235048 103.523425 -30.700841 -22.522311 -30.566430 -12.184554 -30.883134
5 15.215155 -7.962098 6.409183 -10.443870 27.478453 -10.556790 -9.183061 -10.956971
3 0.603641 -1.602328 35.381269 -3.907196 -16.359339 -3.872145 -6.687963 -3.555939
3 3.183550 4.461231 67.856086 -26.209708 30.061322 -25.736383 -27.575980 -26.040117
1 27.371189 -1.932464 -5.426984 -11.300770 16.649731 -10.917538 -2.855801 -11.587365
1 29.418068 10.308546 -2.346861 -12.069610 7.554976 -12.071586 -8.335697 -12.457837
3 22.418000 30.254928 57.259346 -19.911439 -28.259322 -19.939966 -21.460458 -20.361084
1 21.188696 1.173383 -15.097216 -4.049672 6.735449 -4.044958 -1.878098 -4.027585
3 1.471449 0.803252 44.715926 -7.420548 -12.569718 -7.434276 -12.314159 -7.251927
3 26.395485 -2.152328 34.771876 -14.851222 4.219705 -14.941441 -18.238956 -15.203117
5 21.229826 5.622153 -22.273495 -7.836173 23.798735 -8.309399 -4.676152 -7.555493
5 24.545124 -11.101050 40.393665 -32.394281 77.337799 -32.520452 -33.032569 -33.228236
3 13.836976 32.481027 98.579754 -45.217573 18.048911 -44.696895 -27.229404 -45.802794
1 17.059016 15.802557 14.930160 -16.759309 15.027448 -16.406838 -12.491648 -17.161386
5 -6.969130 16.315259 -9.671358 -6.738152 26.834371 -7.529366 -4.864939 -7.376686
1 12.826940 12.111228 -10.444997 -10.758898 12.596762 -11.154093 6.164137 -11.341077
3 39.956578 16.878835 78.490914 -22.401234 -36.950664 -21.908141 -31.206093 -22.860191
1 19.615278 -7.875279 9.263964 -7.103875 1.510171 -7.532244 -0.690812 -7.187203
2 -10.863997 30.979331 6.255917 -6.892924 -6.706477 -7.286646 1.613267 -7.098472
3 -12.109954 5.358688 69.008657 -15.700317 -8.112972 -16.002887 -6.730268 -15.710947
3 10.093481 28.553412 55.392573 -18.151273 -25.449928 -18.460132 -13.149332 -18.828799
1 21.081914 8.305108 -7.699398 -4.675517 -9.644022 -4.670668 2.213006 -4.910423
1 36.830475 5.899584 4.983961 -14.553270 -17.561261 -15.335532 14.332128 -14.596082
3 4.476843 -3.452832 54.710589 -18.912268 19.903015 -18.902776 -18.211701 -19.610871
1 0.000000 0.000000 0.000000 0.000000 0.000000 0.000000 0.000000 0.000000
5 -18.484583 38.728018 2.286175 -20.722954 55.549071 -21.124645 -14.841189 -21.389894
1 37.969864 -4.853040 -0.489246 -11.147437 13.905622 -11.385847 -12.890660 -11.109254
5 1.671075 -5.565112 -14.115403 -10.701829 49.773974 -11.209760 1.537739 -11.390687
3 -5.221355 -1.164850 48.464175 -11.688207 1.790277 -12.699081 -7.965420 -11.515539
1 93.504967 -12.572863 -15.306905 -18.456271 -3.183377 -17.528928 -8.870003 -17.586622
3 -17.369624 6.339519 40.464692 -15.897541 23.743538 -16.516859 -4.844269 -15.919455
5 -24.072006 6.930223 8.264366 -7.137749 30.236133 -6.914868 -0.274173 -7.031925
3 -3.667123 11.776726 14.851761 -2.659501 -16.209771 -2.630210 1.894045 -3.355928
3 26.350492 18.713430 37.749468 -13.526342 -27.080138 -13.474484 -15.071048 -13.661376
3 12.974573 7.341308 15.446329 -6.983336 -9.188025 -6.868361 -5.818705 -6.903783
