3 11.993148 5.224765 27.165311 4.101900 -21.298262 -13.705505 0.150324 -13.631682
1 48.513140 -11.833624 4.037230 -11.465683 -0.136911 -10.495783 -11.096347 -7.522020
1 56.411068 -1.038624 20.029673 -27.039979 0.448540 -21.634866 -15.866853 -11.308961
2 -3.943160 8.619461 7.678159 -4.981978 0.248660 -4.513190 -1.083852 -2.024102
1 38.675740 -20.690834 35.061876 -27.352673 34.541678 -15.831212 -29.252205 -15.152368
5 46.780338 -32.741893 10.070893 -13.691537 81.862628 -28.638082 -38.767229 -24.875116
3 3.806861 -17.131854 53.423975 -7.820643 0.063645 -9.558278 -15.134180 -7.649528
1 29.551787 -9.843328 -15.089244 -7.676110 20.470160 -6.683939 -7.715449 -3.013876
7 -1.776705 8.195156 -10.644111 -8.033020 8.285530 -6.914571 11.145302 -0.257579
3 31.692093 -11.953160 36.586076 -24.190439 25.870978 -17.350283 -25.720339 -14.934928
5 -4.453609 11.958688 1.750960 -9.426585 14.134266 -8.642661 -1.612775 -3.708284
3 62.814764 -51.996476 131.482512 -49.566248 60.181066 -48.355148 -63.030980 -41.529492
1 40.071216 18.874413 -3.237313 -25.969859 -5.736092 -23.133414 9.114750 -9.983702
1 75.007682 -10.585912 8.755659 -23.772285 -1.581066 -22.829177 -11.083137 -13.911765
3 24.017302 -20.616977 51.036083 8.519175 -25.618420 -11.677770 -9.131128 -16.528266
2 -19.172674 28.364873 -5.864506 -4.943973 12.036077 -4.946465 -2.028041 -3.445290
2 5.095165 26.727378 24.732837 -26.796246 -5.069936 -21.029334 2.323744 -5.983609
3 22.562102 -3.809958 29.981811 -15.822461 1.010190 -14.311789 -9.817547 -9.792350
2 22.398873 37.852183 -9.344658 0.181313 10.199879 -19.134602 -28.460456 -13.692532
3 16.619155 12.631032 22.779418 -12.026296 -10.388005 -9.291767 -8.351714 -11.971825
3 23.604852 -21.126668 64.669708 -17.483047 -3.940554 -13.075390 -13.174575 -19.474326
1 22.597635 12.560657 1.908998 -18.777810 6.161024 -10.711629 -6.369451 -7.369424
1 55.930199 29.782151 -16.180832 -16.366698 -29.552150 -14.299322 -0.903499 -8.409850
1 3.747242 -0.430535 0.271116 -0.685060 -1.693370 0.000000 -0.525302 -0.684091
2 -19.576262 31.166924 -11.779497 10.852352 11.430152 -12.768092 0.041810 -9.367389
3 25.338300 -8.420224 39.443812 -17.516788 3.103407 -18.920918 -14.025128 -9.002462
1 31.539772 14.561734 -13.589419 -14.252756 -8.612141 -12.451645 8.900775 -6.096323
2 -1.412757 17.540621 -13.778392 0.000000 -1.042627 -0.708153 -0.598692 0.000000
1 25.939884 -10.492472 -5.813896 -6.136569 8.517226 -5.176805 -1.418814 -5.418552
7 -14.317087 -8.902140 -9.180105 -1.349864 2.797456 -1.282984 22.245071 9.989653
1 9.310282 -4.301336 3.644684 -1.475601 -0.574331 -1.463630 -3.091816 -2.048253
1 33.120975 8.047486 -15.229484 -3.670127 -3.588830 -3.233554 -9.885818 -5.560649
7 5.063325 -8.565586 -1.612754 -2.910923 -0.134140 -1.797819 8.964808 0.993089
1 26.203611 -5.490516 -0.802522 -17.302590 21.979920 -13.684118 2.426802 -13.330586
1 91.808087 -16.438580 -2.723087 -49.796013 56.833956 -37.282514 -9.371638 -33.030211
3 27.336979 -0.221565 65.283600 -24.229931 -44.307217 -17.957574 2.592352 -8.496646
1 59.256792 -16.403063 13.529576 -17.105539 -7.944266 -14.732532 -1.245367 -15.355600
3 -2.996676 -2.205199 8.342916 -1.321509 4.181819 -0.107642 -4.594812 -1.298897
7 -9.841698 16.740806 -0.706168 -15.044566 3.454194 -10.878207 24.349579 -8.073940
1 26.949759 1.395973 1.626117 -9.098572 -11.714021 -7.215651 -1.546183 -0.397423
3 10.794304 5.780442 19.743425 -11.682197 13.259454 -9.736406 -17.178688 -10.980336
3 7.061649 4.981652 14.308995 -4.014169 -7.964545 -1.658938 -9.124045 -3.590599
3 9.281302 -1.063936 23.726697 -4.557415 11.412708 -18.433699 -7.747169 -12.618488
5 4.352606 -13.628420 -3.967625 -12.956710 59.393859 -11.703465 -13.805825 -7.684420
1 33.581951 21.466532 -2.939888 -9.439686 -18.060219 -9.990195 -9.033768 -5.584729
1 41.160800 27.972034 -15.263654 -13.122979 0.053196 -14.048439 -22.462477 -4.288484
5 25.389543 -18.559565 0.960532 -14.183405 52.948722 -14.355923 -19.510678 -12.689226
3 -6.108574 -1.999449 54.714857 -15.060998 11.346489 -15.655021 -24.168495 -3.068808
1 48.271150 -8.401195 6.642432 -21.882044 13.094090 -20.183833 0.710119 -18.250715
1 25.957436 7.552548 -15.951283 -1.425366 -5.021135 -1.551296 -6.921359 -2.639547
1 52.155447 -23.924244 -5.977849 -16.037568 35.015030 -14.741377 -8.503572 -17.985866
3 32.729665 -15.398977 36.354353 -19.764132 7.777732 -12.172544 -8.691634 -20.834463
5 -2.666923 25.343322 -14.019627 -12.899778 30.353442 -5.954851 -15.727759 -4.427828
1 24.234169 -9.648170 15.414886 -3.230394 -15.316151 -3.719045 -0.102259 -7.633036
3 10.456662 3.800910 29.219740 -8.373637 -19.760784 -8.010729 2.483041 -9.815203
1 39.515210 16.136665 -10.918120 -17.203820 -6.192973 -13.840009 -4.224729 -3.272224
3 14.525270 -11.029514 21.308723 -12.702553 4.250557 -11.772530 2.164828 -6.744783
5 -11.281280 -0.077892 0.076334 10.309821 30.118583 -6.634702 -16.303599 -6.207266
2 6.475466 17.347745 15.279323 -15.225701 12.922687 -11.556672 -24.467492 -0.775358
1 44.195102 -11.068123 1.833932 -7.207328 -1.440896 -6.044150 -11.870116 -8.398423
3 7.217240 -13.739099 44.250265 -2.069606 17.469969 -11.436496 -28.933951 -12.758321
1 46.812130 19.711384 -10.086852 -5.454821 6.906657 -22.292134 -18.129469 -17.466896
3 -11.141314 -24.858955 39.175319 6.831404 33.442692 -11.294569 -20.044967 -12.109610
1 35.059276 -1.559873 0.977847 -10.007744 2.643854 -8.621855 -10.629534 -7.861973
1 75.337439 -24.518657 33.455431 -18.660431 -13.065355 -19.129842 -18.260289 -15.158298
5 5.900364 -7.736895 11.589806 -19.955689 28.009021 -17.959701 16.681391 -16.528297
3 24.777825 1.415926 33.094049 -30.888773 6.075303 -23.404830 2.631944 -13.701445
5 -11.477231 6.769305 -11.126393 4.186343 36.202630 -12.465665 2.253020 -14.342008
1 51.446024 -18.436291 16.000673 -24.961298 47.280613 -21.033817 -27.151782 -23.144121
3 11.418201 -7.849950 21.713940 -11.332191 3.222328 -5.408408 -9.438463 -2.325458
5 42.497929 2.185134 20.820597 -38.199917 60.414613 -33.380593 -15.927058 -38.410706
5 28.062867 -6.790184 -9.949243 -20.707395 50.858518 -18.798164 -4.319123 -18.357276
2 2.069631 27.620358 -9.673692 -5.885537 -4.177430 -5.990431 1.847162 -5.810061
3 2.639851 15.448996 16.540613 -11.439635 -13.727672 -8.299262 2.329119 -3.492011
5 17.675921 -16.619736 10.963434 0.525923 29.187338 -9.563212 -24.502990 -7.666677
1 23.844632 -0.237967 1.872967 -14.609566 19.833212 -14.422350 -2.252502 -14.028423
3 9.921275 17.937168 26.047880 -14.835534 8.437033 -7.782838 -27.795437 -11.929547
1 120.106676 -24.729087 55.984798 -28.764210 33.126550 -46.925071 -58.911275 -49.888383
3 32.825354 -17.319946 50.133886 -15.456130 -19.471639 -15.218369 -3.911026 -11.582129
3 26.320046 -1.518397 26.862312 -13.476311 -4.453493 -8.966658 -9.344264 -15.423235
1 70.012885 -15.972784 26.737676 -30.413636 15.729227 -19.405574 -38.607145 -8.080653
1 24.340834 0.159121 -7.142826 -18.508757 8.543493 -14.525272 8.261360 -1.127955
1 48.650749 14.025072 25.631142 -20.230692 -23.457850 -19.984040 -17.708618 -6.925766
1 46.578198 -12.640294 -2.483820 -7.641373 8.892202 -7.399670 -16.061536 -9.243708
1 23.858892 -10.480645 11.235223 -6.838186 6.080291 -6.908374 -9.041564 -7.905637
1 54.336764 4.863382 1.430642 -28.628896 21.787942 -17.031779 -15.676279 -21.081774
3 4.979272 3.652262 30.926263 -21.353512 13.027737 -11.782495 -7.830425 -11.619101
3 8.215774 1.346746 12.257426 -10.504075 7.070086 -6.235582 -4.984698 -7.165677
1 23.096307 10.768833 -6.001667 -36.190418 18.952178 -28.951090 22.470935 -4.145080
1 0.000000 0.000000 0.000000 0.000000 0.000000 0.000000 0.000000 0.000000
5 55.603899 -10.765201 -16.971382 -26.161221 76.871138 -20.305646 -34.066130 -24.205455
5 -9.068983 -0.646494 6.785016 -2.666790 16.892633 -2.668152 -8.570077 -0.057153
1 22.231825 -2.377801 -11.792658 -7.922680 8.775563 -5.982087 5.091156 -8.023318
3 43.324871 -9.721076 70.730367 -33.725766 5.827778 -25.825173 -37.283153 -13.327851
1 59.721330 3.915962 48.534266 -34.254560 -15.492949 -26.978814 -23.825744 -11.619492
1 31.289955 -5.030155 -9.450048 -8.273689 7.350612 -6.859064 -1.081691 -7.945920
5 -17.854363 6.370343 2.325060 -30.816896 55.577615 -22.568019 22.443013 -15.476756
7 -1.395039 -1.813550 -0.234787 -0.125255 -1.265672 -0.162616 5.268110 -0.271191
3 15.497559 -17.923824 29.644227 2.638151 15.138825 -13.729636 -19.814259 -11.451042
5 24.481561 -14.254604 22.866814 -35.183568 32.478747 -24.000272 14.764057 -21.152733
3 14.396095 -2.344506 34.532309 -16.175461 -11.532902 -8.626693 -1.507221 -8.741620
5 33.564655 -14.549251 20.428248 -15.416036 39.034335 -29.220225 -21.472207 -12.369520
5 -1.577900 -5.722242 15.421514 -25.730097 61.008745 -17.311107 -11.285417 -14.803495
1 34.082977 -21.822320 17.808525 -16.012649 30.369928 -14.819862 -13.110694 -16.495904
5 5.589636 -1.166099 -5.920817 0.000000 6.034682 -0.294080 -2.596261 -1.647061
1 46.500634 3.002892 -17.458315 -10.410437 -14.043560 -9.228062 7.929953 -6.293105
2 0.041426 48.728704 -4.569742 -10.480348 -11.278074 -10.175513 -4.712442 -7.554013
5 -10.502378 -3.638194 22.067539 -19.378961 53.508475 -14.508374 -19.636663 -7.911443
1 31.269058 8.914384 -0.873684 -15.056771 -6.935939 -13.996911 1.094225 -4.414359
1 24.732857 5.627785 -7.198043 -6.860792 -0.005913 -6.777992 -4.551292 -4.966610
2 11.816114 17.066321 3.473166 -6.065974 -8.949780 -3.721067 -7.523722 -6.095059
1 29.155018 -3.683692 -2.642005 -14.989259 11.239880 -9.329128 -3.097929 -6.652884
3 47.462390 -36.207325 71.117807 -41.677507 60.057134 -35.002906 -30.436641 -35.312948
1 36.269135 -15.060337 33.785484 -27.126712 19.551904 -22.708445 -9.423771 -15.287256
3 0.883545 -4.401569 13.709415 -8.630273 8.039961 -3.914945 -0.656828 -5.029305
5 39.658140 -4.845485 -32.701877 -10.006372 43.032235 -9.000387 -23.392247 -2.744010
1 0.000000 0.000000 0.000000 0.000000 0.000000 0.000000 0.000000 0.000000
5 8.436191 -22.054585 37.888533 -10.720844 47.209920 -18.002394 -27.883342 -14.873479
5 -33.192961 -24.892733 47.970957 -20.419480 48.988106 -13.976083 14.432983 -18.910790
5 36.709114 -19.255262 29.160958 -30.812934 52.812793 -25.236365 -23.954192 -19.424111
1 73.809319 -4.723944 45.346181 -16.881140 -50.655896 -33.980254 -1.298482 -11.615789
1 29.868581 -17.363609 7.692455 -12.258087 3.663374 -6.517786 4.151032 -9.235959
1 31.938179 7.323319 -5.139154 -4.341435 -6.972880 -5.082589 -14.280598 -3.444844
1 20.489907 -10.639822 17.488146 -3.974960 -8.593705 -4.748762 -1.383897 -8.636906
5 16.772463 19.952757 5.448520 -21.459148 25.836609 -15.547027 -12.890740 -18.113434
1 49.317236 -18.393819 7.985762 -18.635054 13.996443 -12.817224 -10.318833 -11.134510
3 -3.459905 15.039732 17.527612 -11.326303 -2.797600 -10.378232 6.963341 -11.568647
3 11.259589 -10.150801 15.753629 -2.742742 -8.616079 -3.555390 5.152457 -7.100664
1 68.249016 -1.997910 -15.756533 -19.071718 23.494805 -17.479118 -37.540975 0.102432
1 15.198411 3.288279 -8.395004 -1.776661 -5.718267 -1.585509 1.687365 -2.698614
3 4.495233 5.138089 20.714156 -9.976328 -0.221999 -9.613000 1.882800 -12.418953
5 -1.554669 -11.177023 7.318829 -5.897637 14.323349 -3.481278 3.003701 -2.535273
3 33.307325 -9.643331 36.605492 -13.159486 -24.503752 -11.574842 -12.133145 1.101738
1 106.573712 -40.313426 63.057966 -37.695470 69.873268 -47.838589 -72.247415 -41.410046
3 2.495008 3.488679 27.791932 -13.368467 -12.341811 -9.704541 2.320367 -0.681167
1 70.792209 -0.302001 20.161073 -20.600448 -25.578917 -17.835991 -21.554146 -5.081783
5 -4.480806 0.550030 -2.633779 -4.072399 31.457905 -3.582582 -13.186905 -4.051463
3 -0.216894 -17.605357 36.843713 -20.579933 36.592590 -10.448823 -13.190277 -11.395019
3 5.100894 -12.322577 13.501934 -4.149519 11.035606 -4.186755 -6.575817 -2.403765
7 -24.492603 -11.641350 13.429784 -6.612614 19.496231 -5.656196 19.973127 -4.496380
1 79.870156 -20.479964 9.452916 -27.807909 6.775034 -19.104019 -20.617466 -8.088748
2 20.700630 56.400718 -12.657805 -20.935259 -3.041773 -18.012463 -10.619544 -11.834506
3 2.243932 -8.926506 31.966614 -11.122504 9.238349 -7.145104 -4.667196 -11.587586
1 59.818719 -3.621263 25.908895 -37.375498 41.927280 -24.528426 -39.444430 -22.685276
1 109.642270 17.163203 -36.912391 -20.144459 14.129139 -32.173501 -18.235382 -33.468876
5 -0.818009 -1.998764 -3.347054 0.000000 6.649685 0.000000 -0.485857 0.000000
3 17.783281 4.323889 32.629537 -9.177164 -22.838967 -10.292954 -5.244035 -7.183589
1 18.555334 0.005353 -15.784891 -7.434536 12.038163 -5.797156 -0.868158 -0.714107
5 27.463663 -21.450192 32.961951 -22.264184 39.613536 -17.625254 -18.489408 -20.210113
1 21.129341 -4.028937 6.198497 -4.139008 -2.975849 -2.547867 -9.786221 -3.849956
1 39.150233 -33.114981 -3.868564 -19.193050 22.932796 -17.092828 24.787642 -13.601248
1 150.406834 -20.099714 4.276248 -50.911315 56.204599 -44.416109 -45.845636 -49.614905
5 17.605825 -7.395036 -5.409333 -16.583131 29.136163 -9.712101 -1.524986 -6.117398
1 23.115827 19.115800 -0.312200 5.294021 -17.878890 -11.864026 -8.028777 -9.441756
5 9.821000 -8.608608 12.921494 -6.165772 13.340135 -5.552387 -8.973568 -6.782294
3 13.338684 -0.324910 72.001710 -20.858416 -34.592578 -13.347259 -5.486104 -10.731126
1 0.000000 0.000000 0.000000 0.000000 0.000000 0.000000 0.000000 0.000000
2 31.784189 32.126486 -12.581401 -13.192116 -13.387297 -8.742683 -11.997880 -4.009298
2 -9.405947 21.351597 -2.863346 -3.040509 12.185040 -3.233439 -9.875341 -5.118056
5 -24.346244 6.302223 11.733032 -7.143193 23.608687 -5.233516 -0.000459 -4.920531
5 -6.348690 -10.629412 4.315363 13.139681 19.479697 -4.573978 -11.959057 -3.423603
5 -20.915120 10.998396 -5.710978 -7.054343 34.412291 -5.524540 -2.202973 -4.002733
1 13.424997 2.807646 -4.687657 -3.974028 13.363041 -4.111806 -14.366313 -2.455881
1 32.642144 24.570512 25.048565 -20.024763 -0.386365 -29.732421 -18.696188 -13.421488
1 27.917157 -0.536020 -23.464291 -7.696911 7.469606 -6.168525 4.463117 -1.984132
1 15.230572 -5.525093 0.599585 -6.254696 5.742071 -5.284447 0.757647 -5.265639
1 74.036487 -7.828891 20.403203 -3.526921 -29.592529 -16.415325 -27.486925 -9.589102
3 8.378120 5.159693 10.921615 -10.435963 -1.700099 -7.520530 -0.710353 -4.092483
3 9.205810 4.097043 37.451312 -2.898443 1.709592 -14.777918 -19.280123 -15.507273
1 62.981425 29.723564 9.240271 -21.446351 -23.856015 -20.862543 -25.954990 -9.825365
7 4.372183 -10.564350 5.310167 -5.381599 -0.521841 -1.797819 7.887243 0.696017
2 25.407993 27.206629 -10.495188 -9.566334 -13.311714 -9.884570 -2.842451 -6.514367
1 11.341574 -3.733973 7.434223 -2.827173 -12.049146 -1.361998 -2.489489 3.685983
2 -13.815816 55.143194 -7.133613 -4.346104 -17.042603 -3.369103 -7.295114 -2.140841
3 -4.445978 -2.698276 15.762460 12.025000 -9.325643 -4.260752 -3.327739 -3.729072
3 -2.553384 -13.871116 29.795760 -6.079743 15.139284 -6.336938 -8.085910 -8.007952
5 -18.854658 -10.136811 18.180799 -14.199303 44.473018 -8.064421 -4.098952 -7.299671
3 23.024622 -33.544648 34.665031 10.065473 9.751250 -17.539371 -7.915890 -18.506467
2 9.496533 15.085054 -8.097923 -8.062084 3.531458 -6.424501 2.201776 -7.730313
5 -25.070035 -12.861401 13.523733 -16.096835 25.135642 -8.182463 12.639492 10.911868
1 21.969297 19.895106 -24.140269 -2.312653 -3.805269 -1.877566 -11.420356 1.691710
1 70.997863 -40.275571 35.671078 -33.108428 13.006078 -20.793576 -6.636287 -18.861156
5 -13.469510 -12.352031 16.795486 -15.235947 44.473018 -8.064421 -4.098952 -8.047644
3 -3.317193 10.936419 28.496540 0.424711 -7.942840 -10.342902 -9.065601 -9.189136
3 21.363872 -13.244240 74.039092 -35.875270 6.477949 -18.999289 -10.006492 -23.755621
1 22.729152 -11.689156 -11.792321 -17.719097 21.875296 -14.209964 11.589689 -0.783598
5 48.573233 -9.648888 3.088988 -38.427678 84.671846 -28.874012 -29.494942 -29.888547
1 121.472504 -9.322251 -4.766239 -33.643570 26.280654 -35.037214 -48.985324 -15.998560
5 -2.284095 -5.884254 -1.928246 -5.975164 38.583431 -6.227517 -15.837706 -0.446450
1 24.620784 -8.070648 -13.356386 -5.155684 1.369676 -3.480077 6.000348 -1.928013
1 32.954998 7.946834 4.096114 -20.754882 14.772543 -14.492240 -14.924852 -9.598514
1 13.424997 2.807646 -4.687657 -3.974028 13.363041 -4.111806 -14.366313 -2.455881
1 26.581732 -9.616974 11.352735 -10.261532 -15.542130 -9.212020 7.688211 -0.990023
3 5.333358 0.283124 9.743842 -4.612178 -2.843437 -3.719045 -2.070836 -2.114828
5 19.347744 -2.530932 -4.420099 5.368615 28.361984 -12.853414 -16.223876 -17.050022
5 17.344402 -13.041732 -10.064739 -12.677109 37.209023 -9.752265 1.967613 -10.985193
5 -22.206867 -7.548792 10.055683 -6.050783 32.673305 -4.803854 1.354901 -3.473595
1 24.195545 6.376912 -5.233410 -4.859748 -3.423840 -4.772700 -6.568320 -5.714439
3 21.685686 -13.227841 31.800245 -12.479978 0.751889 -8.501092 -6.633890 -13.395019
4 8.908239 -9.618482 9.103042 12.861171 -10.953625 -3.375466 -7.003592 0.078714
3 -6.968710 -1.265945 45.314647 -17.365153 14.256867 -6.784942 -20.649992 -6.536773
2 6.669524 24.271254 -7.606294 -11.071484 11.973182 -5.999950 -7.658432 -10.577801
7 6.005149 7.857720 -18.855409 13.399646 -8.948862 -9.215157 18.159677 -8.402765
1 152.047578 -10.864534 -1.276697 -37.822902 -50.310608 -29.551662 -8.317826 -13.903349
1 38.794497 -11.179563 -8.501697 -6.949073 13.457373 -7.057298 -10.203332 -8.360906
1 22.812380 -1.722188 -5.379783 -1.626943 -9.837107 -1.048426 -0.525302 -2.672632
5 -1.594349 -16.801510 14.389180 -1.991223 34.092844 -12.694185 0.714669 -16.115426
5 -18.931285 -7.548792 3.404272 -5.694286 33.797753 -4.312091 1.825986 -2.541558
5 17.558011 0.591393 9.776374 -18.026664 42.903037 -12.463795 -28.216598 -12.121758
1 21.150638 12.348822 -14.161308 -2.312653 -3.475594 -1.877566 -7.919124 -3.753215
1 38.500418 -8.636847 31.662648 -16.556375 1.669429 -12.291111 -23.614989 -10.733174
5 12.849250 -25.813252 41.407443 -14.828481 43.944362 -25.394401 -33.216845 1.051923
3 4.413968 5.995494 44.940208 -30.337750 18.462286 -21.784100 -3.945182 -17.744926
3 17.720202 27.474040 33.217409 -17.527418 -3.909489 -16.165186 -24.093981 -16.715579
3 23.305993 -0.633766 30.099257 -14.779370 -23.769211 -13.233447 7.424791 -8.414247
5 69.788911 -47.099251 72.799831 -47.257746 78.472319 -38.393956 -53.670911 -34.639194
3 16.081025 -1.296990 23.804793 -7.314753 -22.148680 -8.216879 8.973078 -9.881593
5 24.621251 -18.809628 8.475863 -16.012736 29.105545 -13.836761 2.112145 -15.655680
2 1.271610 15.880758 -8.295324 -2.829860 1.788349 -2.060724 -2.971146 -2.783663
1 96.988465 -14.768221 -4.213990 -37.998661 24.918954 -30.295603 -5.877127 -28.753814
1 23.266645 2.543688 20.035390 -14.497367 -22.456411 -13.489855 13.629234 -9.031324
3 -1.341784 -7.446856 10.775986 -0.617018 -0.367075 -0.505204 0.836757 -1.334807
5 29.471499 -23.263742 30.724014 -22.389440 37.623087 -17.787869 -13.896245 -20.481304
1 128.118912 1.236933 -19.766325 -38.932805 29.887135 -38.131898 -27.725435 -34.686516
3 -2.954087 -3.276338 11.923566 -0.243382 -7.235334 -0.270257 2.835831 -0.779998
1 0.000000 0.000000 0.000000 0.000000 0.000000 0.000000 0.000000 0.000000
2 -11.815255 19.943742 -6.766193 -0.125255 -1.925021 -0.162616 2.108791 -1.258193
3 23.207855 -15.247897 28.401031 -9.034879 -3.555883 -8.266038 -10.370660 -5.133529
1 43.754141 0.002296 11.134414 -18.232025 -18.168468 -15.787828 10.862485 -13.565015
3 1.580773 -4.231012 40.608537 -8.135844 14.268938 -13.795963 -14.771984 -15.523443
1 0.000000 0.000000 0.000000 0.000000 0.000000 0.000000 0.000000 0.000000
1 13.515169 -5.172083 -2.391697 -0.189171 -3.305597 -0.652541 -0.944927 -0.859154
5 3.463440 -9.069993 3.470115 -6.049354 26.130382 -5.957881 -5.904683 -6.082027
2 -22.634665 33.703582 13.942542 -8.512962 2.576849 -5.807458 -8.442756 -4.825132
3 -3.181551 -11.059646 39.386173 -14.581889 19.447635 -14.087001 -5.908964 -10.014757
5 -8.211981 16.150204 -16.484276 -4.670069 21.557355 -3.712804 2.718080 -7.346509
5 42.315715 -30.514475 -8.594750 -17.569391 43.415056 -12.359013 -8.919123 -7.774019
3 22.015502 10.474787 25.018513 -9.499533 -28.252056 -10.509304 3.193756 -12.441663
5 20.074889 3.013863 14.056888 -16.581032 63.034665 -29.224262 -24.974194 -29.400819
1 29.698102 -6.066465 -12.415581 -6.291302 0.947722 -5.548175 5.970544 -6.294844
1 31.350490 -1.501524 -8.196282 -9.057239 -0.080414 -9.108699 4.723385 -8.129716
1 7.908125 5.353553 -2.069932 -6.147054 6.820908 -5.284447 -0.822012 -5.759140
1 30.688062 -3.902260 25.979911 -13.203908 -21.501894 -12.800697 2.723007 -7.982224
1 57.384621 22.619181 23.465656 -32.242169 -20.037717 -28.834203 -7.384888 -14.970481
1 13.575209 0.005353 -9.436777 -7.552663 12.261884 -5.904798 -1.993280 -0.954927
1 46.793386 -10.637588 -3.126270 -6.165772 -2.411847 -5.552387 -12.117229 -6.782294
3 11.087037 -4.943684 14.044709 -4.766447 -5.136189 -4.343530 -2.767028 -3.174866
5 22.591110 -10.609172 20.916840 -21.723796 35.152493 -12.335524 -19.149194 -14.842756
3 -2.954087 -3.276338 11.923566 -0.243382 -7.235334 -0.270257 2.835831 -0.779998
1 36.140473 4.661994 24.992526 -15.652458 -4.700391 -11.791965 -14.797867 -18.852314
7 3.707119 -1.267720 -9.482126 -15.169097 23.689948 -12.814629 24.712023 -13.375519
2 7.831747 28.118373 -22.488309 -3.929818 2.966214 -1.876251 -11.526619 0.904663
3 1.749635 2.714180 8.207336 -9.541101 7.210312 -4.022587 -5.808485 -0.509291
5 27.939160 -26.408009 20.227965 -15.883869 36.686783 -14.040083 -13.845081 -14.676867
3 -1.000641 -4.859384 9.838372 -5.079820 5.580651 -4.630334 2.138431 -1.987275
1 30.294514 6.303582 -4.655357 -9.793814 -8.577655 -7.751253 -3.559295 -2.260720
3 -2.356707 -8.472528 16.445346 7.183327 11.770785 -5.765798 -10.439041 -8.365383
5 -24.344686 -4.268524 18.987932 -8.393496 30.480150 -5.079398 -3.865294 -3.516684
1 40.373259 -11.588255 6.506798 -7.356508 -1.574694 -6.908374 -11.172602 -8.279623
2 -30.912161 35.645472 2.405508 -8.873243 14.667536 -8.125322 2.606542 -7.414331
3 -2.307272 -19.050680 59.704375 -5.402619 -19.378147 -15.740535 13.744115 -11.569237
5 33.461413 -28.903171 2.517953 -18.923659 33.639126 -15.928660 10.052918 -15.915919
3 23.857210 -9.606258 26.028213 -21.100899 19.848016 -17.937688 1.693631 -22.782224
3 7.671436 2.125661 16.982559 -4.307960 -8.386510 -3.826687 -1.390448 -8.868051
3 14.799795 6.133432 18.020817 -7.601234 -14.492459 -7.391942 -7.498164 -1.970245
2 6.860236 21.660732 -7.078141 6.151028 4.598432 -8.012671 -14.462772 -9.716845
1 14.651920 12.285035 -13.146633 -4.380112 5.194121 -4.523209 -5.360333 -4.720789
5 10.005633 -18.203920 30.675187 -23.678601 38.261251 -16.233103 -1.846099 -18.980346
3 11.888556 -6.179309 12.303399 -5.480712 6.193527 -5.552387 -7.074871 -6.098203
7 10.375047 -3.849670 13.714684 -11.146878 -27.036717 -7.916809 30.607541 -4.747197
3 11.028569 -15.984571 49.015722 -22.431318 35.904606 -18.321272 -23.160601 -16.051135
1 22.929771 -10.256545 18.960045 -7.474635 3.115502 -7.016016 -11.737679 -8.520443
1 83.694420 -39.786907 -25.875661 -26.301409 51.442016 -23.787548 -2.594312 -16.790597
2 0.542803 33.103269 -21.131790 -0.937714 -5.182813 -1.920602 -3.551268 -0.921885
1 83.017650 -25.545671 51.915598 -36.432412 23.401399 -26.620150 -52.480963 -17.255452
3 8.950064 10.649562 19.717438 -11.586444 -8.198954 -12.075690 2.568435 -10.024412
3 2.605803 -21.884039 36.253477 -14.188096 25.088048 -10.031884 -4.770208 -13.073100
3 10.409093 1.983807 23.784041 -19.115340 12.364892 -17.208785 -2.241744 -9.975967
1 22.437857 -5.433134 -8.636213 -4.713761 13.801964 -4.830864 -7.299318 -5.326529
1 33.831695 2.334806 18.485660 -13.417691 -4.917776 -9.713541 -12.286249 -14.316904
3 15.273120 -6.399119 28.623971 -10.214419 -24.644382 -10.047013 -12.319110 19.726950
1 14.201151 -9.889666 3.248188 8.528747 3.017404 -7.786802 -0.793268 -10.525754
3 30.402349 -25.695052 48.537798 -28.817820 28.166657 -19.982643 -8.634935 -23.976351
3 57.337488 -22.550452 58.334137 -23.388366 -22.473356 -23.549767 -0.483827 -23.225858
5 13.679611 -13.133433 -8.029283 -6.607880 24.663303 -4.695744 -1.972872 -3.903704
3 26.748028 -19.919502 52.068086 -22.905257 24.957205 -17.365156 -24.775219 -18.808184
1 46.495825 -19.668628 17.916812 -2.905765 15.557109 -20.529643 -20.456612 -16.409097
5 5.039638 5.257931 0.677726 1.485578 32.562686 -16.268107 -16.693422 -12.062031
1 39.827518 8.642634 7.043012 -9.796788 -17.898013 -8.283205 -11.788400 -7.746760
3 19.515134 -8.019415 43.657961 -9.932239 -27.330372 -11.609653 10.429651 -16.711066
1 43.131607 -10.161026 10.172392 -12.544071 -4.677579 -13.065811 -2.395736 -10.459775
3 37.008499 -13.881169 62.700277 -27.700084 18.034059 -22.901720 -35.117136 -18.142729
7 1.742019 -2.286697 14.978581 -7.348593 -3.834142 -8.588248 15.810643 -10.473564
1 31.479031 3.388041 -0.372094 -4.937599 -17.070281 -2.913294 -9.936150 0.362345
1 8.141106 -3.332362 -7.309444 -0.107642 -1.408511 0.000000 -1.921572 5.938426
3 15.715940 -2.276626 21.285348 -6.838219 -1.697243 -3.609254 -16.501536 -6.078411
3 11.336216 -12.738820 30.530156 -11.247759 2.059185 -7.307720 -0.772481 -11.858777
3 24.528221 -3.503734 52.761194 -20.225801 -28.400475 -16.603962 1.034054 -9.589499
1 43.859296 -19.785717 15.557380 8.955391 -14.231691 -8.172738 -11.706467 -14.475455
3 11.556497 -7.362119 52.455568 -29.343692 23.899989 -17.221758 -22.241955 -11.742531
1 64.201335 -27.614469 45.086850 -27.490318 16.468415 -24.967951 -26.125222 -19.558642
1 35.428550 -5.750407 -9.809884 -5.612585 4.173220 -5.309875 -5.907657 -7.211360
1 15.778288 -5.525093 -3.517089 -6.028927 7.611677 -5.176805 1.882769 -5.024819
1 93.626891 -26.340192 11.092685 -16.543964 -27.320631 -14.179747 -6.946776 -13.388263
3 15.968497 -1.615624 18.885129 -14.784295 6.476592 -9.021493 -8.114956 -7.793850
1 20.813071 9.759178 -10.418543 -15.746589 14.599013 -15.630297 9.444478 -12.820310
3 8.610490 -33.497249 52.382553 -10.312356 37.442781 -17.652885 -16.834973 -20.138360
1 70.875775 38.914252 -27.826098 -36.200111 -0.842584 -33.921834 14.136751 -25.136150
4 -4.901659 -3.438932 -1.562211 18.678522 2.786780 -2.121110 -6.429663 -3.011727
1 12.424978 -4.790921 -7.322529 -6.547249 11.177438 -5.470885 0.129608 0.399561
3 29.197427 -15.124159 42.139670 -17.277400 7.385232 -13.539457 -20.855513 -11.925802
3 9.773454 -20.372649 36.244131 -23.403662 32.658711 -16.503361 0.989733 -19.386357
1 56.535469 11.107174 37.315522 -31.693719 -31.724588 -27.563539 -15.198725 1.222402
2 -1.412757 17.540621 -13.778392 0.000000 -1.042627 -0.708153 -0.598692 0.000000
3 -0.192328 -2.588019 16.738851 -8.505017 8.981894 -3.752330 -5.924938 -4.758113
3 6.441213 -17.047747 27.897162 -11.741478 9.607328 -9.908301 0.684749 -5.932928
7 13.063025 -5.374438 4.859776 -8.383499 -9.149395 -7.347641 19.734264 -7.402093
1 52.198813 -17.258482 -5.870506 -13.054652 27.775872 -11.184462 -35.880890 3.274307
3 11.043692 2.489813 21.516521 -6.960963 -16.763299 -7.670610 5.277194 -8.932347
5 -15.634178 -16.009303 13.874358 -17.448514 71.298755 -12.576374 -15.372323 -8.132424
2 8.269516 12.355012 6.653962 -8.083414 6.556457 -8.011825 -13.990630 -3.749080
1 11.341574 -3.733973 7.434223 -2.827173 -12.049146 -1.361998 -2.489489 3.685983
1 85.681407 -0.040735 4.605791 -39.756939 34.974047 -37.568470 -17.131007 -30.764095
5 -5.920945 8.711881 -15.029166 -5.976597 32.487468 -4.217307 -0.696254 -9.359081
5 -18.361344 26.339567 21.663624 -22.308811 65.513511 -21.047537 -25.504214 -26.294797
3 3.429527 -6.696914 26.531121 -2.846020 -10.391501 -3.776428 1.257742 -7.507528
5 7.989433 -2.826083 23.919143 -27.834443 38.503021 -15.617365 -2.482946 -21.650759
3 27.255334 -12.123364 40.911871 -11.265749 -25.246561 -11.296290 6.282038 -14.517279
5 4.771130 -11.136851 17.356995 -11.188237 28.807010 -12.272398 -8.985479 -7.352172
3 -2.954087 -3.276338 11.923566 -0.243382 -7.235334 -0.270257 2.835831 -0.779998
2 5.025898 13.802941 1.749256 -7.689114 4.697277 -6.997043 -1.348403 -9.240811
3 6.425224 -5.583419 47.168265 -33.819905 28.274891 -22.381639 -8.868861 -11.214557
1 79.767914 -38.884245 -3.600287 -7.069314 46.806295 -24.462390 -30.095510 -22.462463
3 15.215168 2.363933 49.774051 -20.843357 -2.165893 -11.847086 -16.458729 -16.038087
5 66.215068 -42.765647 41.322383 -37.781196 86.820030 -35.822644 -44.420322 -33.567673
5 -7.749420 55.423338 30.266001 -46.611659 59.903585 -32.182299 -24.255329 -34.794214
1 147.386058 -25.322377 -35.456949 -33.793961 22.508891 -28.320738 -22.728857 -24.272066
3 -1.461687 4.098658 14.351336 -7.810592 9.788904 -6.689578 -10.753836 -1.523205
3 5.461775 -4.803238 13.391214 -9.541661 10.675264 -3.752330 -5.924938 -5.506086
1 12.079022 -5.083673 9.523155 -6.379535 7.137915 -6.031398 -2.868717 -8.376768
3 14.989227 -18.486496 40.898109 -18.228941 19.829934 -12.697491 -14.072879 -12.231463
3 32.456681 -34.302962 63.559038 -3.461049 17.691181 -21.539007 -32.686900 -21.716983
1 18.814259 14.364536 -9.546442 -15.099386 2.502989 -12.195477 0.449125 0.710393
3 8.306337 -8.221701 30.992565 -20.526667 30.839320 -19.075100 -5.179958 -17.134798
1 81.422282 -15.321527 -5.531090 -25.155122 9.317320 -21.290010 -4.747282 -18.694568
1 50.011423 -11.658655 11.389214 -10.222457 -3.747288 -7.675681 -18.531703 -9.564855
1 26.649435 11.163149 24.015361 -19.122848 -28.086895 -17.511282 13.016467 -10.123389
3 -12.727224 25.986078 61.323634 -26.275981 -17.078975 -25.264795 7.001051 -12.963791
1 23.077276 -7.994073 20.052734 -10.807594 1.891841 -10.557390 -5.426460 -10.236335
3 -5.939512 19.570612 47.085900 -20.085070 -21.568517 -14.700990 7.231329 -11.593750
3 28.187083 -21.531107 33.924907 -12.098639 -16.118370 -9.090103 -0.459836 -2.813935
1 23.410128 14.354953 -22.236565 -10.320569 21.783918 -6.365357 -12.879400 -7.747109
1 34.057302 -17.649473 32.533808 -20.646101 -0.057614 -13.734223 -12.939684 -1.564013
1 8.043475 7.834690 -13.023314 -8.846035 7.610744 -6.145516 6.277891 -1.751935
1 43.325915 22.816044 -17.816542 -12.949315 3.748203 -13.607571 -15.667160 -9.849578
3 -14.367213 -11.141141 32.088471 -8.233786 7.198674 -5.144355 9.451118 -9.851768
2 -7.515334 20.605608 -10.420438 -1.416805 10.285804 -1.549980 -6.552861 -3.435995
5 24.621251 -18.809628 8.475863 -16.012736 29.105545 -13.836761 2.112145 -15.655680
5 22.591110 -10.609172 20.916840 -21.723796 35.152493 -12.335524 -19.149194 -14.842756
3 2.453669 8.843561 11.704792 -5.261929 -8.595272 -4.129069 -3.308882 -1.706871
2 1.046263 24.892637 10.217155 -15.583946 13.961925 -9.617817 -13.628744 -11.287474
1 50.732145 -10.208664 -8.681738 -10.680685 4.741699 -8.567786 -6.901295 -10.433675
3 28.518001 -39.697045 42.522863 -30.021638 38.470351 -21.483304 -10.561915 -7.747311
1 64.199841 -2.102208 1.378151 -15.523500 -14.867467 -12.454415 -13.330613 -7.299792
3 23.138236 -21.755133 47.751773 -13.896750 -5.621400 -11.060051 -4.930226 -13.626449
1 77.209544 4.227008 -47.801670 -15.309331 17.058687 -11.619644 -12.939993 -10.824604
1 49.418527 -0.334220 -14.010867 -12.879668 10.584518 -9.677755 -11.682916 -11.417619
5 -19.325332 1.070669 11.232592 -10.319766 28.095758 -8.333518 1.213219 -3.633623
3 -5.420653 -15.215686 76.910459 -17.633106 2.226904 -13.208796 -12.940785 -14.718338
1 22.971363 7.890642 -6.364226 -11.541695 3.526734 -9.524503 0.272236 -7.230552
3 6.719000 -14.857778 64.340185 -22.870262 13.247295 -16.176606 -13.040949 -17.360886
3 26.155612 -22.247214 48.082577 -19.901665 5.420311 -19.114463 -2.803274 -15.591882
5 -23.622660 -18.311435 9.703368 -16.842551 82.066075 -11.334854 -14.112362 -7.545581
1 36.708542 3.956941 -40.829945 -15.585179 29.036140 -11.216851 -6.237691 4.168041
1 30.158348 -14.941158 18.006959 -5.332434 -8.666979 -6.104750 -2.675645 -10.444340
5 2.108738 -1.891211 -5.704966 -0.107642 5.595080 0.000000 0.000000 0.000000
5 -8.294240 5.815571 4.737700 -7.771103 7.687695 -5.773008 7.414674 -3.817289
5 68.541211 -11.936454 21.744115 -45.786371 69.312782 -32.397204 -35.866154 -33.611920
3 29.844059 -22.232980 60.240284 -28.967529 35.112679 -19.959939 -36.921520 -17.115055
1 36.072459 18.326945 -21.271336 -6.647958 4.692135 -8.417769 -16.559126 -6.195350
3 -5.893417 -16.696934 34.819617 -5.623217 6.113193 -6.720591 2.703578 -8.702229
2 -37.131272 36.233070 -2.153049 -9.308398 7.867664 -8.179288 21.160189 -8.488915
1 64.115681 -15.910954 13.601729 -18.820627 16.462056 -17.686710 -27.578547 -14.182629
1 16.853974 14.842341 -16.129844 -6.920293 4.525354 -5.319398 -2.437144 -5.414988
1 10.676390 -2.055495 9.080643 -1.934197 -7.737528 -2.878753 -5.889010 0.737949
1 92.312366 -29.480975 -13.671604 -1.800289 0.708963 -14.693272 -30.169038 -3.206150
3 35.484328 -9.016652 39.293866 -14.734956 0.925007 -23.560031 -12.284003 -16.107559
5 -22.846641 -12.293695 6.050816 -8.242949 52.181930 -6.872601 -5.618969 -2.357891
1 39.315636 -22.962050 27.007645 -19.986200 -1.504909 -12.835903 -1.193216 -7.841003
1 36.775699 -13.372704 16.392081 -12.841129 3.395565 -12.690580 -8.847233 -8.811700
3 15.344508 -18.667094 26.326876 -11.639433 10.974123 -8.224447 0.953140 -15.067672
5 -20.978310 7.430791 1.894203 -7.839086 30.640347 -6.372815 -0.134000 -4.641130
1 80.655967 -19.342510 -12.769214 -28.097565 18.278325 -18.146832 -1.770549 -18.807622
5 0.838986 -10.917001 12.720361 -17.679567 32.997324 -10.680716 5.228772 -12.508156
1 18.423264 14.951928 0.297623 -13.201389 -10.163759 -10.204723 5.004574 -5.107517
1 28.775280 -7.128669 23.836314 5.900207 -28.042883 -11.505068 -2.423970 -9.411211
5 -3.915356 -4.744903 2.646544 -2.548663 18.384176 -2.560510 -7.444955 0.183666
2 0.341403 28.887892 -5.173189 -11.394193 17.303589 -7.030121 -15.195621 -7.739759
3 24.949044 -17.440220 30.802321 -8.457820 2.092905 -10.188025 -14.042916 -7.715291
3 2.245884 -5.791545 15.225154 -2.177579 -0.778033 -3.532664 -5.149170 -0.042049
3 30.870029 -1.461690 56.139836 -18.978109 1.164649 -17.577193 -32.150855 -18.006669
5 -3.915356 -4.744903 2.646544 -2.548663 18.384176 -2.560510 -7.444955 0.183666
5 -3.093647 -4.364045 -13.799909 -9.668177 29.419366 -7.484975 11.732933 -2.741545
5 0.440298 4.010771 2.268192 -9.392305 22.117573 -4.372680 -7.946739 -7.125109
1 41.165036 -18.294146 20.376939 -8.285201 -31.579080 -6.763601 -0.773693 4.153745
5 12.727541 -17.096311 24.320565 -23.160279 39.894046 -16.233103 -1.846099 -18.606359
5 -5.925535 29.046523 -14.314946 -18.319700 34.423858 -12.053944 -2.018636 -10.837618
1 8.141106 -4.860320 -7.806253 -0.107642 3.187698 -0.294080 -2.945607 4.685098
8 -3.953986 1.394802 0.684647 -2.148961 3.630276 -0.491763 -3.327199 4.212184
1 73.268226 -16.301283 -18.177215 -24.183859 18.678149 -15.572457 -6.176745 -11.534814
1 9.220518 -1.614825 -3.864752 0.000000 -2.168716 0.000000 -1.572225 0.000000
1 22.283956 -6.011672 6.424374 -5.095767 2.740556 -5.765533 -14.693966 0.118052
3 24.997963 -19.674999 37.055576 -15.401084 -2.978604 -13.335922 -7.998705 -2.664226
3 27.362261 -17.796653 29.294647 -7.257429 14.221654 -13.179846 -15.981541 -16.663092
1 118.873134 -43.011705 48.071845 -52.018603 80.224223 -43.455088 -65.045571 -43.638234
3 -2.543193 -9.351329 50.210366 -8.884706 -1.213026 -9.186208 -9.851679 -9.180227
1 112.504692 -4.495341 -2.516598 -31.125318 -0.241987 -28.156018 -24.617350 -21.352082
5 -5.355113 -20.804383 -5.577896 -11.277696 49.155450 -8.715444 7.107955 -4.532871
1 13.497156 8.603078 3.962008 -14.096313 3.434079 -12.549202 7.351678 -10.202485
1 18.720423 9.845574 -14.685407 -2.575027 -3.475594 -2.248936 -0.557793 -5.023240
3 16.178683 3.601175 31.511096 -18.323793 -2.237191 -15.243079 -1.963922 -13.522968
3 -14.480657 -10.597303 52.179188 -21.470104 34.197227 -13.494439 -8.556147 -17.777762
1 84.779576 10.269569 34.818151 -41.449480 9.088197 -37.466821 -22.448749 -37.590445
5 -2.750598 4.370119 -17.145605 -14.233782 25.290407 -12.108602 21.417043 -4.838982
3 -3.099646 -1.642993 29.005987 0.369173 3.673596 -10.043633 -7.497154 -10.765329
1 42.867105 1.470980 13.830600 -13.208460 -11.956844 -10.597529 -12.545557 -9.860296
1 64.403899 2.940858 -10.025697 -20.712599 -12.354372 -14.905134 1.615744 -10.962698
5 32.383221 -11.238080 -43.066408 -16.269431 64.777614 -15.525659 1.616923 -12.678179
3 3.289360 25.838729 27.914753 -27.469466 20.777174 -20.533220 -22.194700 -7.622630
5 30.809599 26.560027 9.916841 -31.166023 35.625843 -28.903464 -27.846331 -14.996495
1 53.963984 -23.623687 46.330300 -13.836862 -24.019742 -12.883012 -19.247041 -6.683942
1 42.848234 10.255672 -6.525271 -19.675815 26.035540 -15.422887 -27.707875 -9.807602
1 19.617192 19.060937 3.362141 -6.767953 -9.668758 -5.642498 -16.840508 -3.120555
1 73.315711 -19.521230 0.873064 -13.361926 -10.824118 -8.326954 -11.348166 -10.806378
1 19.127956 -4.540525 9.303322 -16.796061 2.289844 -9.827984 7.059320 -6.615872
1 39.607849 9.565630 2.961723 -22.910878 -10.658460 -19.365175 8.536812 -7.737503
1 30.015058 -6.183038 26.017889 -15.114702 1.374497 -6.594276 -19.356957 -10.158469
5 30.571876 -9.498872 -4.378300 -13.806526 31.964812 -12.631280 -8.378475 -13.843236
2 7.340781 19.819082 10.675296 -8.503023 -8.839160 -9.383205 1.797749 -12.907520
1 38.750115 -8.759614 -18.716179 -2.042534 0.381276 -1.355988 -5.765552 -2.491525
1 14.478638 -10.303370 6.098147 -1.374052 -15.253360 -1.278028 12.191292 -4.559266
3 -11.110092 -5.626663 15.387267 -0.561553 6.649685 -1.120403 -2.401172 -1.217070
1 38.216145 -10.958227 -12.153302 -10.742689 21.413641 -10.007669 -5.416549 -10.351348
1 49.436218 4.986031 33.517548 -27.903368 4.669770 -20.347388 -23.398369 -20.960442
3 -9.033748 0.059638 37.479067 -17.666396 17.280363 -10.712166 -16.173755 -1.233003
3 10.538864 -38.702811 47.895348 19.833993 7.303616 -16.519095 -1.934791 -28.415125
3 2.126448 0.192666 40.013756 -12.624566 -21.853222 -9.448071 8.818511 -7.225521
3 2.412199 -11.287801 23.847392 -12.890587 8.967360 -6.634132 -8.023866 3.609437
3 6.402108 7.882944 24.091746 1.844255 1.905338 -23.806720 -0.206550 -18.113118
3 4.979272 3.652262 30.926263 -21.353512 13.027737 -11.782495 -7.830425 -11.619101
1 73.286445 32.953071 -24.575737 -34.639387 14.485961 -27.087409 -17.279437 -17.143508
3 17.819493 -7.123518 39.627432 -5.465328 4.771668 -16.525943 -15.291025 -17.812779
1 0.000000 0.000000 0.000000 0.000000 0.000000 0.000000 0.000000 0.000000
3 39.871314 -9.230215 52.485286 -18.570593 -8.187821 -17.008509 -21.041882 -18.317580
1 57.192156 -31.134112 14.994681 -19.601716 38.345045 -19.978123 -18.120064 -21.697866
3 8.342545 -7.717312 35.621310 -15.489121 5.663261 -13.059281 -0.243674 -13.117730
3 -5.526719 -21.203758 105.155682 -15.298465 15.226134 -19.537520 -37.918360 -20.896992
1 74.071315 -47.912543 31.925426 -23.600636 71.635476 -36.045496 -28.338721 -41.734820
2 11.086895 37.996638 7.776603 -12.319960 -17.369869 -12.727995 -8.549329 -5.892986
5 -2.213048 -3.812314 -3.581842 -0.125255 5.384014 -0.162616 4.782253 -0.271191
5 -6.047423 -15.304375 35.683762 -18.452861 41.060397 -11.458019 -9.347715 -16.133766
1 40.256497 -21.326774 -6.993731 7.503832 5.432059 -8.368946 -10.341956 -6.160979
7 -13.224918 23.021776 -29.204874 -6.598314 1.394990 -4.775331 29.604646 -0.217978
5 -8.770462 29.434459 -2.050762 -19.002157 59.899678 -13.081006 -26.025524 -20.404226
3 9.016250 -7.577674 10.855390 -1.600856 -7.348571 -1.626245 0.869138 -2.587431
3 26.716141 -25.840134 108.220661 -32.388878 -12.293797 -27.997249 -13.550106 -22.866639
2 29.685980 30.198469 6.431625 -31.477121 17.392967 -24.929415 -8.556570 -18.745936
3 14.502465 -11.720286 30.009377 -15.421222 24.132598 -9.244360 -23.156114 -9.102458
3 7.913842 -13.060435 19.717773 -10.620258 18.529079 -8.767597 -2.466738 -11.245667
5 42.924049 -26.094219 -8.921431 -22.041511 64.687923 -19.917172 -8.210473 -22.427164
1 39.049807 -11.020333 22.137017 -13.461842 -3.016000 -13.455474 -5.138682 -15.094496
5 -14.282336 -23.125062 15.064199 11.169682 28.416311 -5.335999 -4.434677 -7.472119
5 -21.885372 -10.825130 15.327838 -5.937668 26.562419 -4.582348 4.661817 -3.321555
1 25.279435 -11.129920 -6.030396 0.106879 13.485426 -13.593175 -3.445328 -4.672921
1 37.826971 -9.691099 -11.774257 -3.764934 -10.824019 -2.811594 6.244421 -5.205488
1 45.678014 -9.114195 22.868775 -14.595475 -18.900355 -12.632370 -4.309327 -8.995066
1 21.058920 -9.790444 8.273079 -3.745942 -11.431042 -2.710482 3.329359 -4.983447
3 26.185889 -1.523208 41.782379 -18.129429 -4.212169 -17.035359 -12.928591 -14.139511
3 14.627348 -12.508204 27.336662 -5.068613 -12.739369 -6.597797 2.710675 -7.760704
3 10.959434 -5.955209 20.028220 -6.117161 3.228739 -5.660029 -9.770985 -6.713009
5 2.673215 -42.160879 35.582957 -21.652903 62.292984 -21.426725 -5.269294 -10.039358
2 -10.381984 9.065096 0.347858 -0.125255 -1.666858 -0.162616 3.688450 -0.764692
3 -7.559601 9.141062 32.250696 -17.648564 -2.215737 -12.913439 1.898595 -2.953015
1 16.385471 -18.124593 13.768615 -6.803235 6.114274 -7.410785 5.336657 -9.266405
3 2.613632 -13.252167 77.773137 -19.204915 0.537639 -18.323106 -11.743483 -18.400738
5 20.902284 -41.011117 14.358706 -15.057837 77.421137 -24.784552 -11.588724 -20.239894
5 -0.818009 -1.998764 -3.347054 0.000000 6.649685 0.000000 -0.485857 0.000000
4 -2.433334 -5.884509 1.668819 15.688344 1.095520 -2.013468 -4.514102 -3.607270
3 11.888556 -6.179309 12.303399 -5.480712 6.193527 -5.552387 -7.074871 -6.098203
5 -3.915356 -4.744903 2.646544 -2.548663 18.384176 -2.560510 -7.444955 0.183666
3 -21.579999 0.574432 76.451595 -17.581291 0.573016 -9.668261 -16.524032 -12.245458
1 13.561327 1.511310 11.320311 5.143097 3.638893 -9.882489 -15.372028 -9.920421
1 43.172733 10.514822 3.012142 -26.123860 17.125794 -21.484904 -9.768319 -16.448408
5 9.752652 5.857426 12.701145 -14.162223 22.416240 -9.786509 -15.901884 -10.876847
1 65.765310 -23.175587 8.704564 -11.669998 24.970103 -24.357246 -16.700353 -23.536792
5 -8.845633 -4.719610 4.477585 12.025000 16.094550 -5.142991 -6.399845 -7.489056
5 -21.808746 -13.413149 30.104365 -14.442685 37.237683 -8.334678 -1.263121 -8.079669
2 12.872588 16.737712 -15.906242 -8.399486 -2.972241 -9.084926 14.081228 -7.328633
5 22.209974 -18.656524 26.629410 -13.060431 41.986687 -22.048300 -10.127192 -26.933624
3 91.612430 -47.885360 100.459108 -57.500206 20.624842 -46.177216 -16.952150 -44.181450
1 0.000000 0.000000 0.000000 0.000000 0.000000 0.000000 0.000000 0.000000
1 24.160013 -5.242317 21.931063 -8.809013 -2.508062 -7.254995 -19.550547 -2.726144
3 5.567274 2.030100 15.737467 -6.960963 -2.568470 -8.054263 3.181202 -8.932347
1 32.063900 12.045476 -22.440858 -12.825171 13.761152 -11.411547 2.155747 -13.348700
2 -1.681712 17.540621 -11.816067 0.000000 -2.735996 -0.708153 -0.598692 0.000000
2 1.855228 25.669707 -29.424484 -10.494530 20.045855 -8.998717 7.098126 -5.751185
2 -12.581738 55.544817 -16.117145 -26.485535 36.862497 -19.443294 -1.208828 -16.570774
5 -2.092758 -20.120131 9.728651 23.373308 27.440307 -10.934081 -12.761623 -14.633675
1 71.750805 -23.526922 19.591913 -35.776678 18.173233 -28.466725 3.671330 -25.416954
3 10.451817 6.636142 26.734114 -12.060217 -3.275061 -8.357554 -7.619771 -12.509471
3 12.823745 15.487901 18.422122 4.732468 -17.878890 -12.984430 -9.944092 -10.658827
1 40.726854 -10.236139 31.982910 -31.058608 2.167985 -25.697441 9.067826 -16.953385
1 85.122286 -36.637825 45.857526 -33.972648 26.973692 -28.992399 -41.701047 -16.649584
1 13.857060 12.846781 -0.347385 -10.643955 4.185646 -8.420063 2.198218 -13.676303
5 4.069165 -16.124713 25.002260 -17.354473 25.901178 -13.248080 7.278349 -15.523686
3 13.410749 7.077248 17.296174 -8.130254 -12.525450 -7.740471 -0.352790 -9.035206
1 4.617496 3.829652 0.503488 -1.514287 -1.149710 -1.214139 -3.643910 -1.428589
3 -0.646001 -15.158018 47.182880 -14.472494 5.198771 -9.845232 -6.750115 -5.509792
3 35.760415 -24.537348 52.154566 -8.266339 4.519535 -15.029098 -25.699664 -18.902068
1 14.834756 -6.338487 11.526228 -2.617486 -8.440507 -3.392774 1.257742 -6.829473
2 -1.412757 17.540621 -13.778392 0.000000 -1.042627 -0.708153 -0.598692 0.000000
5 14.428395 -20.433186 33.921993 -30.003837 83.865089 -28.498156 -29.066969 -24.213332
1 58.327860 -43.298974 31.067862 11.535238 -2.563750 -17.515900 -16.039193 -21.513144
3 20.833310 -4.868779 21.207401 1.190977 -16.764681 -15.797404 8.091097 -13.891921
1 46.142102 -13.942637 11.199360 -13.400217 -5.644488 -9.470791 -8.693213 -6.190114
1 26.816179 -0.536020 -23.048129 -7.696911 8.154422 -6.168525 4.463117 -1.984132
3 16.970690 -10.982000 44.000480 -13.056700 -5.502770 -10.023857 -10.556206 -10.849637
1 72.426569 2.974447 -13.440708 -15.716846 -7.138975 -12.130220 -12.912081 -14.062186
5 19.658411 -31.629888 18.124965 -9.391594 30.888731 -8.486906 -12.266452 -6.897268
2 7.831621 40.699445 -18.754226 -9.426894 4.903925 -9.717486 -13.916307 -1.620078
3 -0.870584 -1.379340 42.954119 -19.307470 6.862822 -14.648800 3.257531 -16.868280
3 -6.869443 -8.021241 14.570109 -2.792045 11.148842 -2.830767 -4.609123 -0.596331
5 -3.413166 6.598790 -8.659986 -0.887287 11.370797 -0.620350 -2.021801 -2.366996
1 50.046802 -32.705034 0.279955 -17.475086 27.076450 -14.982335 -9.744050 -2.496700
3 -12.464913 15.935934 26.505286 -19.346127 17.681444 -17.702924 -1.107934 -9.500768
7 -5.631887 -3.433771 20.035000 -9.633087 -10.526520 -9.744594 32.910533 -13.975675
1 29.219208 -16.172283 -9.172066 11.150479 -8.804215 -4.859713 3.925403 -5.286813
3 32.121242 -35.450503 34.478903 -24.374746 11.961784 -19.191194 14.943512 -14.488999
5 7.950926 -16.258827 23.613351 -8.756369 26.877439 -9.464550 -15.326126 -8.635846
1 8.273203 5.049024 4.604167 -4.900605 -9.853119 -6.039058 5.448838 -2.582449
3 14.601808 -3.230323 35.119505 -25.735503 28.045363 -19.789582 -15.154027 -13.857243
2 -22.814232 19.800482 -5.196297 -4.562427 19.031317 -3.301561 3.203938 -6.161219
5 2.066607 -2.001051 12.039040 -0.389621 19.432504 -11.992350 -14.684675 -4.470457
1 27.866336 -3.099891 13.517288 -6.495549 -5.958653 -5.426619 -16.751614 -3.651298
5 10.060278 -15.539836 19.857325 -26.185808 34.118662 -22.321412 23.298834 -23.288040
5 10.439218 -4.035951 15.770544 -12.715113 23.177074 -13.656115 -4.759846 -14.219811
2 3.382790 8.619461 3.979971 -4.625481 -5.630484 -4.021427 -0.612767 -1.092065
1 76.546107 -9.488864 68.440714 -35.533304 -15.107655 -31.665095 -21.479513 -31.712395
1 47.082419 11.015670 2.239576 -8.315947 -28.028610 -9.034154 -10.150918 -4.808036
3 6.235733 -4.479229 12.024784 -8.612659 9.266753 -3.752330 -5.924938 -4.758113
1 74.955500 -14.994386 -6.682713 -24.650040 -7.743401 -21.546334 2.350100 -1.688727
3 -10.432290 -16.684250 64.680213 -19.938386 34.850007 -15.499048 -23.221572 -13.754674
5 -23.663014 14.348062 -15.473554 -4.460636 29.904511 -3.709281 6.956104 -3.902192
3 13.068449 -7.846621 43.816763 -19.896652 30.935768 -16.925770 -32.931636 -10.220302
2 3.382790 8.619461 3.979971 -4.625481 -5.630484 -4.021427 -0.612767 -1.092065
5 25.453872 6.894002 -6.803191 -16.358945 28.807442 -11.350095 -11.064615 -15.578469
1 28.761774 11.163149 23.419175 -19.230489 -29.495406 -17.511282 13.016467 -10.123389
3 10.493517 -7.992859 12.068612 -5.605967 4.927855 -5.715002 -1.806761 -6.369395
5 2.164061 -9.234417 -10.620009 -9.704536 33.021152 -6.928386 9.591469 -8.289333
1 27.241337 -1.575255 13.042383 0.930903 -4.421583 -10.835650 -12.252056 -12.130080
1 28.524491 -17.758987 18.825130 8.221177 -10.686158 -8.670328 -9.294458 -9.160867
3 19.097964 -40.567635 125.159990 -24.596315 39.628809 -32.747519 -50.264029 -35.711267
1 100.837694 -20.204420 46.422918 -54.975178 57.240964 -50.316111 -28.368949 -50.636916
5 24.364118 -19.675266 38.107570 -38.731581 63.069639 -30.674211 -9.644454 -26.815816
3 12.123236 -9.284933 32.690565 -11.351038 0.283764 -7.528758 -4.667196 -12.265641
3 26.702895 -29.438696 35.580054 -17.377530 -5.407902 -10.631191 9.150065 -8.577694
1 39.527636 8.431085 28.756640 -26.974927 -27.147339 -23.223215 6.980487 -6.350366
5 0.398899 -11.282640 19.119419 -8.257909 29.631197 -8.496550 -14.519825 -6.592592
5 12.789989 3.452437 -1.791956 -12.077818 24.112520 -12.323120 -10.758012 -3.404039
3 16.396282 8.531169 35.808340 -8.385442 -37.542870 -9.423574 6.424056 -11.807960
2 14.250391 27.604104 20.150303 -19.714162 -0.053824 -13.415232 -19.174154 -9.647429
1 22.166371 16.380848 -5.960990 -5.768843 -13.343927 -5.829131 -2.901907 -4.742422
1 0.000000 0.000000 0.000000 0.000000 0.000000 0.000000 0.000000 0.000000
1 48.496995 -20.803281 19.552423 -16.271645 10.013837 -10.930962 -15.929529 -14.127839
5 -11.580887 -2.329450 -1.409969 -2.748829 24.591005 -2.521922 -1.653784 -2.346165
3 38.945323 -23.728844 58.236048 -22.719383 -8.864525 -15.531191 -9.936724 -16.400702
5 14.363490 -8.862966 -7.396347 8.543595 15.305336 -7.900198 -3.629099 -10.423811
3 28.714009 -13.569140 30.633422 -14.578222 -0.741308 -9.178949 -12.709379 -8.570434
3 15.096559 -11.103108 26.600888 11.301628 -15.327515 -7.770974 -16.292122 -2.505359
1 52.823508 -19.235782 -11.337502 -15.582709 39.483745 -13.001419 -21.838389 -11.311453
1 52.706584 -28.227013 16.543368 -18.583470 46.546228 -19.739011 -37.119802 -12.126884
3 30.819373 -21.192848 43.808973 -18.722394 15.071455 -14.617816 -13.534195 -21.632548
1 25.849648 0.690178 8.807433 -7.359822 -23.004054 -6.292374 0.585035 0.723955
1 23.427668 -11.581736 -16.361495 -12.421649 20.048152 -9.109859 16.153965 -10.155046
1 24.904471 -14.918813 -12.912228 -11.005063 21.342130 -10.379039 0.486530 2.482015
