1 21.975470 -5.157198 0.493768 -10.118498 16.849488 -12.499614 -0.793073 -10.750341
3 25.912487 -10.903540 28.897104 -1.648066 -23.111279 -6.638156 -2.635104 -9.873446
3 8.454238 3.104768 19.088711 -6.604547 12.036207 -22.294029 -1.521853 -12.263493
2 -3.888739 11.602695 -2.127833 -0.446196 4.583236 -4.739914 -0.420109 -4.563139
3 0.465783 -14.067861 38.900372 -9.372670 8.127720 -14.027490 -2.494242 -7.531611
5 32.328950 -21.979056 -3.507339 -2.956694 52.941442 -24.590627 -6.324443 -25.912232
5 15.753476 -24.390925 17.616447 1.871112 33.761328 -16.623108 -5.761372 -22.226958
5 -10.219396 -9.401693 19.745541 -8.175405 22.996075 -9.260876 9.505697 -15.189943
3 -2.927279 10.666111 19.408119 -1.151645 0.028586 -7.151845 -8.940466 -9.931583
2 -37.902468 51.955202 18.958595 -23.219144 33.202315 -20.652648 -7.753766 -14.588087
5 -2.800984 3.181095 5.848339 -4.327053 13.562823 -8.103171 1.792987 -9.154036
5 -30.031705 10.245955 40.343855 -11.809858 52.688897 -28.225163 5.898866 -39.110848
5 12.993721 9.236450 -14.188856 0.317936 33.458413 -22.325239 -2.215744 -17.276679
1 48.939304 -24.952039 35.083894 -2.181871 -26.647085 -13.073561 -2.810395 -14.358246
1 25.054923 22.907753 -16.012483 3.691364 16.207264 -19.851743 -12.568643 -19.428432
3 1.179352 4.496962 19.033139 -13.915814 8.500179 -10.467683 8.284940 -17.111077
5 -7.275201 -4.926413 4.954490 4.797902 10.992876 -3.759831 0.195110 -4.978933
2 -25.297797 64.757127 18.980311 -19.013607 1.268643 -24.686289 1.889775 -17.898161
5 28.013378 -11.816853 -33.974034 -7.074591 63.814788 -13.494918 -11.490504 -13.977269
3 5.571871 24.098821 25.893469 -12.001327 -24.090529 -17.892857 18.856851 -20.436298
3 -5.452365 26.953703 30.135636 -21.071930 11.550461 -19.121288 -8.832971 -14.161247
3 -6.545766 13.026225 23.282015 -11.312941 -3.723841 -14.208741 6.086693 -6.603642
3 15.211066 -20.594595 30.178402 -8.710346 13.707423 -13.632970 -7.024534 -9.134446
2 5.458090 12.429289 -1.920238 -4.726239 -9.646493 -2.609191 5.646571 -4.631789
3 3.926038 -6.851635 15.953006 -1.605305 -3.814243 -1.861075 -1.759621 -3.987165
5 22.485287 -12.012764 -26.897357 -5.910395 43.691828 -7.692266 -7.451823 -6.212511
5 10.245680 -15.479786 10.032892 -7.714979 30.705070 -17.185744 7.017695 -17.620827
1 7.922429 -2.297241 -6.387201 -1.129871 3.823482 -0.034978 -1.896619 0.000000
4 13.791275 -11.448078 8.113977 18.106346 -17.067352 -3.846846 -1.955992 -5.693329
5 -6.020283 -2.312449 8.470434 -2.846202 10.554508 -2.215511 -2.483340 -3.147156
5 -10.785247 16.868013 -14.832113 -2.376409 17.104853 -2.590119 -0.391443 -2.997537
2 -1.201168 27.016530 -3.754808 -5.985401 -3.184145 -7.128436 2.678280 -8.440853
5 10.220804 -10.622736 -2.555671 -3.875560 18.202313 -2.547810 -5.242086 -3.579253
1 19.328502 -20.537394 -7.036554 5.515942 9.601594 -3.829954 1.194148 -4.236284
3 14.755785 6.878179 23.135195 -2.369009 -3.481854 -12.269921 -11.922084 -14.726289
1 50.402561 30.351863 40.096036 -6.830196 -11.759274 -40.392754 -27.611193 -34.257040
1 64.702170 -35.769343 6.719812 -11.158312 7.418222 -14.546735 -4.117743 -13.248071
2 -3.611770 26.655936 -7.307555 -6.667033 4.040682 -3.276946 -6.825972 -3.007343
5 3.699110 10.005454 6.378590 -11.418868 36.453261 -15.591772 -10.133371 -19.392405
1 46.804805 -11.169909 -10.690393 -8.442996 -11.636203 -6.712315 -4.859747 6.706760
2 4.407476 26.745540 -13.545714 -6.590777 2.726863 -5.479012 -0.885256 -7.379124
5 -7.055616 28.751254 -4.205545 -13.917865 34.690534 -13.086216 -9.752759 -15.423787
3 -2.924202 10.080181 25.016240 -3.445867 -12.531037 -3.978184 -7.984643 -4.232489
5 13.559681 -4.449375 12.550704 -3.091983 15.704167 -17.680052 0.078102 -16.671243
5 1.557230 -18.986315 2.147838 -11.475700 75.877393 -18.596905 -9.407228 -21.116314
5 14.192895 -15.594424 -9.464986 -1.236612 41.533495 -14.467483 2.909836 -17.872722
3 5.591142 -5.319831 15.558589 -3.091358 9.832577 -8.966583 -2.573474 -11.031061
1 23.113408 -6.294709 8.225227 -14.419905 16.406013 -15.332517 6.734187 -18.431702
3 28.192213 -23.183307 39.221170 4.481505 -19.024364 -10.059158 -9.960268 -9.667790
3 1.817125 4.013764 8.802665 -1.543424 -3.642139 -1.975846 -5.112371 -2.359775
2 -35.205327 51.359108 47.829577 -27.073244 13.862301 -32.136195 4.699373 -23.335595
3 12.911991 -17.424457 41.304295 -4.251370 -4.956496 -14.311628 7.420574 -20.692909
3 16.243890 21.678123 34.468476 -29.056418 10.635563 -19.342486 -20.949317 -13.677833
3 3.486861 11.173116 18.916320 -14.351505 -8.570116 -11.588993 5.741214 -4.806896
1 15.772880 11.728317 5.643803 -11.412956 10.238388 -16.102718 3.115663 -18.983376
2 45.663723 47.384406 3.602415 -9.083557 -31.113999 -20.653177 -12.073324 -23.726487
5 -6.747596 -14.334183 21.335414 -9.659497 27.313604 -14.502422 14.787582 -18.192901
1 15.774090 6.466215 -1.849032 -8.506037 4.976865 -5.898966 -2.458847 -8.504291
3 -6.348286 1.939288 27.911675 -11.486264 11.980229 -11.134850 -7.449844 -5.411947
1 24.054451 -15.509978 -3.601624 -7.033481 22.026052 -6.825365 -10.367508 -2.742547
3 1.134174 -1.619797 16.119494 -4.482168 -5.210372 -2.609191 0.286157 -3.618297
3 1.483781 9.287484 34.785613 -20.821507 15.155876 -16.010284 -13.645952 -10.235011
1 24.069340 12.013920 -3.994791 -2.027006 13.727035 -18.340958 -10.845195 -14.602345
1 19.068495 9.846255 12.977502 -12.038022 -3.717065 -8.491291 -6.687644 -10.958232
3 -11.885165 -13.425100 70.403036 -17.302735 14.734589 -18.155881 3.545087 -27.913831
3 -3.393323 13.519250 28.762183 -2.277809 -0.366039 -12.095701 -8.811926 -15.336635
5 -22.561607 -6.978216 39.899495 -13.963317 48.571037 -26.148692 2.894304 -21.713002
3 8.571994 -17.896494 32.131669 -4.360981 3.026379 -10.133877 4.543283 -15.881973
3 2.918638 -7.060685 21.615379 5.565062 -12.016079 -2.434653 -4.372568 -4.215094
3 -8.045782 -1.541345 38.212049 -0.947404 10.531186 -19.721541 6.259351 -24.746515
3 1.352139 13.087137 21.098922 -8.855565 -14.888723 -5.512125 -9.232630 2.950847
5 -10.626475 -19.509716 37.939114 9.039910 51.747857 -23.148082 -16.319305 -29.123303
5 22.189551 -25.629511 -2.121484 -6.512820 31.011013 -5.746492 -9.442853 -3.747404
1 9.566962 7.184975 0.119495 -5.440784 7.424161 -9.322913 -5.476736 -4.055159
3 19.980681 10.517729 39.246299 -16.992733 -14.202358 -12.494115 -19.333710 -6.721792
3 2.734401 -27.215662 31.821075 0.517869 29.703656 -13.723825 -5.602082 -18.235433
2 7.608711 30.145338 27.277492 -18.302456 -25.074928 -12.661072 -4.083373 -4.909710
5 -9.224808 30.340807 32.785864 -27.435811 35.326851 -22.918577 -25.472035 -13.402294
1 40.765108 18.951821 -7.915767 -9.401458 10.638867 -25.993895 -0.652856 -26.391823
3 10.845987 -5.935417 27.721297 -11.258221 24.507544 -18.116856 -3.853835 -23.910497
3 -7.703156 -2.969823 53.097597 -14.746078 3.381116 -11.634905 -11.552080 -7.872672
5 7.327820 -3.703554 12.514926 -10.242662 20.570602 -20.466955 17.092711 -23.092888
3 -1.891900 9.039067 23.513296 -13.762545 18.138740 -18.131729 5.753012 -22.657939
5 -0.834903 8.804559 -6.632220 -9.171573 21.709695 -5.536723 -1.212920 -7.125916
5 -10.044499 8.466727 -23.804258 -9.000802 56.304109 -7.484526 -6.116084 -8.320669
3 6.611563 5.054985 76.817736 -17.586162 -35.478335 -18.337698 -12.941534 -4.140551
3 57.025230 -11.323549 63.087662 -12.861495 -44.222409 -15.154362 -25.723472 -10.827606
3 -4.921107 12.834758 20.578234 -16.551725 -6.239252 -11.880883 -12.450100 18.630076
3 17.131403 4.278804 29.333854 -14.854057 -4.430699 -11.711243 -16.372442 -3.375618
3 2.020594 10.212003 34.908520 -6.388137 22.555782 -30.552953 0.982950 -33.738756
5 -23.742226 20.762698 -1.402344 8.780908 26.959593 -14.032890 -12.487880 -4.837861
5 4.144730 -13.458299 -0.973993 -6.193854 24.177602 -3.700669 1.105462 -5.100979
3 2.039099 8.491536 25.252358 1.678329 -23.715405 -5.908455 0.788230 -8.625691
3 29.242428 25.615788 42.324504 -25.269510 -9.922845 -30.479495 -12.418209 -19.092662
2 -21.507360 41.912100 32.519587 1.036905 -16.591363 -23.367220 5.031794 -19.034445
5 8.879740 -6.062528 -12.093447 5.948386 19.756329 -8.087534 -4.189727 -4.151219
3 -2.159305 7.684209 27.109996 -0.761585 -9.376003 -9.448318 1.234343 -14.283336
5 -36.157572 1.649875 27.949086 -13.884297 73.881554 -23.761716 -11.075150 -18.601780
1 0.000000 0.000000 0.000000 0.000000 0.000000 0.000000 0.000000 0.000000
3 -27.722001 -7.976521 67.943380 -16.079242 45.721304 -24.587865 -25.751010 -11.548045
1 28.543976 1.452324 27.218072 -19.981277 3.696923 -16.616412 -21.058097 -3.255506
5 -5.712606 2.494949 21.321105 -12.807278 61.098136 -31.987542 3.000300 -37.407061
3 -9.458397 17.794676 43.534941 -13.792594 -4.481568 -16.916637 -10.093026 -6.587392
3 15.190226 -26.265100 46.545903 -6.013039 -2.346887 -12.449873 3.606874 -18.268102
1 0.000000 0.000000 0.000000 0.000000 0.000000 0.000000 0.000000 0.000000
2 2.087125 6.424627 -7.964573 1.156015 -0.515355 -1.645318 1.804079 -1.346600
1 23.761332 -19.548677 5.932867 -6.925182 12.709832 -7.633214 -3.871769 -4.425188
5 21.105802 -6.690906 -18.837118 -6.240406 32.230081 -9.408969 -7.147100 -5.011385
1 17.920507 0.121167 -13.598391 1.351203 12.156548 -13.670333 4.583228 -8.863928
2 2.874068 20.728566 -17.861703 -4.785539 20.085477 -8.276422 -4.793369 -7.971080
2 -5.183937 36.304938 -10.046147 -6.819338 -9.896527 -7.940170 13.266143 -9.684963
3 30.537845 -39.511334 43.602161 -21.498535 30.864656 -13.151448 -14.494099 -16.349245
3 -22.152115 46.271475 85.894755 -36.104007 6.347933 -28.654540 -24.839619 -26.763884
1 48.594751 -5.549756 29.081483 -13.080977 -4.031875 -13.496943 -23.661307 -17.855378
3 -6.954354 -17.153667 61.748399 -25.884429 18.363564 -15.934530 -7.007123 -7.177860
3 -14.013186 14.828368 17.669457 -6.680208 -6.809916 -4.375656 -4.807983 4.189125
3 18.277896 -1.217602 39.121095 -13.506126 -17.432125 -11.196015 0.692645 -14.739768
3 -18.099651 -0.865220 79.044539 -28.183773 4.418227 -17.637366 -12.467169 -6.209585
5 -23.906251 9.950377 21.587924 -7.764666 51.076641 -16.511051 -20.346926 -14.086048
5 -18.530850 -7.250624 36.649756 -20.541201 57.876132 -23.802573 -8.563686 -15.836954
1 41.717937 -9.022050 1.394369 -19.925101 34.507464 -31.764124 18.528827 -35.437322
3 18.417092 -10.241959 40.681491 -12.074383 -14.221964 -8.551185 -11.127816 -2.881275
5 6.587991 -31.104715 38.649615 -23.677680 60.825910 -24.010662 -6.523313 -20.747143
1 22.228887 5.900604 6.445405 -7.969338 -15.736576 -10.554143 13.462007 -13.776844
5 -15.747136 7.265631 14.607094 -7.751917 23.206967 -8.319746 -0.383413 -12.877481
2 -6.851247 43.502106 13.134537 -26.482204 25.454146 -17.613658 -20.912982 -10.230700
5 -6.151605 8.864789 12.455971 -10.122943 28.983200 -12.726259 -6.460988 -14.842164
3 -5.933721 -11.493617 29.104565 -4.488815 7.897727 -4.945990 -0.948210 -9.191939
1 66.044560 -19.767959 8.027373 -13.291366 4.915079 -17.020827 -11.320611 -17.586250
3 -5.622105 13.354486 15.950932 -7.726463 -0.431850 -3.885922 -7.455257 -4.183823
5 -11.697513 15.907836 -1.141399 -8.983984 17.999463 -6.089066 3.865166 -9.860507
5 15.364956 -16.238512 23.237737 -20.721942 32.478670 -12.339321 -17.078561 -4.703027
2 -16.577082 18.903219 -7.281041 -3.746887 10.567566 -7.359498 13.967795 -8.474072
2 14.999673 43.052597 4.306645 -16.932952 -14.940111 -12.484014 -3.246834 -14.755005
3 -24.603571 17.598443 63.839317 -12.364386 25.545583 -35.205943 -9.781542 -25.027900
2 9.808275 27.379748 22.453226 -12.915251 -10.876175 -15.254556 -3.041524 -17.553741
2 6.649859 28.275943 -2.288583 -14.554676 0.822803 -10.451416 3.186414 -11.640344
3 -17.393415 16.832141 43.562332 -15.011678 -0.717071 -13.242714 -15.179638 1.150045
5 -0.243859 8.278157 -22.762151 -12.387601 58.422810 -11.898068 -5.576241 -13.833046
5 4.223812 0.809281 -3.191518 -12.293315 42.374748 -10.606978 -8.341113 -12.974917
5 2.084523 -16.147653 1.225637 4.469304 19.056158 -5.524835 0.804821 -5.967954
1 79.497515 -16.090093 44.201309 -26.283424 -27.449424 -23.251253 -11.880607 -18.744021
5 -8.514658 10.299666 18.219567 -10.428404 33.428580 -23.027015 5.757209 -25.734944
3 -18.525882 5.735828 34.409119 -10.450412 1.819543 -8.244209 -3.040331 -1.703655
1 133.219328 -42.621644 3.207355 -6.968249 12.811800 -27.264733 -43.338490 -29.045370
5 -5.919024 -2.557560 0.000000 -0.610934 11.542696 -0.463009 -0.674843 -1.317326
1 20.178930 4.119184 8.232943 -9.537995 0.090765 -12.474557 4.533420 -15.142690
3 18.282694 -9.864840 21.895936 -0.180971 -21.934079 -5.508155 6.979537 -9.670120
2 -7.262803 32.481607 27.147070 -18.134499 -9.737429 -12.184157 -6.264784 -6.045005
2 -38.849387 60.482481 18.194703 -8.144493 41.899577 -30.185489 -15.551632 -27.845765
1 15.465401 15.177204 4.892830 -9.277315 -7.486517 -5.722944 -7.033365 -6.015294
5 -7.091305 -10.540429 -10.373421 -10.734304 72.267230 -16.436403 6.521909 -23.613282
3 14.791348 -1.294109 72.176759 1.868224 -17.138192 -28.227696 -21.564173 -20.612162
1 44.219344 2.830291 -6.704451 -7.612353 -4.775555 -11.180922 -8.405662 -8.370691
3 6.485573 -0.638774 20.964126 -6.757901 -4.067710 -4.807678 -3.572175 -7.605462
5 9.396551 -5.329110 16.959796 -13.332357 20.071006 -13.199279 -12.862536 -1.704069
1 0.000000 0.000000 0.000000 0.000000 0.000000 0.000000 0.000000 0.000000
3 9.980318 20.381239 50.140170 -11.621358 -34.689084 -16.669553 3.714351 -21.236083
5 -3.341634 -3.663201 -1.581881 6.031543 11.547285 -2.994136 -3.176108 -2.821868
2 -6.615121 21.456228 0.345491 -5.350276 0.578866 -2.939533 -4.468313 -3.007343
5 -27.454600 20.462266 24.285848 -13.965096 24.746163 -8.614732 -7.949925 -11.509926
5 0.961025 -13.690950 8.885135 -9.534992 29.958707 -6.232665 -0.979530 -9.366731
3 11.572958 -4.085443 12.642329 -5.904792 2.436497 -5.339102 -4.371776 -6.950671
5 17.577300 16.209492 12.710617 -13.679888 42.665352 -30.798413 -16.661023 -28.023437
3 8.785275 -13.331282 31.931029 -1.354099 -16.164362 -5.508155 6.077791 -10.436196
3 0.150709 -7.060685 18.180098 5.565062 -5.812869 -2.434653 -4.372568 -4.215094
1 57.900046 -0.249661 26.236062 -21.795825 9.089590 -19.122544 -28.393193 -23.664477
1 11.709121 4.426484 7.921336 0.197299 -21.800330 -2.609191 4.334961 -4.179678
2 2.977299 34.422920 10.086345 -12.070888 -13.170069 -12.253261 4.296886 -14.289232
3 -6.412855 -9.222452 45.055242 -14.543384 12.271761 -10.518523 -14.204899 -2.424890
1 13.965896 13.939822 11.389961 -10.362546 13.948777 -21.471806 -1.552344 -19.857760
3 13.609946 12.186084 26.729221 -7.975158 -14.516283 -10.462032 -5.166743 -14.405036
1 15.365325 3.949456 -2.313836 -2.175357 -8.026194 -1.136469 -4.424647 -1.238279
5 19.108070 -23.626987 -6.138466 -9.752789 35.845514 -4.884618 -6.515613 -4.035108
5 -2.118256 -15.673009 -17.044696 -2.851197 54.915147 -3.487562 -11.131454 -2.608973
5 -4.976642 -3.117794 8.294094 -4.126828 23.906957 -7.569222 -1.352892 -11.057674
2 6.073675 34.250380 2.826525 -4.556943 -5.174091 -17.172879 2.117052 -18.363718
3 -26.423228 9.982380 29.543797 -14.121900 21.570924 -10.050854 -7.159241 -3.341876
3 12.666386 -19.242868 41.964438 -19.172954 14.519754 -12.609365 -10.273276 -7.852115
3 9.075135 -1.986086 22.390047 3.220129 -23.788871 -4.997125 3.385407 -7.298635
1 19.989998 9.926107 0.833695 -4.606056 -25.395780 -5.910185 11.937711 -6.775491
3 -2.066221 -16.468879 45.718406 -18.711909 30.649663 -22.149281 -8.594846 -8.376931
5 -28.033686 10.433933 24.438300 -14.401265 28.538810 -10.050854 -7.583360 -3.341876
2 2.698901 23.568586 1.191483 -3.535514 -9.834312 -6.050401 -0.800488 -7.238256
3 15.308195 34.499696 66.592619 -37.168394 -20.165217 -26.093575 -30.511057 -2.462267
5 24.952523 10.161436 4.501168 -9.785130 27.221632 -15.328827 -21.897523 -19.825279
3 0.706685 -23.986437 33.424804 -4.336265 30.119533 -14.042563 -2.243111 -19.642644
3 -35.864593 26.289733 68.739123 -28.603288 18.384999 -27.180131 -6.498503 -15.267341
1 32.014672 7.252563 4.076659 -4.113431 25.619578 -25.773519 -8.303085 -30.773438
5 0.797406 9.458161 -11.249928 -6.283581 12.840933 -7.683290 11.347461 -9.227164
3 -4.870250 -8.133001 57.364178 -7.215164 -13.292276 -14.148939 1.495884 -11.200430
3 -1.243858 -1.940724 17.248246 -5.144916 5.846181 -5.339102 -2.475156 -6.950671
3 -3.405336 -8.324889 23.646459 -6.951768 15.466731 -11.139166 4.707558 -13.999589
7 13.135445 -6.126484 14.492956 -9.648945 -3.622326 -9.828688 15.514749 -13.916707
3 -22.491814 11.856133 36.112599 -17.957739 18.715176 -12.660046 -6.614136 -6.960173
1 10.084730 4.233522 -1.199635 2.108721 8.955109 -8.162556 -5.946050 -10.073844
3 -2.646536 -1.847914 27.454824 2.462010 7.329036 -7.530007 -15.058265 -10.163150
5 -12.410042 1.600551 4.328277 -7.441693 29.480363 -5.675198 -2.351258 -7.531001
2 -24.935898 26.131716 14.949391 -12.826820 15.648905 -10.834328 -3.431775 -4.701191
1 25.934744 0.771252 -0.025084 -5.264675 -10.250862 -2.446955 -4.805026 -3.913395
5 -35.756265 -9.436978 10.908004 -15.403982 73.588523 -10.552207 -10.659662 -2.687431
3 5.546407 -0.633032 27.029954 -14.239853 1.297661 -10.166633 -5.122531 -3.711972
1 29.303387 4.040233 -11.401073 -8.928461 14.335541 -9.488286 -12.438345 -5.422997
3 -5.718478 9.881158 13.133787 -7.502488 6.863342 -10.028559 6.477558 -13.106320
1 56.169329 -6.379809 48.606312 -11.852654 -10.359649 -27.873451 -13.468236 -34.841842
2 -17.603589 27.833395 -19.196836 3.165519 22.656104 -6.029148 -4.618005 -6.207442
1 0.000000 0.000000 0.000000 0.000000 0.000000 0.000000 0.000000 0.000000
5 -12.410042 1.600551 4.328277 -7.441693 29.480363 -5.675198 -2.351258 -7.531001
3 -19.128467 16.114598 31.138446 -14.458371 28.883163 -16.326875 -17.245352 -8.977143
1 14.262602 10.898043 4.934120 -4.606056 -24.740745 -5.910185 11.937711 -6.775491
3 3.273172 33.320839 37.683491 -21.187917 -25.981190 -13.790471 -5.826147 -7.491778
1 67.819200 -28.539000 6.890009 -16.926411 48.137027 -31.298256 -5.654502 -40.428067
1 18.423521 -9.423984 -14.183915 -2.812780 9.957361 -2.580661 -1.760237 2.380694
3 -25.629398 33.943397 57.983540 -24.554084 -15.692709 -23.884923 8.011444 -10.177264
3 -18.080892 -8.154921 47.961262 -21.333563 29.908986 -14.713232 -1.137759 -14.449881
5 -4.972718 1.152285 12.884777 -2.808617 19.544325 -16.275656 9.028786 -18.553181
1 52.278979 -15.834123 -24.777977 -4.258808 16.312476 -7.821080 -10.481209 -5.418258
5 -12.022411 11.340036 9.495839 -4.994263 35.684164 -11.183230 -13.644968 -14.675170
2 -6.962593 11.459352 -7.491867 0.000000 3.893535 0.000000 -0.898428 0.000000
3 38.421912 -16.981266 41.928547 5.951788 -14.689131 -22.739660 -19.250822 -12.641363
5 16.832207 -14.463446 1.012534 -8.591419 26.583028 -13.719827 3.568234 -11.221311
3 6.181189 -7.222892 17.430896 -9.826419 13.971356 -8.368278 -0.443899 -11.721954
3 -2.842051 -7.488432 14.524157 -1.088606 4.022367 -1.112415 -2.715862 -3.299159
2 -14.431426 39.793713 14.718943 -18.745433 -6.391403 -12.647166 6.187866 -8.485095
5 29.802414 -41.235159 -5.456503 7.929071 66.044049 -24.670867 -13.088386 -19.324622
1 0.000000 0.000000 0.000000 0.000000 0.000000 0.000000 0.000000 0.000000
4 -1.270295 3.812139 -6.522995 5.262540 -0.663066 0.000000 -0.618323 0.000000
1 17.754324 -7.222892 16.677158 -10.045523 8.258557 -9.256088 -3.205303 -12.960233
5 16.207408 -14.463446 -1.260992 -8.591419 23.478989 -13.719827 10.131980 -11.782693
3 -5.385217 12.191145 46.038429 -21.444321 -7.913378 -14.644797 -15.052973 6.211115
3 -6.555373 8.570677 32.067806 -13.736059 -7.285085 -7.268484 -5.966725 0.173245
1 0.000000 0.000000 0.000000 0.000000 0.000000 0.000000 0.000000 0.000000
4 -2.540590 -1.863055 0.000000 10.878685 -5.238393 0.000000 -1.236646 0.000000
5 8.757237 -8.545217 12.947591 -12.347441 30.509677 -11.774297 -5.145442 -14.402108
1 52.512524 6.218805 -2.915231 -20.032218 22.146011 -20.575921 -13.693805 -23.660163
5 -0.271218 -4.223022 1.240492 -7.458374 33.627870 -4.911366 -10.935316 -7.069065
3 17.328245 -32.480586 37.499752 1.095756 10.945619 -13.848346 -3.319662 -17.220777
5 28.363899 -4.700340 -21.052330 -16.156723 52.340191 -15.776961 -9.618060 -13.399677
5 -43.905702 36.958016 5.209655 -1.572993 54.182293 -22.445768 -8.497487 -19.928017
1 24.426338 2.513182 15.344537 -2.301343 -8.705673 -7.809709 -12.540893 -10.926440
3 -2.203549 -6.999253 27.022858 4.391934 -9.521853 -2.434653 -5.274315 -4.981170
1 28.273694 -19.455222 -15.765796 2.840234 17.141317 -5.854499 -5.975264 -1.204464
3 2.918638 -7.060685 21.615379 5.565062 -12.016079 -2.434653 -4.372568 -4.215094
1 37.191212 8.184718 11.330507 -8.412725 14.392429 -27.603335 -7.837031 -27.245772
3 14.532263 -8.457880 24.856538 -0.180971 -16.548846 -5.508155 0.415791 -9.108738
5 -5.523911 3.063888 5.804698 -0.097345 6.094101 -2.609191 -3.113944 -3.618297
1 14.865311 -8.573414 9.596140 -5.660396 8.847887 -6.359483 -3.045120 -9.670925
3 -31.368006 16.123868 41.638109 -7.328872 -0.083955 -11.745448 -12.792075 5.556382
3 18.512455 28.350782 54.590898 -35.156123 -17.586917 -26.609901 -9.376782 -12.724411
1 16.633854 -0.791271 -7.519795 -4.851623 12.894385 -4.931779 -5.989855 -5.443915
5 -25.000704 10.889027 8.656356 -12.392031 43.362919 -13.319297 -4.278105 -7.918167
5 -15.621187 3.758539 15.121662 -10.742976 29.154850 -7.914841 -1.968159 -11.787890
3 -12.722273 14.615106 17.477907 -2.590796 -10.148609 -4.375656 -6.047220 3.791542
5 -41.223687 67.942256 -42.221685 -20.132085 90.524241 -18.994279 -12.745516 -23.149251
2 -7.070418 15.695682 -3.371549 -6.846923 10.703337 -3.732034 0.212411 -5.590506
1 30.638861 -11.713581 19.025311 1.043997 -20.679077 -5.376972 -5.477645 -7.460893
2 -5.349635 14.854944 4.992201 -11.048238 1.886861 -6.699056 0.649613 0.713311
5 21.105802 -6.690906 -18.837118 -6.240406 32.230081 -9.408969 -7.147100 -5.011385
5 2.516282 -1.127265 -11.228424 -9.098935 39.799361 -6.967814 -4.798216 -9.094990
2 14.934950 19.682187 -11.280494 -8.162800 1.512085 -6.339421 -2.508135 -7.838374
5 9.251406 5.093358 -13.758734 -10.835479 42.054294 -9.869772 -10.996125 -10.938949
5 -6.247639 6.300116 17.147780 -5.770260 22.766055 -12.476604 -4.802332 -16.917118
3 -16.043020 15.055804 31.297353 -11.888256 26.286679 -15.851774 -7.320262 -21.536526
1 32.330540 -10.698000 -6.617612 -10.185072 -1.260334 -8.140304 15.389362 -10.818578
2 -1.205782 14.038865 0.334664 -3.732284 -0.771821 -6.160006 4.709906 -7.213541
3 10.391807 -3.861352 18.414632 -8.175757 1.672230 -7.561948 -10.947481 0.067870
3 33.023113 -1.785434 44.895600 -9.225978 -30.318005 -18.000803 -6.045685 -12.542805
2 -9.756084 25.099024 -9.261766 -3.579468 6.919379 -3.536507 -2.476641 -3.407940
3 -21.190814 34.169890 39.611716 -8.880492 -9.026945 -12.642773 -14.895231 -7.145350
3 3.931415 0.362047 10.174327 -3.835839 -4.949567 -2.609191 0.545105 -3.618297
5 -32.041059 16.664063 31.249968 -16.193741 44.870817 -22.300755 -3.229172 -19.020121
2 -14.889979 38.151432 -11.258493 -12.286123 22.394810 -8.173821 -4.314651 -9.623177
5 -6.211876 13.733450 -8.743467 -0.537375 50.063411 -17.835209 -9.027958 -21.440979
1 16.526895 -9.492634 -3.702831 -3.475578 8.571911 -1.840828 -5.140796 -1.446139
3 8.085918 22.642194 46.605543 -21.565352 -5.254566 -22.476637 -8.669133 -19.367967
5 -25.477023 19.491308 -16.209005 -12.572401 66.481690 -18.643620 12.065182 -25.136135
5 2.224481 7.202575 -1.794984 -7.029180 19.074156 -11.189128 -0.412694 -8.075225
3 -33.768862 -12.014541 69.776366 -15.403459 13.842015 -12.097966 -2.819562 -7.513990
3 5.491742 4.465222 24.218685 -6.444576 8.763340 -15.351478 -0.808770 -20.334167
3 -19.313979 24.024829 29.603217 -17.732865 12.133244 -14.922218 -4.447514 -9.344716
3 6.255586 14.736971 20.349396 -9.956235 -17.738508 -5.214695 -0.331741 -8.100774
1 48.237209 -5.955560 14.415735 -4.939916 -18.055588 -12.127201 -4.918732 -16.655945
2 -3.491026 42.810974 5.397498 -18.494790 35.698613 -22.123162 -21.011461 -18.786649
5 -10.895843 1.765900 19.975961 -25.444805 60.028035 -22.224322 9.346821 -32.551750
3 8.798244 9.685284 29.352015 -12.844873 -11.143085 -10.268488 -9.398884 -4.180212
5 -15.495709 -0.894285 13.584206 -4.956282 31.815771 -6.249196 -8.779020 -9.025485
2 -33.162558 32.066181 30.813972 -17.471697 31.034588 -18.416010 -10.734444 -14.130034
1 41.925809 -17.521497 -0.821576 -6.248215 21.497266 -16.141371 -5.080929 -17.609486
1 39.637185 7.853275 9.831968 -10.488917 -3.364508 -14.430951 -13.663269 -15.374781
5 9.181247 -22.220461 23.922182 -6.230808 23.937843 -11.395203 -3.916777 -13.278023
5 6.515278 -0.481049 5.141752 -7.074844 26.278545 -12.382883 -8.257921 -9.738881
1 38.379668 13.938873 24.769531 -17.269454 -40.722584 -12.713924 2.729449 -9.111561
5 4.729255 -4.400120 -1.384791 -6.582984 17.592525 -6.449213 0.007415 -3.512086
1 64.620555 -4.815826 6.245572 -25.561279 42.765260 -34.514181 -7.398135 -41.341967
1 25.695229 15.696758 2.583868 -4.526493 -20.120941 -4.361058 -10.808330 -4.159034
3 -1.814023 -3.285426 8.450010 -1.173128 -1.158936 0.000000 -0.620914 -0.397583
1 31.812750 13.233333 -3.308021 -9.655845 -11.228704 -6.002647 -8.072284 -6.778584
3 -9.148880 14.005666 30.244715 -11.692731 11.839014 -19.301510 6.741988 -22.688259
1 41.988818 -16.847155 32.233400 -14.241421 -11.979260 -10.688428 -6.381411 -14.084543
3 -20.937542 9.730724 49.940168 -25.801313 11.294291 -18.117659 -7.753601 1.644933
3 -18.776976 -0.016817 46.728695 -18.437171 30.166403 -22.955836 2.917507 -19.625802
2 -0.775347 16.610324 -0.530644 -0.491860 9.146704 -6.507684 -9.702852 -7.748642
1 43.651424 -26.048021 34.580523 -8.370510 10.898309 -19.401112 -15.854025 -19.456588
3 2.918638 -7.060685 21.615379 5.565062 -12.016079 -2.434653 -4.372568 -4.215094
1 51.844316 -17.024785 47.017816 -6.976702 -28.571934 -12.440635 -14.972275 -18.875802
3 -26.515731 26.877462 28.697655 -16.726573 9.656395 -10.913684 -7.098558 -3.976967
3 -17.007439 1.006621 56.610353 -22.138801 17.559922 -20.161719 -7.368309 -8.500626
3 23.132465 -20.071491 41.202240 7.004063 8.116207 -22.347978 -14.540607 -22.494901
2 -3.611770 26.655936 -7.307555 -6.667033 4.040682 -3.276946 -6.825972 -3.007343
3 8.375767 -13.532480 24.081871 2.163962 -4.776054 -2.945684 -7.342184 -6.025197
2 -19.568027 29.559765 17.697065 -16.178543 4.086213 -10.995058 0.475694 -5.077110
3 54.331784 -21.615781 57.323298 -3.807900 -29.514461 -17.157470 -18.431522 -21.127949
3 0.239549 7.650980 50.370928 -15.072693 9.379717 -17.237220 -22.382487 -12.948772
2 27.233089 28.451211 7.524822 -20.665826 12.360056 -29.960828 8.362173 -33.304694
5 6.501403 -2.449763 -8.168485 -1.499866 7.583286 -0.069955 -1.896619 0.000000
2 -26.004100 43.435534 0.595755 -17.616009 26.959204 -10.847361 -3.571708 -12.951319
1 57.137897 -16.494278 -17.156372 -11.591442 14.786364 -10.295851 -10.315145 -6.071172
3 28.446232 -15.501887 34.877367 -10.861956 0.338858 -12.622239 -8.490996 -16.185380
5 13.910825 -13.581690 -1.384791 -6.582984 17.592525 -6.449213 0.007415 -3.512086
5 -35.807236 15.331795 21.672501 -13.991769 22.948983 -11.867521 8.654944 -6.941696
1 65.446362 -46.196676 -26.418461 -11.284959 38.904102 -11.371231 -5.932010 -3.147125
2 1.299347 52.405268 -4.608272 -13.687698 -13.918128 -12.910753 5.683224 -14.262988
1 15.365325 3.949456 -2.313836 -2.175357 -8.026194 -1.136469 -4.424647 -1.238279
5 27.713960 -18.877255 29.889242 -2.569049 35.738112 -28.979925 -13.951354 -28.963732
2 2.342418 64.811755 4.884294 -16.328867 -10.962726 -15.066571 -12.804327 -16.875979
3 -3.308553 -1.302860 9.001533 1.070786 6.082755 -3.868553 -1.208330 -6.466778
2 -26.468435 46.757428 39.690963 -10.797006 23.379741 -26.727649 -25.953826 -19.881218
3 30.967852 -16.548524 42.869854 -6.040598 -0.627088 -15.064475 -14.302955 -21.254067
5 7.161459 -14.695238 10.981020 -14.898605 34.127420 -9.939083 2.089446 -14.826421
3 15.106830 -10.717094 90.176676 -31.466520 5.846295 -35.220471 -21.539382 -12.186331
1 16.633854 -0.791271 -7.519795 -4.851623 12.894385 -4.931779 -5.989855 -5.443915
1 24.739548 -16.721573 9.852574 -2.267991 21.669394 -9.454826 -15.329177 -12.487948
2 -22.976606 54.532941 37.849063 -25.073529 23.576434 -29.707146 -14.072057 -24.129100
3 -24.605083 13.505803 54.406607 -13.997198 9.113060 -12.235950 -20.042674 -6.144565
3 54.177072 19.794447 59.440374 -13.829311 -43.706582 -24.872257 -18.515047 -32.488695
3 26.389910 19.195675 51.524924 -24.906893 15.326437 -31.488430 -41.882578 -14.159045
1 105.766836 -62.218550 58.099875 -6.973815 -28.415300 -24.954387 -14.508240 -26.796418
2 -15.071276 22.676444 15.582524 -11.386579 18.765611 -11.616702 -5.868158 -13.081865
5 3.289704 -10.910878 6.323304 -8.246169 18.165660 -8.931603 15.178929 -14.868949
3 -15.623644 17.202414 20.110022 -7.449188 -6.937587 -4.820549 -6.282556 3.801088
3 5.425708 -12.487395 19.130303 -8.495091 7.577805 -2.946604 -2.912688 -5.292039
3 -7.919603 -1.676171 34.467903 -18.937131 14.560762 -13.654591 1.763392 -8.604559
2 -3.759807 27.779315 2.097019 -4.944517 3.683740 -12.347940 0.162138 -12.669948
5 -17.041434 19.994519 8.856419 -18.691857 51.565232 -17.702031 -5.464852 -21.515997
1 94.776326 -47.116169 2.030603 -0.631601 -1.097161 -17.961060 -12.849394 -17.151544
2 6.908907 13.304345 -5.320205 -7.237106 6.346398 -5.479012 -1.144205 -7.379124
5 14.327433 -2.860751 0.602341 -9.037615 28.064660 -18.459741 3.148125 -15.784451
3 46.511814 -7.841473 62.726549 -17.672558 -34.792951 -24.300427 -0.961239 -23.669713
5 43.094851 20.443479 -28.945999 -13.293565 44.950523 -24.996248 -18.110004 -23.143037
1 26.094308 -18.628844 10.505956 -15.235457 26.092355 -12.875860 -5.340779 -10.611679
5 5.793848 -25.733626 19.004767 -18.345641 58.672005 -22.718493 11.007632 -27.680490
3 -3.768727 13.871128 31.769474 -12.489179 -9.277050 -8.376637 -12.734535 1.005527
3 29.622828 4.011497 33.676884 -13.099301 -9.067802 -15.901770 -17.343904 -11.898430
7 8.798176 5.508503 2.336370 -4.353369 -2.982623 -9.833085 11.318795 -10.792767
2 -6.969186 17.042851 7.701013 -0.172265 11.588482 -11.971354 -4.069565 -13.149977
3 -18.603082 9.463749 24.895395 -9.512847 18.738308 -8.182833 -6.093093 -10.705598
1 53.232197 -7.696444 14.315243 -6.460464 -14.780988 -11.480519 -11.833961 -15.295066
5 -1.356768 -11.427178 -6.516536 -3.592365 29.229745 -2.551403 0.922150 -4.707647
5 -12.371026 3.895504 4.651417 -5.780505 56.111145 -12.420554 -18.506676 -15.579307
3 -31.368006 16.123868 41.638109 -7.328872 -0.083955 -11.745448 -12.792075 5.556382
5 -12.941363 11.566460 15.456820 -10.387199 21.331166 -11.203964 -10.618965 -3.202954
1 41.333193 -14.746669 22.732373 1.418918 -27.299091 -6.105875 -8.871526 -8.461323
3 -34.819359 9.027811 66.424258 -14.449902 20.376065 -22.760567 -4.454413 -19.343896
2 0.592171 43.232082 2.023047 -4.332249 -9.384143 -11.649692 -7.653563 -12.827655
3 -23.625873 -0.874482 49.196439 -10.921005 -8.217233 -10.434504 11.037029 -6.160371
5 6.655782 -22.652489 16.330308 -7.377804 44.272658 -17.039667 -2.641417 -17.547372
1 31.490642 -19.687856 28.907585 -14.513743 -3.990364 -9.454624 -0.710453 -12.041187
1 40.330022 7.178436 11.886963 -1.629288 -30.667886 -6.695588 -11.957077 -8.445585
5 -16.298781 13.203247 2.200444 -7.887889 34.063599 -10.415113 -2.771367 -12.094141
3 6.570360 9.616610 21.979854 2.773932 -22.307240 -9.737039 2.965298 -11.861774
3 -19.834369 20.218747 30.760087 -18.983123 29.406074 -19.987404 -5.552762 -16.027249
3 -7.455630 15.328313 37.640346 -16.983590 9.220806 -15.106845 -3.262830 -19.380571
5 -41.546533 10.360405 32.048258 -12.563415 38.612638 -13.414111 -5.564468 -7.932772
3 8.168961 -11.462158 31.399124 -14.072513 16.997145 -15.683218 4.972277 -20.319617
5 -20.927045 64.571832 -49.702675 -26.583544 84.173117 -19.447857 -8.244841 -23.838992
5 -32.067795 23.871870 -1.291980 -8.523021 38.692989 -9.048790 0.828576 -12.461851
1 6.570069 -3.223626 -4.287633 4.679467 -0.395835 0.000000 -3.342441 0.000000
2 -10.874185 24.862208 -4.526597 -4.007032 14.438421 -7.051857 -5.337714 -7.503245
3 -50.734866 44.081278 51.913055 -32.876126 31.523250 -22.910827 -11.605404 -9.390361
5 4.458761 -3.676795 -9.005510 1.245589 16.877118 -4.484183 0.057288 -5.472269
5 -8.922324 -8.317502 12.585350 -3.408423 27.705274 -7.231809 -1.352892 -11.057674
2 -6.527958 20.159572 -15.231147 -1.804332 1.767855 -6.393956 15.796083 -7.766117
3 -2.774625 6.288389 32.521022 -9.718457 -0.680824 -14.163021 5.694220 -17.166703
1 20.467773 7.261785 17.275345 -15.293261 11.654112 -21.692571 6.790486 -26.463668
2 7.041317 19.192158 -13.642090 -5.592602 -7.201191 -6.341913 13.896310 -7.351988
7 1.298992 2.436170 0.744856 -3.286088 -2.253453 -1.420092 5.130015 -2.650401
1 65.308904 -1.093464 -8.224713 -2.631758 0.778230 -13.611692 -24.913932 -15.611573
5 -17.815764 -12.858622 8.418993 -12.108792 63.493366 -10.275779 -5.827368 -13.026035
3 16.204648 -6.829918 44.547664 -17.359775 -11.980034 -10.652015 -8.953375 -4.977196
3 -0.923570 4.833453 15.118706 -6.013058 12.124013 -13.726662 7.679331 -19.092215
3 -11.154015 0.706551 44.514367 -11.741706 -2.304926 -9.622520 -6.810375 -3.587374
5 -12.410042 1.218216 -0.836637 -7.795297 35.381217 -5.675198 -2.351258 -7.531001
1 55.820929 29.602206 15.018576 -28.197014 -0.972273 -22.269792 -26.994026 -22.008608
3 15.379251 14.353568 48.630700 -21.445578 1.037601 -22.589145 -18.161837 -17.204561
3 -21.534137 5.509208 56.918018 -6.457747 -3.895831 -10.055958 -15.149114 -5.334440
5 17.733133 16.350197 -19.094145 -11.488248 22.988547 -13.128220 -5.025389 -8.335875
3 -6.766343 -9.576279 15.733518 -4.796966 14.362387 -3.874287 0.808888 -5.890917
2 -5.371708 20.925602 18.252655 -10.066719 0.715960 -9.156017 -15.035415 -0.264357
5 -18.670391 8.131835 5.657475 -13.313558 36.848950 -11.242019 8.719320 -16.131614
1 16.269179 10.264475 -12.433118 -8.137711 9.343202 -6.351871 -0.859840 -8.094316
2 0.305635 28.561257 0.371764 -7.604702 15.437956 -14.705478 -1.336070 -21.030366
3 -8.084480 5.713976 23.981123 -10.684052 18.168271 -17.299172 9.417464 -21.213129
5 7.003122 -5.188046 4.768252 -4.941010 8.665414 -4.503367 0.009073 -5.813437
5 0.199556 -25.415203 26.125606 -12.068250 42.000228 -11.089185 -4.330367 -15.422386
2 -4.892936 26.803709 16.321568 -11.285346 -19.540793 -8.186870 0.633647 0.147021
3 -14.901735 11.810089 50.782370 -8.511820 -7.663290 -11.731443 -13.199800 -6.584371
1 28.429327 7.398839 19.693513 -7.531358 -14.280065 -11.141678 -16.817830 -5.750747
3 -3.908926 -5.847064 17.237920 -2.089237 -1.158936 -0.511030 -2.025122 -1.697604
1 7.419205 -4.415708 -0.459716 -1.671087 6.149158 -1.603120 -2.878866 -2.539866
1 46.622000 -8.129196 22.140945 -4.487941 2.383053 -17.594828 -28.357292 -12.576742
1 2.764773 -2.467113 -2.187050 -0.279364 2.592872 0.000000 -0.424119 0.000000
1 0.000000 0.000000 0.000000 0.000000 0.000000 0.000000 0.000000 0.000000
1 36.203496 -13.572666 18.970600 -12.657311 -6.570275 -9.955325 -0.632157 -11.786363
2 1.876404 36.007116 -22.717754 -7.119012 3.759411 -9.165065 9.830482 -12.471585
3 -19.319245 0.160725 79.153117 -13.699448 -0.278824 -31.302777 13.751800 -28.465348
2 -2.093942 12.971607 0.772835 -3.835839 -6.678026 -2.609191 6.104345 -4.631789
3 -10.667570 37.228557 39.715862 -5.830567 -16.426499 -17.644815 -4.861648 -21.513322
5 -18.393932 4.231070 -7.057865 -11.380340 49.831113 -10.796016 7.801973 -14.236006
1 23.861661 6.593810 1.322236 -5.808896 6.371018 -13.005951 -5.119032 -14.214846
2 -14.699620 40.893435 4.370361 -23.408987 37.387886 -16.993429 -17.975212 -9.574433
1 13.876936 10.898043 6.923650 -4.606056 -25.517110 -5.910185 11.110212 -6.775491
1 20.677457 -20.781504 16.654220 -4.416708 11.931206 -8.862446 -8.606697 -6.595526
2 9.779906 23.976339 10.567238 -16.493942 21.121049 -16.365989 -23.036735 -9.547866
5 1.706922 -12.295219 21.119982 -12.871664 41.817477 -15.039593 -5.488117 -18.949789
3 8.627969 2.297611 24.428434 -14.764113 -2.097759 -10.269141 -10.244989 2.021989
1 36.117675 -4.618619 -4.672007 -8.163094 -6.797127 -5.914447 -3.563453 -2.388930
1 68.515072 -33.578187 26.248662 -9.215065 -10.243636 -15.277723 -13.919292 -12.529830
5 -6.457031 -47.158436 8.099933 -8.170879 91.445995 -15.348759 -1.814791 -20.596033
3 8.888766 -3.890394 13.871170 0.907292 3.481207 -5.363710 -9.975841 -7.918489
3 -11.440415 33.181508 34.889207 -16.117978 -2.841168 -19.847607 -4.785412 -13.038134
2 -8.991788 82.507257 -18.053008 -3.800208 9.280745 -32.650718 7.086181 -35.378457
2 2.845244 62.275839 -28.233183 -24.862934 40.591399 -18.680311 -10.665424 -23.270634
3 11.657780 6.070484 22.302281 -10.074726 -14.487808 -8.575993 2.769184 -9.661204
1 49.609204 -5.618362 40.340730 2.308012 -44.059240 -11.483067 -17.308248 -13.789030
5 8.226033 -13.075053 8.733625 -11.334591 16.524681 -9.487016 -3.011411 3.423733
3 0.830472 15.262950 23.192320 2.664234 -0.062313 -19.185096 -1.651967 -21.050598
3 20.123288 24.243598 31.311646 -17.993030 -26.843553 -12.544599 -14.066320 -4.231031
5 -7.992433 -9.003982 12.791731 -6.389574 32.462135 -11.602175 4.653629 -14.919331
3 17.381780 -3.030998 31.877297 -0.615710 -31.019633 -7.606316 3.930513 -10.916932
5 31.579201 -37.840161 0.833568 -3.204844 40.738898 -10.914299 -10.461982 -10.730383
5 -13.369857 14.886170 -7.293682 -3.022738 15.038153 -2.590119 -0.650392 -2.997537
5 -5.919024 -2.557560 0.000000 -0.610934 11.542696 -0.463009 -0.674843 -1.317326
3 -0.907837 -13.003965 19.226855 11.596605 -4.143244 -5.428789 -0.302662 -7.036962
3 17.907354 -8.739444 41.789828 -20.156702 -4.898939 -13.980549 -9.808633 -2.112914
2 -7.371754 29.177548 16.167308 -22.880247 26.106833 -21.953260 -3.290392 -15.956036
5 -7.183664 -3.958555 -1.419038 -18.650142 67.960550 -19.340006 11.145406 -28.554555
3 24.999161 -13.339709 26.162718 1.638022 -20.081462 -5.218065 -6.937620 -7.223044
5 6.629384 -11.843065 9.638960 -9.871666 32.155475 -12.377107 0.412855 -14.744835
3 -4.229859 16.260428 23.687645 -5.908873 -14.673780 -5.908700 -11.789670 2.562810
3 22.924853 -15.991292 27.444888 -10.688787 9.709143 -21.527814 3.309391 -15.180382
3 32.702218 -28.128928 56.343457 -13.632829 9.412104 -24.918832 -16.458650 -15.318538
1 33.837492 -11.626387 27.993749 -17.515285 -6.512118 -12.233134 -10.158275 -3.786043
1 0.000000 0.000000 0.000000 0.000000 0.000000 0.000000 0.000000 0.000000
2 -0.401539 29.193332 11.641939 -9.413402 11.035935 -14.135154 -11.635901 -16.285212
3 -18.511410 -4.074671 52.022611 -15.070608 37.952454 -16.166743 -13.509213 -22.642422
2 13.304252 27.168163 12.447171 -3.234734 2.392301 -24.788756 -2.476361 -24.812036
2 -7.078476 58.112906 -14.859614 -20.421177 42.228144 -20.122479 -15.288970 -22.570337
3 22.237410 8.353077 44.729876 -22.192221 -9.697700 -18.989481 -16.321562 -8.119399
2 -27.731681 65.322409 34.806589 -3.940050 -11.450222 -24.073085 -10.639108 -22.294855
5 -5.919024 -2.557560 0.000000 -0.610934 11.542696 -0.463009 -0.674843 -1.317326
2 -22.062953 50.171030 20.360361 -20.743915 6.232284 -12.573735 -16.006455 -5.376620
1 18.797480 -1.921367 5.399661 -0.519236 1.651187 -5.987100 -9.385342 -8.035284
5 8.400135 -21.220727 -16.240015 14.238619 27.852743 -5.015668 -1.078028 -6.937060
2 6.664230 30.843235 0.138176 -9.245263 23.037070 -14.126091 -29.129661 -8.181697
2 -16.411837 68.442613 61.983118 -46.918231 50.193148 -47.737576 -28.745123 -40.806110
5 5.848607 16.076743 -22.351909 -7.228031 29.999238 -7.521898 -6.381299 -8.441452
3 -2.053764 39.264984 62.628199 -27.067976 7.807753 -29.914311 -20.814242 -29.850643
5 2.358031 -3.225640 9.114426 -4.056516 46.488969 -24.049374 -14.702543 -11.927351
2 -21.207555 45.548438 -4.017647 -15.123358 26.693192 -10.450785 -8.879006 -12.563282
5 -21.492773 10.253947 6.508499 11.647688 38.593370 -12.940042 -15.977792 -16.592901
3 13.719722 -4.168054 50.779808 -12.225709 -7.175776 -15.021074 -6.026845 -19.882072
1 46.747489 -5.439353 -13.810188 -15.544057 23.675251 -12.423911 -8.458935 -14.746297
5 2.802787 0.025336 -10.547369 -13.572028 56.435933 -11.619892 -9.749152 -13.775615
3 15.899029 -0.487871 43.531944 -6.006407 -3.565341 -18.737427 -8.542378 -22.091546
4 2.730778 6.242373 8.134395 13.583462 6.717600 -13.811176 -16.963422 -6.634009
1 29.525342 -17.520463 11.621830 -5.478697 -12.044229 -3.063113 2.058029 -5.098699
1 39.427584 8.818666 11.333215 -9.802632 22.310888 -21.200426 -27.973377 -22.913917
5 20.840155 -19.208551 0.012800 -10.452253 45.982469 -17.335795 -4.164751 -15.674072
3 -7.800638 -6.750814 26.392496 -8.128482 6.193676 -5.779145 5.061530 -9.188622
2 8.038206 17.111918 14.701810 -10.862099 -7.780384 -6.059755 -7.224036 -7.925661
1 29.269899 -9.315992 4.900162 -7.167983 10.777265 -13.860774 4.564520 -19.167100
5 -2.654260 1.443056 -9.076258 5.262540 5.643245 0.000000 -0.618323 0.000000
2 0.185042 17.090355 1.403538 2.956957 -6.053224 -8.769197 4.018366 -10.831837
2 -13.955799 26.459769 25.820190 -13.863404 -8.784070 -15.726160 10.157004 -10.107529
5 8.079200 -12.408116 2.105018 -0.112257 16.975723 -7.965797 4.771940 -11.445711
1 31.832737 16.027158 10.016959 -4.349815 -36.057335 -10.366953 8.395882 -15.498631
5 -5.919024 -2.557560 0.000000 -0.610934 11.542696 -0.463009 -0.674843 -1.317326
1 10.569419 -3.178204 2.288752 -3.089318 -2.224668 -1.310486 -0.380379 -2.675116
3 3.482222 -6.594335 30.419935 -5.441144 -8.576435 -4.470266 -1.214516 -7.605462
5 -4.671440 -7.014641 6.945608 -3.880857 14.362387 -3.363256 2.213096 -4.590896
5 5.305428 1.097199 15.487901 -11.160259 32.786511 -14.503339 -10.639137 -18.374303
5 9.239385 -20.596332 5.560817 -10.463841 31.954911 -9.812469 2.220511 -8.102982
1 58.239242 -11.643513 -15.548675 -10.207667 -4.074877 -6.954260 -5.744587 -4.065663
1 20.479189 -5.716835 18.413895 7.841147 7.524202 -17.240889 -16.837565 -14.463144
3 -12.235058 -2.949395 58.121097 -11.575159 3.262182 -12.011109 -16.787847 -5.824708
5 2.053456 14.575270 -15.434544 -3.415118 16.915496 -3.397397 -8.873484 -2.423680
5 -10.137990 3.258283 13.574054 -19.759765 56.986109 -16.219958 -18.010804 -9.689929
5 20.400675 -35.015974 18.415151 -8.963905 23.707505 -7.301056 -4.203668 -7.038727
3 -17.153760 -6.279921 74.795941 -29.491957 26.839799 -25.172547 -9.972164 -13.565389
3 -13.399958 35.648403 80.768291 -36.471228 16.778608 -41.225875 -12.146653 -29.951589
5 -26.660277 53.246249 -48.178652 -1.858929 64.654165 -17.888339 -1.309553 -22.004671
1 0.000000 0.000000 0.000000 0.000000 0.000000 0.000000 0.000000 0.000000
1 12.974901 -6.522343 -0.510386 -7.545475 8.366747 -5.063050 6.304193 -8.004587
5 4.729255 -4.400120 -1.384791 -6.582984 17.592525 -6.449213 0.007415 -3.512086
3 7.024043 -13.186593 26.892965 -4.340480 0.757385 -3.757127 -5.415862 -7.974329
1 23.422501 -26.472072 9.168241 -10.717361 23.128483 -7.398102 1.149047 -12.280738
5 8.153308 -21.865048 29.587216 -18.960428 60.513547 -22.576785 -16.226470 -18.625339
2 23.618755 30.956939 -29.680196 -6.144496 18.355035 -9.808577 -11.684222 -15.613241
3 31.568994 -12.925822 47.544198 -12.192032 8.168888 -25.433800 -19.253819 -17.476607
2 -5.086041 19.828384 -0.687077 -0.489616 -11.682269 -0.444893 -1.050454 -0.388037
3 -13.421291 -2.712852 52.316406 -14.977927 -0.550898 -12.052397 -3.017152 -5.583889
1 29.915748 4.074426 -2.002718 -7.612353 0.698118 -10.606907 -7.248978 -7.217337
5 5.765730 6.233268 22.795507 -9.235158 47.524641 -33.077948 -3.993172 -36.012867
1 42.237276 -9.555398 -8.671970 -6.974125 18.734029 -9.029555 -15.443113 -11.297144
3 13.794879 -0.027317 15.760000 -2.210142 2.184018 -7.635489 -10.329164 -11.536786
7 3.817549 13.269114 7.020414 -7.558397 -7.107745 -12.542806 17.973506 -14.871635
2 2.454288 16.668406 4.134555 -6.923330 -2.441763 -3.920899 -6.553511 -3.417747
3 2.240379 7.878443 32.596550 -17.860319 4.910725 -12.313202 -12.191450 -5.261124
2 -2.661989 25.898680 24.119149 -21.367927 8.698340 -15.046724 -10.353535 -9.285996
2 -34.014798 46.476186 26.077721 -23.971362 24.601330 -16.310767 -11.986598 -10.871714
5 -6.123153 -5.217860 11.299151 -4.049569 12.509230 -3.868553 1.343533 -5.892780
1 7.922429 -2.297241 -6.387201 -1.129871 3.823482 -0.034978 -1.896619 0.000000
3 46.837203 5.961859 57.953399 -32.623989 -7.663300 -26.258370 -22.001663 -22.205142
1 27.401626 -17.641650 3.301286 -11.680737 24.358360 -15.030313 3.187856 -13.896427
1 40.364486 -9.390254 23.848882 -0.537335 -28.107656 -6.354534 -11.362267 -8.461323
3 9.410075 -13.331282 34.204555 -1.354099 -13.060323 -5.508155 -0.485955 -9.874814
3 -17.226890 8.171998 35.153975 -13.736500 -0.433909 -9.664300 2.089684 -4.354056
1 35.159491 6.269846 34.146136 -14.046664 -32.354613 -10.271382 -16.485935 -2.416880
1 39.907938 2.122072 19.816895 -0.758727 -26.961836 -11.098090 -10.019527 -13.008724
5 -4.390279 33.521838 -40.233684 -14.220451 67.806282 -17.455644 -2.508613 -22.519451
3 15.362741 -12.218809 22.662677 -17.663162 12.363699 -10.170108 5.433838 -15.770875
5 11.356330 -11.183107 6.947878 -9.598137 26.074664 -8.717712 -3.776759 -11.103156
2 5.859093 14.776576 5.646298 -7.624587 -13.661243 -4.207789 4.039376 -4.827724
3 12.170244 -38.380597 71.950615 -11.052728 4.763139 -17.087594 5.764547 -28.127626
5 -1.979394 38.423143 -13.302486 -16.895450 38.823571 -18.493847 -4.260442 -22.315096
5 -9.611373 -3.676820 9.404499 -14.227318 46.362520 -10.805266 -7.646721 -9.799522
3 -14.361802 2.449003 16.765572 -7.466450 14.611361 -5.612980 -9.669691 3.284988
1 15.995575 -15.662655 5.096269 -4.651557 5.284204 -3.841185 3.600550 -5.821202
3 -23.643402 0.280546 56.937303 -14.711502 14.548659 -19.956114 3.370901 -16.826390
5 -12.080275 -17.532095 19.686720 -7.366199 45.055237 -11.482875 0.032339 -16.312851
5 -25.874247 -19.967242 54.380138 -24.807190 60.530701 -24.047185 0.335922 -20.550894
5 -3.763714 -7.008816 8.183789 -8.273580 33.544849 -5.245688 -9.531108 -7.905734
1 38.479060 -27.233223 11.976796 -8.691652 16.218700 -13.273240 -8.877241 -8.599199
3 9.395823 9.097586 15.665435 -13.295318 0.765415 -8.120972 -3.467579 -10.040391
5 -57.390116 23.066741 -2.223605 14.924157 82.440398 -17.374436 -21.562100 -21.881044
5 -3.372448 -4.578472 7.690464 -7.166945 12.108934 -4.783348 7.343112 -7.241297
3 -5.638458 -8.457175 36.306353 0.409283 12.183195 -11.472312 -6.611978 -16.718907
2 -2.504774 11.602695 -0.410192 -0.446196 1.481631 -4.739914 -0.420109 -4.563139
3 32.068836 3.236878 78.962574 -28.014910 -21.429430 -29.412336 -4.531804 -30.879809
3 -7.403620 1.581524 21.393797 -3.656840 -1.120187 -4.956642 -8.727134 2.889104
5 26.295940 -26.449367 21.650180 -22.960894 42.547575 -22.352459 3.427955 -22.158929
3 -20.778568 15.850500 29.328438 -14.396904 1.868741 -10.348104 3.509458 -5.033560
5 -1.711268 5.386423 -11.278058 0.748636 13.218222 -2.346920 -0.515551 -3.501487
5 -8.969259 34.315830 0.967878 -20.148963 39.198369 -19.884972 -1.347486 -24.131399
3 11.140587 -10.620301 31.167589 -12.303915 -3.482895 -7.799043 -2.111554 -5.990469
2 -2.504774 11.602695 -0.410192 -0.446196 1.481631 -4.739914 -0.420109 -4.563139
3 15.625216 0.712057 43.941144 -6.024891 -29.792496 -12.066441 -6.600658 -5.793927
5 14.327433 -2.860751 0.602341 -9.037615 28.064660 -18.459741 3.148125 -15.784451
5 -1.828697 -2.661790 12.765598 1.272311 14.477966 -5.724531 -10.344961 -7.955897
3 -5.948542 18.318027 23.488554 -10.215722 -6.558657 -10.426057 -5.608471 -3.049130
1 35.060990 -6.618675 23.778961 -12.489739 -10.134176 -9.041486 -8.241005 -12.314871
3 16.860040 30.039673 75.222026 -46.000601 2.016902 -32.356883 -21.254413 -24.526743
3 20.684730 9.889171 79.503863 -15.917726 7.007372 -42.380230 -21.268214 -37.518962
1 23.832774 23.171375 0.174705 -16.372036 -4.586452 -10.991137 -10.800954 -4.428277
3 -10.141547 15.583744 75.567544 -21.183518 18.171630 -32.604307 -14.648906 -30.744640
3 -0.139553 5.674867 18.310251 -5.609422 -1.697969 -8.244209 -6.016313 -2.277653
3 -2.321335 -7.828445 47.751317 -15.260198 2.114187 -12.401878 -5.320187 -6.733460
3 0.464117 -3.797748 13.322344 -2.875706 7.860411 -5.972447 -0.217780 -8.783191
5 7.302888 -18.832848 -4.285756 1.686246 37.096151 -9.334628 -7.637948 -5.994105
1 60.421135 -28.742508 -21.335181 -15.215717 50.717610 -18.515197 -11.096048 -16.234093
2 20.268948 42.897695 4.416372 -18.120397 -22.732787 -16.712131 0.021540 -10.039239
1 21.851104 -4.350066 -3.881277 -4.076839 1.441155 -4.556506 -6.448490 0.020919
3 0.224412 14.062829 60.972549 -0.989641 -42.748916 -13.914803 -1.058450 -16.547980
1 0.000000 0.000000 0.000000 0.000000 0.000000 0.000000 0.000000 0.000000
2 -6.817775 24.350481 16.970845 -18.390407 17.167351 -14.506746 -10.903125 -7.870624
1 0.000000 0.000000 0.000000 0.000000 0.000000 0.000000 0.000000 0.000000
3 20.848696 -2.309443 20.881207 4.971801 -27.565948 -6.307611 0.029047 -10.547749
2 2.751207 27.506908 27.247681 -19.243611 -15.555589 -11.518692 -6.711334 -4.476570
2 6.598622 22.136860 -2.020164 -10.030166 -11.270476 -5.061999 8.184221 -8.536898
3 34.726828 -20.112051 54.465030 -8.351682 -20.080484 -13.367070 -10.585966 -16.694605
5 -7.570735 -1.982987 18.127313 -12.340229 43.982613 -18.285915 1.082412 -23.012473
5 -8.496519 7.696392 -10.963213 2.452076 20.478449 -6.530643 1.593265 -6.229808
5 -32.221747 40.693305 28.138897 -27.056705 47.352043 -20.959470 -18.656936 -17.289389
1 37.669447 -1.648283 -16.835005 -5.985200 -5.698828 -5.358205 -10.220097 8.076170
5 -8.074217 -14.865835 15.555684 4.826811 28.492230 -7.277294 -8.356094 -10.301285
