3 8.653220 -9.174013 29.878597 -9.935967 -5.573680 -10.234739 -3.613420
5 -2.767640 12.980001 -8.307254 -6.425583 17.151815 -7.379891 -5.251449
3 -31.456235 -8.346697 70.473924 -19.295469 -0.300043 -18.887390 7.811907
7 1.363081 -1.527330 0.177240 -4.843567 -6.434992 -4.732650 15.998216
5 12.599314 9.050711 6.249275 -13.813316 21.210855 -14.151624 -21.145216
3 -35.821881 -5.354362 49.175614 -18.910268 30.357175 -17.930068 -1.516214
5 16.966603 18.680869 -10.660517 -20.741053 34.267513 -22.228160 -16.285255
7 -27.641926 -11.255462 13.957150 -12.836561 8.375960 -12.529174 41.930012
3 -12.118824 7.194781 21.047124 -5.359687 4.387288 -5.642208 -9.508475
3 -4.557470 -1.793564 54.324139 -23.452979 27.206607 -23.398299 -28.328437
5 -14.081227 -3.164385 -2.543632 -9.524877 26.727979 -8.576401 11.162541
5 36.295846 24.120834 -11.973903 -35.615746 56.575212 -35.732322 -33.669921
5 -27.729125 1.920625 13.175902 -19.141711 29.680974 -18.705515 20.798848
5 13.696578 0.266547 -8.689060 -14.399839 32.533858 -15.821196 -7.586888
7 -3.273224 2.589854 -8.690571 -10.999092 7.094799 -10.185332 23.463564
1 40.374182 -8.412580 8.737971 -6.952258 -6.183739 -7.467915 -20.095662
5 -8.603923 3.021406 -1.326843 -5.688210 20.994594 -4.998256 -3.398770
3 -16.249825 -12.201420 68.726873 -18.493574 9.142863 -18.854410 -12.070507
1 23.594287 6.166017 10.698475 -9.982200 0.230711 -10.498656 -20.208635
1 27.816449 7.208288 12.973520 -14.160948 -29.716978 -13.756620 9.636289
3 28.302255 -26.016871 50.152836 -17.854381 9.205795 -18.675059 -25.114575
3 -9.860141 -17.002581 49.161716 -12.323813 3.361735 -12.104880 -1.232038
3 6.218129 -22.978095 27.664649 -9.325878 -19.878011 -9.317156 27.616362
3 -4.954889 2.151702 18.365426 -5.343370 2.055953 -5.539307 -6.735514
3 -7.320452 -0.000000 11.145944 -0.345802 1.114413 -0.315709 -4.278394
3 -14.340467 13.611862 52.715594 -5.262767 -24.045191 -6.304973 -16.374058
3 -48.297454 8.932866 24.171606 -12.053901 15.261080 -11.106447 23.092247
1 24.041489 -2.359049 -13.836221 -9.281891 -13.311362 -9.172514 23.919546
1 24.733232 -5.607037 -26.885414 -4.116698 12.652814 -4.339384 3.562487
1 17.787456 -13.201994 -11.995186 -2.315074 8.367548 -2.528364 3.885614
5 3.902748 5.431503 0.408919 -3.715439 7.354470 -3.648952 -9.733248
3 15.480181 -6.282022 23.584685 -6.829894 -26.559745 -6.581854 7.188649
5 -0.737163 -3.329358 1.462845 -0.564502 5.828803 -0.607075 -2.053550
5 -8.642275 -9.444981 7.708143 -1.032150 9.685519 -1.154496 2.880240
3 3.185145 -14.771096 33.830075 -17.485466 10.717127 -18.886748 3.410962
3 2.992239 -2.125557 41.284764 -14.157299 -24.125435 -13.598314 9.729598
3 6.814152 -21.960923 60.005311 -13.685277 5.839437 -16.008426 -21.004276
3 -6.807475 -7.194602 28.818835 -4.301050 5.667585 -4.698362 -11.484931
1 17.226766 -30.916161 15.077621 -14.858914 16.248346 -14.125888 11.348229
3 -11.590140 -8.222365 29.478917 -7.065411 1.618910 -7.127631 2.907720
3 5.585497 0.169227 28.346074 -11.783725 9.837174 -12.807455 -19.346793
3 -3.766120 -8.389905 33.727075 -17.419904 7.919162 -17.442494 5.372184
7 -11.805926 7.716041 -4.287265 -3.496527 -1.629274 -3.349417 16.852371
5 1.211124 7.516204 0.470868 -15.808345 23.475456 -15.558454 -1.306854
7 -0.444947 10.686085 4.010061 -7.605471 -21.880092 -6.782608 22.016971
1 22.069065 9.907673 -13.800093 -7.261358 -1.554130 -7.382140 -1.979018
5 9.623709 7.800637 -12.610642 -11.115908 23.782614 -11.117255 -6.363154
5 -6.164526 11.541190 4.690744 -13.631999 20.729160 -12.359209 -4.805364
5 19.784530 -5.048194 -2.475474 -14.759792 20.536800 -15.703185 -2.334683
7 2.381678 -8.954143 0.862622 -1.831242 -11.309887 -1.661813 20.512785
3 -17.300765 3.280805 74.647958 -34.038414 32.048385 -34.396245 -24.241725
1 41.055134 -16.695489 19.609894 -15.156741 0.699278 -15.151967 -14.360110
3 21.812672 -33.331726 80.931754 -21.321790 7.087407 -23.630674 -31.547644
1 22.535406 -5.656453 5.626026 -3.193878 -7.884898 -3.430420 -7.995784
3 23.720608 -19.073231 36.514219 -11.738049 -16.699137 -11.332482 -1.391932
3 -1.596259 -6.938620 33.549317 -15.033633 -3.928834 -14.602748 8.550776
3 12.799285 -11.878135 21.515333 -12.960361 5.080559 -12.520654 -2.036030
5 -14.931266 -5.546511 9.319084 -7.043256 35.844738 -6.405250 -11.237540
5 -8.126428 4.843190 9.216004 -15.332654 17.316102 -14.114245 6.198029
1 29.059173 -10.045332 5.960410 -6.870485 -21.622538 -7.146163 10.664935
1 10.182844 0.120951 5.831048 -6.926490 5.715680 -7.180129 -7.743904
5 -6.802315 -17.327808 38.132839 -16.989675 49.524113 -17.691249 -28.845905
3 -5.573975 1.449555 31.058001 -15.522437 20.661188 -14.532821 -17.539514
7 -0.411659 -13.292746 12.129446 -9.054457 4.316360 -9.656403 15.969460
1 39.215763 -12.018920 33.797532 -22.232950 1.602074 -21.932365 -18.431135
5 7.705106 -11.714023 3.634368 -18.021631 18.545126 -18.001493 17.852548
3 -33.795613 -7.064930 67.772097 -24.019501 16.533862 -22.945742 3.519823
3 21.468407 -8.653552 23.298192 -14.903467 9.335517 -14.683639 -15.861460
1 11.897060 -1.832916 -12.614087 -3.883691 8.262512 -4.027060 2.198182
1 28.034496 18.675215 7.197432 -22.230484 24.402506 -22.199452 -33.879711
3 -2.107968 -6.886919 43.957794 -8.413043 -0.738401 -8.985246 -16.826217
5 8.372561 -9.290708 19.390046 -19.175800 29.496450 -19.274791 -9.517757
3 -6.909485 -3.888203 35.408473 -3.779627 -10.345431 -4.062479 -6.423248
2 -24.356896 19.500642 19.150635 -6.177587 -7.370511 -6.197243 5.450960
3 -15.796949 2.059801 46.132575 -11.724413 21.735724 -12.961190 -29.445550
1 56.379031 -7.577164 -57.152397 -16.279695 37.162921 -15.452632 2.919935
3 -8.882798 -22.322660 81.750532 -14.600299 14.243337 -15.910441 -34.277673
3 -43.768299 11.720412 73.800036 -16.986491 18.535608 -17.489069 -25.812198
1 71.099327 9.354338 -26.464556 -38.419391 20.859538 -40.434257 4.005001
1 29.846502 -19.868974 19.306336 -20.179155 17.404814 -19.574555 -6.934969
3 -39.416954 11.802916 63.311450 -23.460253 36.899967 -23.207387 -25.929742
3 -32.989744 -18.970161 65.247288 -17.583799 1.895388 -16.781568 19.182594
3 -18.297109 -3.538724 58.185922 -21.321613 11.863026 -20.243658 -6.647850
1 18.075079 9.074425 6.987315 -9.129512 1.226551 -9.391307 -16.842552
5 6.314629 6.493239 4.068094 -7.670103 9.459105 -7.781755 -10.883209
3 18.164688 -16.959598 55.704928 -19.925489 22.986033 -20.768764 -39.201798
3 14.256505 -9.632642 22.774001 -12.068426 21.559314 -12.683930 -24.204823
3 -13.081324 -7.066801 44.411914 -11.353913 23.983893 -11.512069 -25.381701
1 18.548877 -11.660103 12.347719 -6.866518 2.720202 -6.308809 -8.781368
1 13.951016 -2.034690 0.000000 0.000000 -9.500835 -0.000000 -2.415491
5 34.753879 1.835490 -53.537366 -13.328034 58.792722 -13.281390 -15.235300
5 -4.934207 -2.275968 10.031276 -5.243467 13.176180 -4.739180 -6.014634
1 41.372713 -15.176470 1.044964 -13.897127 16.128555 -14.195114 -15.277521
3 11.620094 21.914377 69.017793 -24.692907 -7.426367 -23.988598 -46.444395
3 -10.383685 -18.792080 88.767769 -24.797301 26.287742 -24.457933 -36.624515
3 -9.777387 3.412057 16.131291 -7.146201 -0.538848 -7.193125 5.112211
3 19.444354 -1.432418 23.363388 -9.078030 -11.256961 -9.118671 -11.921661
3 -46.329639 -2.130482 59.409230 -28.493627 52.968181 -27.360196 -8.063472
5 -1.507879 7.857290 11.453409 -12.389853 23.131111 -11.923692 -16.620386
5 37.091554 -24.731314 19.204001 -24.874499 52.664791 -25.287688 -34.066843
3 -11.652433 6.829477 25.206993 -8.606421 4.844358 -8.529626 -8.092349
5 -7.067335 -6.249337 31.806932 -28.753669 33.752806 -27.337429 3.848026
5 4.702342 1.967538 12.150864 -19.476812 20.777070 -19.225913 -0.895088
1 20.617649 -11.760465 6.607422 -15.485587 19.214060 -16.090101 -3.102979
1 0.000000 0.000000 0.000000 0.000000 0.000000 0.000000 0.000000
3 0.637763 -8.284995 18.891931 -1.647841 -7.786182 -1.707199 -0.103477
3 -7.795831 -17.430824 27.897774 -5.204311 -14.791327 -5.501286 22.825806
5 -14.690115 -3.795915 29.814597 -17.911716 31.090431 -17.033864 -7.473421
5 -0.237061 -15.972912 11.748211 -14.656882 35.716493 -14.968876 -1.628971
2 5.922524 7.596822 3.865002 -6.187330 -4.316075 -5.705695 -1.175251
1 30.584566 21.159668 -25.686202 -6.828334 -22.302716 -6.438200 9.511219
3 -0.694167 0.477777 41.293485 -16.594246 27.132018 -17.719308 -33.895562
5 31.859671 10.675246 17.178931 -35.030301 67.398457 -36.771221 -55.310780
3 12.116387 0.209282 27.188504 -15.577955 6.029945 -17.200426 -12.765736
5 -3.446067 0.438874 34.321931 -22.985288 46.851566 -23.441935 -31.739081
5 -2.582358 -4.529802 14.757789 -6.897874 22.852008 -6.781013 -16.818750
1 0.000000 0.000000 0.000000 0.000000 0.000000 0.000000 0.000000
5 -5.466766 -11.152477 31.878470 -21.348777 72.329561 -20.891960 -45.348052
3 27.724208 -17.498601 47.454513 -24.430667 9.263344 -24.082664 -18.430135
5 5.104486 1.405027 32.563314 -27.228082 45.676888 -26.897962 -30.623671
3 -46.437703 -5.040011 68.392920 -22.410780 21.483962 -22.251439 6.263048
7 -43.613670 -19.049642 28.535832 -14.245685 27.884918 -14.821231 35.309478
3 -34.476187 -6.153583 54.843831 -19.583812 34.337110 -18.402818 -10.564543
1 22.114529 -12.530045 -2.819833 -7.798508 -1.176891 -7.352601 9.563350
1 30.371903 2.793711 6.587723 -5.244032 -14.063966 -5.391768 -15.053572
3 4.191830 -10.784149 31.549100 -13.315527 29.623232 -14.184194 -27.080291
1 37.305786 -18.440724 18.876396 -11.996768 -9.268714 -11.888050 -4.587926
1 24.318413 -7.809146 9.324690 -3.539680 -8.749600 -3.746129 -9.798550
5 -9.345144 -18.597498 9.329934 -20.790383 63.730115 -22.028302 -2.298724
3 6.180318 -2.217894 13.495358 -4.779628 1.507512 -5.351540 -8.834125
3 3.383760 5.736222 13.606133 -5.107389 5.570435 -5.451151 -17.738012
1 125.044755 -18.650988 -37.033445 -36.131455 -45.354120 -35.897192 48.022440
3 -8.462129 -24.434869 40.788237 -7.097051 1.781674 -7.629638 5.053775
3 -33.502349 20.638508 46.472485 -11.554875 -3.754911 -11.206459 -7.092401
1 20.112798 -5.616256 -17.559214 -7.953366 9.604907 -7.851650 9.262780
3 -14.909548 15.353354 26.731136 -16.072054 6.330133 -15.589732 -1.843290
3 3.841277 -20.037289 67.992386 -15.360918 -5.713505 -16.370738 -14.351214
3 -20.739057 0.893328 54.043235 -15.286611 36.329694 -14.361032 -40.879559
5 5.264406 -3.746583 5.188924 -9.675283 14.304601 -8.672242 -2.663825
5 9.723381 -19.358163 6.989331 -11.337993 19.735979 -10.496334 4.743799
1 8.978051 -3.050686 -13.388316 -2.598903 6.473576 -2.884192 6.470471
3 -23.849722 -14.889222 77.920869 -18.101505 22.022249 -19.326571 -23.776099
3 -4.027390 -3.972149 59.652503 -25.157022 -3.794768 -23.621391 0.920212
5 21.779494 10.176782 10.001568 -22.619470 50.817752 -21.890838 -48.265290
7 -6.443777 -25.253113 39.523645 -37.447842 12.944918 -40.334734 57.010904
1 0.000000 0.000000 0.000000 0.000000 0.000000 0.000000 0.000000
1 41.667761 5.313460 10.437248 -9.873096 -25.409126 -9.733748 -12.402501
1 18.034413 -2.187816 8.253159 -7.465120 -1.350632 -7.638726 -7.645277
3 2.698370 13.092522 30.500278 -15.859630 17.664216 -16.303071 -31.792686
1 87.488834 32.204278 -26.647019 -27.485193 8.815157 -27.861581 -46.514474
3 -7.290689 -8.040858 33.569469 -6.052398 6.363111 -7.476409 -11.072226
3 -13.679406 -11.117707 71.205182 -16.507065 -3.838675 -18.070081 -7.992248
3 13.743898 -4.289225 27.785400 -11.971617 17.123366 -12.052272 -30.339550
3 -11.500508 -12.471703 25.115192 -8.573331 -8.998670 -8.466131 24.895149
3 -4.742865 -0.060988 14.010086 -5.442034 13.033608 -5.538872 -11.258934
3 21.354603 -14.315517 33.031612 -12.374562 12.508662 -12.518560 -27.686240
2 -4.484567 9.761827 -3.494319 0.000000 -1.066257 0.000000 -0.716686
3 8.174127 -4.717901 50.096883 -12.476138 -38.711443 -12.140389 9.774862
5 12.130248 0.926160 -28.443456 -4.417346 23.609883 -4.574491 0.769002
3 -1.865143 -8.761584 25.066519 -3.742586 -6.456602 -4.309760 0.069157
3 16.728958 -18.854971 26.628293 -15.502918 18.484867 -15.459445 -12.024786
5 19.625333 -17.342283 -2.811085 -10.832348 22.582974 -10.225153 -0.997437
7 -1.261815 -9.818367 4.194155 -6.728907 2.500321 -6.085284 17.199897
3 -32.876557 5.730300 49.867064 -22.152736 25.015778 -21.191694 -4.392158
1 24.833151 1.412443 -2.415776 -8.433734 -0.268124 -8.634608 -6.493353
1 35.234008 -5.724399 -21.897117 -5.506570 3.548037 -5.722911 0.068952
3 38.636783 -34.941069 56.846120 -26.104896 -19.422338 -27.088512 12.073910
7 -11.122759 6.745845 4.830184 -5.852030 -6.478722 -6.006589 17.884072
3 -20.805452 17.607342 26.824360 -8.314941 -13.943968 -8.034266 6.666925
3 13.186520 -6.690147 18.924584 -9.442886 14.486814 -9.681238 -20.783647
2 -16.385204 12.865876 7.626002 -1.032150 -3.815313 -1.154496 1.895286
1 12.616045 -6.812045 1.406355 -11.948445 3.671517 -11.219161 12.285733
3 0.338579 -1.911983 16.062664 -1.364654 -5.189741 -1.218869 -6.715995
1 71.316628 -12.079226 -32.923397 -9.851691 -26.176986 -9.779721 19.494391
5 -2.516455 -2.228276 -3.876243 -0.968460 8.107346 -0.856319 2.338408
3 10.047796 -6.628934 23.786167 -9.166988 10.422181 -8.732279 -19.727945
3 -24.791926 2.514655 48.250971 -13.392564 -7.013232 -12.371596 6.803688
5 -0.935646 -14.270380 28.102314 -14.278418 29.118179 -13.544656 -14.191394
3 -5.317555 -15.618113 45.981979 -11.039537 22.594624 -11.442809 -25.158589
3 -0.301202 -27.233560 59.502169 -14.408699 15.041707 -15.069982 -17.530434
1 20.341340 -9.648467 8.053939 -5.480089 -27.447793 -5.324621 19.505691
3 20.264329 -25.026466 45.430392 -18.348060 10.447339 -18.774851 -13.992685
5 7.041183 -14.508020 17.202345 -14.085485 31.359262 -13.478777 -13.530508
7 -9.509904 2.984290 -1.315263 -5.191714 8.616835 -4.919261 9.335015
3 32.742240 1.016158 97.755128 -26.368490 -10.317549 -27.206945 -67.620545
1 31.249840 11.962654 -2.562823 -12.083744 -0.023709 -11.807478 -16.734738
3 2.778973 -14.209985 23.839916 -15.951276 16.793835 -15.549747 2.298283
5 36.830943 16.869205 11.539993 -34.676378 49.408438 -33.848218 -46.123985
5 -1.547404 -2.856486 5.025468 -10.095840 26.299656 -9.079023 -7.746374
3 6.967154 -4.150848 34.945174 -6.030802 -15.212246 -6.074537 -10.443896
1 50.598918 -14.106151 21.366669 -15.398502 -1.631377 -15.795015 -25.034543
7 -1.261815 -9.818367 4.194155 -6.728907 2.500321 -6.085284 17.199897
3 13.919725 -13.530669 29.825230 -9.078629 -10.174931 -9.534184 -1.426542
1 22.812729 -8.357828 15.762998 -7.757301 1.577339 -7.707649 -16.330288
5 -2.646534 -13.664192 23.087955 -19.705588 51.836309 -19.213613 -19.694337
1 18.757902 0.538630 -15.647529 -7.912678 17.759622 -8.392131 -5.103816
1 9.535378 -1.234148 8.147509 -13.016123 6.849891 -14.228647 3.946139
2 15.672995 16.900328 1.923394 -4.100307 -12.358136 -3.922697 -14.115576
1 24.566323 0.692302 24.440142 -9.750528 -0.206484 -9.805315 -29.936440
3 0.559434 -5.241341 16.567491 -1.929156 0.639062 -1.825945 -8.769545
1 16.553635 9.776876 -0.056647 -13.170055 13.407702 -12.331959 -14.179556
3 1.608832 -4.360990 45.841619 -9.516514 -0.092477 -9.429914 -24.050554
7 12.028900 -20.817116 14.906451 -6.947100 -11.580931 -7.214894 19.624689
3 7.561039 2.038742 11.542820 -7.030545 -4.126177 -6.942686 -3.043194
3 -10.724905 -29.296125 139.855759 -37.775780 -0.209095 -37.584483 -24.265374
1 22.945898 12.222446 -24.649731 -3.616907 0.256895 -3.691045 -3.467557
5 16.172215 -16.653376 6.156349 -13.636012 31.723254 -13.689441 -10.072988
5 0.378535 -12.244115 13.073387 -9.978291 19.103985 -9.210234 -1.123267
3 13.375954 -5.179416 26.903163 -15.857374 26.778083 -15.800760 -30.219652
3 12.094614 -8.663559 14.343529 -5.080249 -22.088186 -4.852585 14.246437
3 5.855372 3.111808 34.581979 -12.668492 12.764161 -13.501212 -30.143615
3 -57.293892 -22.766768 83.031683 -35.972799 79.073197 -33.537453 -12.533974
3 -4.046159 -1.653713 14.812041 -2.340920 -3.519053 -2.684977 -0.567220
3 11.324956 4.986043 54.924784 -25.143064 22.200047 -24.644728 -43.648040
3 6.504613 2.467016 34.984577 -9.139082 4.764483 -9.221468 -30.360141
5 20.835754 8.070552 9.077825 -33.333687 79.779135 -33.867172 -50.562407
3 14.424563 -7.086083 29.197248 -5.819698 -12.409861 -6.419000 -11.887170
5 17.598055 -2.501094 -3.723056 -16.847746 31.223244 -16.743825 -9.005576
5 -11.508628 -1.020589 -2.325202 -1.581089 18.672089 -1.374703 -0.861877
5 17.949868 -3.495643 -6.179228 -25.485004 48.972919 -26.659306 -5.103605
3 -0.678137 -15.513746 38.764852 -13.254208 5.809050 -13.626955 -1.500858
5 8.879618 -12.394355 20.949058 -12.117026 31.549263 -11.629767 -25.236790
7 -35.768663 -13.341245 2.957982 -4.805919 -1.165396 -4.687387 56.810629
3 -5.287974 15.390034 38.184868 -16.160138 16.201046 -16.535151 -31.792686
1 5.980078 -9.104245 0.192124 -1.759004 0.255084 -1.431103 5.867066
1 0.000000 0.000000 0.000000 0.000000 0.000000 0.000000 0.000000
1 4.067943 -1.105164 -1.777204 0.000000 -1.185574 0.000000 0.000000
3 8.702780 -2.500939 40.074078 -9.842064 -6.667592 -9.204519 -20.561747
3 -13.884663 -20.624785 85.294073 -16.484066 -18.872361 -16.744636 1.316436
3 -20.744152 10.502955 40.319632 -11.918414 22.379329 -12.119144 -28.420206
3 -3.295928 -1.830058 22.740595 -9.157986 19.492080 -9.377634 -18.571069
1 0.000000 0.000000 0.000000 0.000000 0.000000 0.000000 0.000000
5 -6.469327 -5.983917 -12.899694 -1.937227 28.831661 -1.541495 0.000000
3 -2.309007 1.383714 16.294353 -4.929573 -8.815301 -4.574060 2.949872
3 -3.582418 -11.134788 19.449471 -16.903831 18.673047 -15.762032 9.260550
3 -2.436813 -3.402864 25.379009 -6.074737 -3.189692 -5.935633 -4.339268
2 -10.414160 16.947862 14.484054 -14.830043 7.598912 -15.898072 2.111448
1 47.867520 -6.623272 15.675186 -9.628856 -25.512825 -9.811452 -11.966302
3 -27.780788 26.911110 29.431782 -25.010914 27.952378 -24.566462 -6.937108
3 17.129903 -15.343237 27.797628 -14.664733 8.217289 -16.811483 -6.325369
1 16.222715 1.767343 -20.230539 -4.852305 11.241250 -5.022942 0.874479
1 11.063241 2.118569 -10.799386 -3.907673 2.916910 -4.414673 3.023011
3 10.184608 -4.493643 38.204857 -11.311703 -14.866863 -11.287955 -6.429302
3 -4.938129 -8.507664 56.336735 -27.590651 1.007657 -26.793633 10.485682
1 18.319921 -11.275104 8.157800 -8.829897 10.566639 -9.094250 -7.845109
2 -0.669837 12.728240 5.632615 -7.626839 -2.175117 -7.884245 -0.004817
3 11.904016 -12.478517 12.736802 -4.548358 6.800550 -4.332926 -10.081568
5 -2.216485 -6.532241 -4.829013 -11.919405 58.681637 -11.960243 -21.224251
3 17.258209 -19.732483 65.885756 -29.407960 59.299119 -30.204822 -63.097822
3 0.497460 -11.811641 13.183491 -2.043904 -2.355919 -1.734707 4.265221
3 31.465171 -3.058511 38.014278 -11.076441 -13.667719 -11.179431 -30.497346
3 -2.998308 -11.755965 34.188071 -5.870547 3.517191 -5.804590 -11.275851
3 -10.800263 -9.048720 28.130867 -6.517584 24.013654 -6.416859 -19.361095
3 13.062189 20.777733 43.807837 -24.784727 -0.760680 -24.806938 -27.295415
3 -0.710476 -5.664276 23.563272 -6.494911 1.582234 -6.254477 -6.021365
1 31.613421 -15.515343 20.294249 -8.719927 -9.194015 -9.114089 -9.364294
5 -4.670078 -7.659043 10.470502 -6.039458 25.897400 -5.876940 -12.122383
3 -18.749374 -0.269999 40.645512 -7.270493 -9.479262 -7.259037 2.382652
3 -2.419742 -14.319212 25.048537 -13.089341 19.555635 -13.274381 -1.501498
1 14.296223 6.638529 11.310416 -7.034065 -4.440651 -7.346330 -13.424121
3 27.518876 -24.812753 36.085476 -11.870953 4.327376 -12.602838 -18.645185
3 20.032755 -5.996525 23.929573 -18.840700 4.633035 -20.101583 -3.656553
1 63.479962 9.172249 -13.053362 -27.742426 -9.764226 -28.197190 6.104995
3 25.969505 -8.189356 33.900137 -7.134489 -18.526545 -7.252609 -18.766644
3 -16.320820 5.780143 12.421965 -4.029601 1.434753 -3.578145 4.291704
1 32.552043 -17.125541 7.221827 -17.419990 9.916268 -16.655069 1.510460
3 -14.501400 -21.217115 83.937158 -22.124674 16.035412 -22.535398 -19.593986
2 4.990008 8.473684 -1.262605 -3.141207 2.887848 -2.993348 -8.954380
5 15.570080 -14.356573 20.838277 -18.055422 29.366622 -18.467347 -14.895635
3 -18.454562 -12.935712 45.510104 -5.914962 -6.381107 -7.192304 5.368541
3 2.032239 7.541746 55.346485 -26.209319 15.937091 -25.820958 -28.827289
3 3.371941 1.859252 39.219215 -10.212149 -1.102175 -11.049015 -22.087069
7 11.607784 -7.933264 -7.406740 -17.454636 -4.378261 -17.684827 43.249946
1 41.481955 -7.219137 -18.610250 -9.566791 -18.316628 -9.476118 21.706969
3 -8.318656 -3.027528 76.957897 -35.797054 45.014618 -35.876558 -38.952721
1 28.854879 18.881777 -1.160299 -17.947146 9.039011 -17.924173 -19.744051
3 16.145669 -6.949671 32.414160 -10.387399 -15.284094 -11.064665 -4.874002
1 26.687423 5.854475 16.287449 -15.873581 3.931314 -15.268213 -21.618868
1 24.235229 2.362752 -30.250864 -1.566753 3.359101 -1.729696 3.590230
1 40.363527 0.690569 13.103728 -10.335937 -3.807501 -10.340998 -29.673390
5 4.282920 -10.615677 2.660048 -5.832558 34.464553 -5.448154 -19.511133
1 23.360000 -20.044562 9.843231 -9.155696 5.275608 -9.023931 -0.254649
3 29.544044 5.043650 31.773489 -26.725221 12.729696 -27.217245 -25.148414
1 82.311156 6.714756 30.009854 -19.710226 -34.660346 -20.104484 -44.560711
3 14.844796 -11.584898 48.531629 -9.257962 -5.126323 -9.128715 -28.278528
5 11.171348 -8.265182 6.941605 -11.945955 18.983805 -11.518997 -5.366624
5 8.464221 -2.746514 26.621839 -20.863642 30.558696 -20.225010 -21.809592
7 8.719771 1.385295 5.733828 -23.232215 10.680320 -22.679415 19.392413
7 -6.957774 -17.771472 20.810509 -9.968806 -4.855030 -9.958013 28.700584
1 38.742976 -14.895229 38.521939 -9.359377 -21.159460 -10.165129 -21.685720
1 31.404678 -16.888056 27.509412 -13.003434 3.563273 -14.336138 -18.249735
3 -2.871135 13.525919 41.698124 -17.974247 18.693597 -19.390403 -33.681855
1 36.214911 -13.517697 18.909249 -9.958043 -3.164404 -11.356866 -17.127150
3 32.797659 -31.630801 78.851866 -38.799013 20.494744 -38.733912 -22.980547
3 -2.267866 -12.277868 25.018748 -3.541698 -15.728947 -3.196391 11.994023
3 -2.613837 -1.411743 7.567451 0.000000 -1.066242 0.000000 -2.475628
3 20.985917 -9.910555 24.124627 -8.046176 3.211653 -8.159675 -22.205791
3 -20.227500 14.455077 34.609696 -12.092296 -10.263990 -11.675328 5.194340
1 17.493613 -10.164406 16.950914 -6.300272 4.142211 -7.390326 -14.731735
3 -25.368692 17.045080 43.300083 -16.251578 31.416364 -15.935540 -34.205716
2 0.083857 25.678910 15.527079 -20.747028 20.887713 -19.876118 -21.554417
1 17.407014 0.510278 -10.478471 -6.045872 9.579505 -6.849156 -4.123298
1 25.369408 -5.432270 13.462649 -35.379705 25.276193 -36.439243 13.142968
7 10.048183 -2.817823 -15.925662 -4.283531 5.837442 -4.499096 11.640488
1 31.291404 -12.732639 23.593328 -11.329917 0.521478 -12.344889 -18.998764
7 32.812812 -1.187489 -14.169476 -24.613166 -8.860485 -24.397644 40.415445
3 -2.989774 -21.768632 66.113978 -19.776632 41.457737 -19.320943 -43.715737
5 36.487771 -11.967876 -32.480391 -27.370113 41.840272 -27.252379 20.742715
3 -6.807475 -7.194602 28.818835 -4.301050 5.667585 -4.698362 -11.484931
1 16.991664 -2.478399 -13.049789 -4.216113 6.103892 -4.447953 1.096699
3 -0.376916 12.849790 20.683383 -11.208140 17.070266 -11.338983 -27.679401
1 37.402486 3.821024 2.064724 -10.422268 -6.109457 -11.729841 -15.026665
5 27.518076 -23.085244 8.609868 -20.272549 41.496637 -20.052341 -14.214445
3 -35.763749 5.278578 47.388386 -23.305983 11.732657 -21.687690 16.357794
3 -3.332496 -2.101409 14.799936 -4.506496 11.961252 -4.413546 -12.407241
3 18.226539 -11.177317 33.931407 -14.893472 7.502106 -15.690774 -17.898488
3 5.717505 -17.631235 22.769056 -8.391461 8.749410 -9.198179 -2.015097
3 -15.677878 -18.176871 35.526017 -16.501733 30.668683 -15.851203 0.012984
3 18.489247 -7.310166 20.438067 -5.534798 -11.403950 -6.115397 -8.563003
5 7.476632 -13.127950 20.130352 -16.302886 22.701603 -16.084421 -4.793332
3 0.397172 9.944645 32.002243 -9.780075 -17.117670 -10.325145 -5.121173
3 -10.730761 -7.958858 57.482452 -11.425606 -7.501168 -11.685809 -8.180251
3 -1.540189 4.289082 14.919991 -1.364654 -8.369365 -1.218869 -6.715995
3 19.849320 -29.401408 35.875672 -10.923419 -19.872754 -10.774430 15.247021
5 14.555406 11.380343 -4.674007 -15.460410 26.271201 -15.825691 -16.246842
1 18.470722 -5.432370 14.385207 -3.478778 -8.890808 -3.734024 -11.319951
2 -19.516673 59.077067 50.095435 -20.329700 -35.382844 -20.432709 -13.510577
1 63.637115 -23.438909 20.317223 -13.135093 -7.684708 -13.219702 -26.475927
5 -11.791252 10.256681 15.562474 -10.535386 26.195958 -10.359048 -19.329426
3 16.551325 -28.605048 110.694640 -37.656163 48.110545 -38.374664 -70.720637
1 5.980078 -9.104245 0.192124 -1.759004 0.255084 -1.431103 5.867066
1 13.230805 -11.018958 4.475805 -6.735601 2.555919 -6.519956 4.011987
1 40.894426 10.038626 -45.780195 -15.083054 34.671607 -16.144805 -8.596604
2 1.487074 12.728987 10.609720 -12.242741 3.447004 -12.338933 -3.691109
5 22.155705 8.829791 17.256530 -28.418484 38.207323 -30.387947 -27.642916
1 83.765904 -43.470832 37.118145 -43.696216 48.835694 -44.290718 -38.261981
3 -1.289204 -36.880521 61.428730 -27.670621 31.462647 -30.144841 3.093808
3 -16.190498 -7.045531 35.016645 -12.244839 15.223117 -12.059316 -2.699579
3 2.498240 -2.888836 35.429868 -11.318176 -1.781022 -11.982361 -9.957716
5 3.297879 -4.254102 10.405138 -4.506496 11.878367 -4.413546 -12.407241
1 15.003602 -2.493107 4.241386 -6.650645 -0.050162 -7.051318 -2.999755
3 17.959155 1.744377 25.309387 -17.740188 13.883414 -17.807614 -23.348532
3 -40.367579 -6.656617 43.144689 -10.286574 15.180032 -9.553733 8.539778
3 -20.736026 1.110789 60.599519 -21.547818 19.431475 -22.212626 -16.645314
5 8.752203 -4.776485 24.609150 -21.225814 26.607328 -23.075199 -10.891182
3 14.761185 8.649150 23.373166 -11.325603 -6.172025 -12.428429 -16.857445
3 -4.344301 -11.791881 44.552373 -14.240282 -12.768111 -14.294426 12.886626
3 21.263893 -17.887153 50.569151 -27.389514 29.578246 -27.765755 -28.368870
3 -9.865761 -17.399145 47.002517 -21.008843 11.206389 -20.593729 10.658569
3 6.848914 -8.978766 38.538614 -12.352941 5.120100 -12.204924 -16.970998
3 -1.910752 -24.430108 61.829341 -12.317804 1.202110 -12.892135 -11.480650
1 23.068258 -10.036300 13.666987 -6.221839 1.780478 -6.040502 -16.217083
5 3.007319 -12.923097 3.984331 -12.482460 43.649155 -11.861326 -13.373922
3 -13.869511 -13.853643 37.241237 -8.607861 -5.170332 -8.266119 12.526227
7 -1.240823 14.915464 -21.117358 -7.234662 -7.474451 -6.903775 29.055605
1 17.752311 4.642698 6.410626 -7.875201 -6.067136 -8.072180 -6.791117
3 11.598191 -23.380641 54.353341 -18.576603 3.984865 -20.291857 -7.687296
3 -6.392507 5.986829 13.387867 -1.393414 -6.241639 -1.293873 -4.053262
5 22.377488 -2.501094 -1.984557 -16.057202 23.254101 -16.169041 -8.919694
3 -12.084923 -5.396752 31.685111 -7.347173 0.166272 -7.635844 0.613309
3 -17.704947 6.233017 39.032367 -9.436069 1.547156 -8.987606 -10.683919
3 -3.546948 -7.803492 25.419193 -6.811450 12.629178 -7.511649 -12.374833
5 -11.599129 10.118553 33.494383 -22.022452 44.179317 -22.193362 -31.977310
3 9.466494 13.925327 22.366062 -13.985032 -4.112450 -13.806734 -13.853668
3 4.659265 9.293406 16.791166 -10.321650 13.663514 -9.919639 -24.166063
1 51.410106 -10.191353 11.725693 -16.884215 -1.445367 -17.143204 -17.471661
1 34.457959 1.216668 -19.514649 -14.437060 3.047469 -13.957887 9.187501
5 -4.874216 -4.364439 3.688697 -8.006672 30.666545 -8.754594 -8.355321
3 -2.307308 -9.053952 33.357486 -11.608871 14.272289 -11.383957 -13.275688
3 7.102185 -6.145448 18.081982 -10.668858 -0.806811 -10.498019 2.934968
3 1.818099 15.477137 54.134522 -22.679416 -4.400667 -22.398808 -21.950872
3 10.880019 -4.550406 34.687807 -17.424578 13.453633 -17.677727 -19.368749
5 5.313898 -18.421690 25.365039 -20.967698 52.550297 -20.109998 -23.729849
3 -1.290784 -18.379357 30.672026 -18.130419 8.542453 -17.401187 15.987266
3 34.667129 7.962543 39.356276 -19.705428 -4.492277 -20.327112 -37.461132
1 38.208401 11.243875 7.549420 -7.294185 -20.243034 -7.353117 -22.111360
1 4.067943 -1.105164 -1.777204 0.000000 -1.185574 0.000000 0.000000
3 29.334217 -8.559438 45.183641 -33.535844 39.941006 -35.449200 -36.914385
3 -8.069862 3.021893 57.717578 -24.913352 47.951649 -24.874363 -50.833545
7 -5.167143 -4.530541 -40.895789 -15.708601 -7.894615 -15.745925 89.942614
1 21.457606 -8.449288 8.806975 -8.376443 9.351483 -8.157495 -14.632839
1 19.353630 12.147046 -0.789765 -10.897835 -17.943000 -10.440937 8.570858
3 0.503147 0.344790 25.945904 -20.352386 23.942137 -20.326399 -10.057193
3 5.957068 -25.223678 76.139180 -25.191443 7.360103 -24.495921 -14.545313
3 6.067764 -19.273591 47.664669 -8.967356 0.247768 -8.682932 -17.056320
2 -4.917485 6.229684 -3.018909 -0.000000 3.757254 -0.000000 -2.050544
3 18.626289 -32.180216 70.203273 -17.262071 8.831023 -17.841818 -30.376478
5 -9.164189 -1.356316 4.895922 -15.267199 40.193989 -14.063487 -5.238723
3 0.083841 -10.600478 52.965346 -12.808303 14.554818 -13.050486 -31.144738
5 -8.553256 -12.556602 20.711173 -10.260039 29.775978 -10.124015 -8.993239
3 10.099443 4.258678 47.568834 -12.087862 -16.770154 -12.567601 -20.501339
5 3.743304 -10.253918 6.797206 -9.578989 19.480895 -9.065231 -1.123267
3 12.670864 -23.598262 38.185091 -17.700678 -5.181516 -18.627664 14.252165
3 -4.490122 -2.602678 79.640684 -22.714012 -7.368357 -23.714248 -18.751268
5 10.774084 -7.255392 10.667090 -13.372019 22.995749 -13.314446 -10.495065
3 14.351988 -14.466560 49.048561 -7.656887 -14.777825 -8.007221 -18.492057
5 -3.643492 -0.864225 3.331534 -4.897666 13.810208 -4.423471 -3.312888
1 31.872478 -11.192015 17.796421 -17.583793 -5.789754 -18.013242 2.909903
1 21.810926 8.159170 6.900348 -10.141697 3.503496 -9.815240 -20.417004
7 -0.683582 3.194066 -6.336685 -2.059513 3.732375 -1.663183 3.816522
3 2.385283 9.431645 57.106887 -20.281466 -2.819740 -22.177520 -23.645089
3 -14.938784 -6.700273 39.268959 -12.699043 -12.054184 -12.553521 19.676843
5 -5.024444 -3.122908 10.298868 -5.425773 12.091426 -5.015935 -3.801235
3 16.835427 -24.089668 23.567976 -11.241840 11.597835 -10.839040 -5.830691
3 -16.957347 -6.740479 27.719232 -2.592490 7.288162 -2.544936 -6.172142
5 15.987928 -13.052667 13.592181 -17.723000 33.425279 -18.046454 -14.183266
1 25.443881 4.230121 5.229700 -9.055031 1.331003 -9.507527 -17.672145
3 16.282007 -6.584998 27.446189 -5.384443 -19.209127 -6.143893 -6.405738
5 -5.934697 -4.907011 -4.932227 -1.161547 18.698384 -0.836627 -0.926276
5 -13.686480 10.162399 31.611563 -13.926837 33.952500 -15.802200 -32.310947
1 0.000000 0.000000 0.000000 0.000000 0.000000 0.000000 0.000000
1 0.000000 0.000000 0.000000 0.000000 0.000000 0.000000 0.000000
2 6.462848 20.111963 -17.051021 -4.897666 4.446519 -4.423471 -4.649173
3 -8.552781 17.778361 42.386837 -14.256944 13.716033 -13.948292 -37.123214
5 11.627657 19.933174 4.659506 -38.263828 57.497093 -38.983832 -16.469767
3 -4.954889 2.151702 18.365426 -5.343370 2.055953 -5.539307 -6.735514
5 -13.806380 9.845407 3.814171 -29.465923 74.179546 -29.207001 -15.359821
3 -5.011436 -13.126622 34.681678 -13.825438 4.460488 -13.208965 6.030294
2 -50.214780 33.970381 23.172023 -11.880513 14.362715 -12.290102 2.880272
1 29.210301 -2.355732 19.056040 -16.172177 12.665948 -15.915925 -26.488456
3 12.094614 -8.663559 14.343529 -5.080249 -22.088186 -4.852585 14.246437
1 20.281678 -3.215278 0.599496 -10.876101 9.419196 -11.676125 -4.532866
1 38.874789 19.154732 26.008260 -26.697305 10.648068 -26.758589 -41.229956
7 -18.352082 -37.177915 32.544916 -32.022806 0.660635 -31.388532 85.735782
3 -19.076786 11.642489 35.647228 -7.411918 8.512144 -7.705598 -21.607558
3 2.878528 -1.454727 37.223510 -11.616369 -3.512010 -13.152057 -10.366876
3 3.643515 3.340563 15.869987 -10.083553 2.121187 -11.522968 -3.368730
5 -6.145981 -2.272763 11.294014 -13.487139 29.456577 -13.018063 -5.826645
1 19.283856 -11.222609 -9.148414 -8.565014 13.933199 -8.668820 4.387803
3 -39.683616 1.917276 56.301056 -20.802173 22.143533 -19.200817 -0.675260
3 -37.452717 -1.894261 52.194817 -27.475303 12.873874 -25.833013 27.586598
3 -18.421189 -18.406508 64.312583 -16.640545 24.284907 -17.982404 -17.146845
1 20.503183 11.832760 -22.862055 -4.498717 -13.057173 -4.347658 12.429661
2 -2.714140 12.925823 1.212727 -6.943490 8.333204 -7.995818 -4.818304
3 -6.879629 -12.730784 43.063315 -7.879566 6.346222 -8.253019 -13.666540
3 -29.664567 -3.048893 38.894581 -17.518749 5.124903 -16.780149 22.992870
3 5.006009 -7.441350 48.587932 -13.100787 6.770994 -15.242785 -24.580014
3 -3.513006 -3.852508 26.561907 -8.853240 1.244125 -8.897102 -2.690179
3 11.668043 -9.710965 31.156117 -12.845694 -0.791566 -13.227294 -6.248640
3 13.114995 -12.166669 36.519531 -6.973505 -8.582423 -7.492899 -14.419031
3 17.081408 -25.398276 22.144615 -6.466508 -7.008126 -5.820898 5.467785
1 0.000000 0.000000 0.000000 0.000000 0.000000 0.000000 0.000000
1 27.006461 1.939366 -38.225514 -5.450444 14.698475 -5.756756 5.788413
5 14.663414 -2.861243 12.104150 -18.817871 45.025665 -19.712544 -30.401570
3 -19.015532 -22.373642 45.076479 -19.671886 44.891200 -18.740592 -10.166030
1 56.073329 -9.711837 23.522571 -15.030007 -8.611139 -15.418162 -30.824754
5 6.634412 -3.011511 -1.794026 -6.425583 14.460818 -7.379891 -2.484219
1 18.741383 -11.013911 17.245723 -8.062695 -10.700909 -8.097183 1.887590
3 -14.519497 -0.138172 24.676206 -7.536436 18.184080 -7.385898 -13.280282
3 -10.711152 -5.856532 44.411914 -11.353913 20.403452 -11.512069 -25.381701
1 51.970754 -17.094955 18.575586 -30.474850 8.229895 -31.033673 -0.172758
3 -9.942834 -10.802840 64.841720 -14.951102 12.904523 -16.338226 -25.711243
1 0.000000 0.000000 0.000000 0.000000 0.000000 0.000000 0.000000
3 -25.620406 -9.396976 83.134026 -22.491787 17.465787 -23.232858 -19.857788
5 33.477823 -7.021683 -2.469023 -21.608253 38.416644 -22.953514 -17.841992
1 32.857519 -17.531886 31.851438 -23.379461 12.384920 -24.328709 -11.853821
3 9.155016 -15.169176 44.245264 -20.489144 7.443803 -20.634144 -4.551620
3 0.398402 -22.288317 123.150483 -26.944269 5.905844 -28.869024 -51.353123
3 -23.666859 5.959685 37.626603 -7.270493 -5.722008 -7.259037 0.332108
5 0.750138 -2.428393 -0.042147 -2.391377 10.890756 -2.367467 -4.411509
3 -1.830658 -21.287881 63.605329 -20.682252 27.835408 -22.070587 -25.569360
1 15.668835 -1.469058 -9.043936 -3.495909 7.075025 -3.555641 -5.179315
3 -6.166868 -1.476666 18.603095 -2.943471 -3.581027 -3.064297 -1.370766
3 -12.646403 -2.570775 93.682789 -16.854412 -33.707005 -19.106821 -8.797373
3 43.197624 -53.109103 88.403031 -46.535613 32.148936 -46.177014 -17.927866
1 13.816575 -0.654081 1.153821 -3.809158 -5.923984 -3.392452 -1.190722
5 6.649371 -13.630687 54.662671 -32.868121 57.696921 -33.504306 -39.005852
3 -18.331362 -10.782409 60.460120 -15.741460 31.128661 -16.617030 -30.116522
3 7.680610 -9.802064 48.372849 -15.089159 2.917636 -15.862344 -18.217528
1 34.864485 12.839374 -26.619857 -19.476338 18.536809 -19.823216 -0.321256
3 23.344335 -13.346801 26.017147 -13.777482 3.783007 -13.951751 -12.068456
5 -3.568446 -15.545219 16.603083 -8.204649 23.072907 -7.102313 -5.255364
5 8.164944 -21.586440 2.155069 -12.306453 27.843324 -11.352653 7.082206
5 -17.516691 -3.629714 11.611877 -18.996584 35.291256 -18.827895 12.067747
1 14.379437 -10.612627 -9.444042 -8.468993 12.916131 -8.412130 9.642225
5 2.866902 7.561959 -5.480730 -4.601559 16.713355 -5.155577 -11.904350
1 16.814256 -4.708395 3.123068 -4.300897 -4.196588 -4.783934 -1.947511
3 -6.042534 2.231904 42.566039 -17.704305 -0.876857 -18.173960 -2.000290
2 7.545763 17.378352 2.873294 -5.637085 -5.482162 -5.310129 -11.368035
3 -7.168749 -0.522286 35.705636 -8.462504 4.796931 -9.319746 -15.029281
3 -27.537166 -4.477868 65.960107 -16.494475 26.060687 -16.688570 -26.822714
7 3.256249 -1.933589 -4.897462 -0.000000 -5.354401 -0.065879 8.995082
3 -28.671979 6.437054 25.174697 -11.646189 21.515869 -11.697787 -1.111667
3 -20.015175 8.143452 42.004584 -11.877071 -5.328962 -11.777081 -1.149748
3 12.017839 -13.785253 39.677931 -10.423038 1.413301 -10.082536 -18.818245
5 2.280545 -17.916320 22.003645 -31.603742 59.495581 -31.218203 -3.041508
1 0.000000 0.000000 0.000000 0.000000 0.000000 0.000000 0.000000
5 0.220855 -3.329358 0.504827 -0.564502 5.828803 -0.607075 -2.053550
3 0.036568 0.271351 7.940659 -4.651490 7.530828 -4.964088 -6.163828
5 -3.643492 -0.864225 3.331534 -4.897666 13.810208 -4.423471 -3.312888
3 0.373634 3.754381 31.859633 -12.018898 5.197212 -11.225176 -17.940787
3 14.845754 -8.174391 23.769601 -10.432463 2.406258 -10.538868 -11.875892
3 -11.428458 -11.188713 58.800258 -10.135074 -9.117288 -12.591866 -4.338860
1 22.268305 18.809737 -2.948120 -17.133185 9.226482 -18.621591 -11.601626
5 5.457991 -5.910011 21.158458 -21.813378 46.853288 -22.116100 -23.630248
3 1.908498 -5.185893 3.498933 -1.129934 2.476335 -1.091272 -0.476668
5 -3.871167 -24.166969 33.042135 -16.919934 37.055371 -15.788268 -9.351169
5 -0.830852 -3.498765 14.183640 -10.944378 23.295947 -10.787506 -11.418087
5 27.078967 -25.426436 38.253094 -25.706397 39.548089 -24.564055 -29.183264
3 3.925283 45.380467 66.406736 -37.587036 18.281875 -38.126792 -58.280532
1 53.352405 25.105306 13.421220 -15.386660 -33.875893 -16.247729 -26.368651
1 0.000000 0.000000 0.000000 0.000000 0.000000 0.000000 0.000000
3 -17.930089 -1.238568 51.945132 -12.205747 4.809484 -12.566752 -12.813463
1 25.252290 -12.230802 11.619397 -9.609694 9.580459 -10.318233 -14.293417
1 24.041489 -2.359049 -13.836221 -9.281891 -13.311362 -9.172514 23.919546
5 -3.126670 0.695241 2.939206 -7.839466 17.455418 -8.748383 -1.375347
3 -2.052529 -27.324271 55.062655 -21.468454 27.985648 -20.401430 -11.801621
5 -17.583349 0.393552 33.734761 -11.318764 37.730530 -10.387746 -32.568986
3 25.084798 -14.367097 31.631246 -24.408104 23.603547 -24.895759 -16.648630
5 -11.508628 -1.020589 -2.325202 -1.581089 18.672089 -1.374703 -0.861877
1 34.897202 -6.549325 12.142032 -8.285783 -1.208874 -8.379650 -22.615602
3 -11.500508 -12.471703 25.115192 -8.573331 -8.998670 -8.466131 24.895149
5 15.424433 16.298021 -3.984587 -21.882098 49.829612 -21.690617 -33.994763
3 -10.494905 -5.047826 63.267394 -12.241610 8.069768 -14.293806 -29.259013
3 9.233198 -15.495672 34.869203 -16.043296 10.820419 -17.289342 -6.094509
3 22.191461 -3.900359 28.042636 -10.279553 -18.661729 -10.133459 -7.258998
7 -31.629064 -18.444209 22.779188 -8.271132 -6.810419 -8.727337 51.102974
5 3.451821 -13.619303 21.746689 -10.916991 23.327191 -10.808737 -13.180671
3 -11.973403 -26.742001 81.984288 -20.923857 22.912941 -22.650299 -22.607671
3 0.854616 2.629549 45.813855 -15.283148 16.126995 -16.069636 -34.072232
1 22.535406 -5.656453 5.626026 -3.193878 -7.884898 -3.430420 -7.995784
3 -21.741061 14.616141 55.008156 -31.450823 42.941820 -29.894277 -29.479959
3 10.755826 -19.243133 35.349978 -15.128297 24.393010 -15.138733 -20.988651
3 2.054239 -18.870509 50.209351 -13.510009 -6.439458 -14.742066 1.298450
3 5.626538 -6.838546 20.773809 -7.983171 6.947109 -8.664639 -9.861100
1 26.579325 -4.656183 1.094126 -8.133225 0.011839 -8.402528 -6.493353
3 14.285424 -1.528178 17.407054 -7.700374 7.833608 -7.843966 -22.453569
3 -5.874888 -14.146129 42.545283 -10.244285 1.659931 -10.647059 -3.292852
3 -6.617800 -4.445960 15.958297 -10.855024 7.662542 -11.430072 9.728015
3 3.775796 12.028003 20.097292 -17.030596 19.734272 -15.311211 -23.293559
3 -2.637938 11.909874 29.416014 -21.941123 3.920764 -20.454369 -0.213225
5 2.336585 -9.968470 3.523658 -6.656670 14.065292 -5.854574 2.554178
3 5.459953 -9.620215 25.695992 -4.078433 -15.593520 -4.115843 2.252066
3 28.528344 -14.362885 55.240230 -22.749093 -22.190768 -23.198733 -1.267096
3 -14.459880 -1.410984 39.551363 -20.595882 29.501068 -20.698316 -11.887369
3 -0.152436 6.022980 61.902936 -10.697966 -27.499749 -11.769034 -17.806732
3 -6.169282 4.099655 14.615281 -4.506496 8.781628 -4.413546 -12.407241
3 -10.674996 -14.919336 41.274853 -6.362841 1.141042 -6.552021 -3.906702
3 -12.684164 -5.337810 87.140019 -17.124637 -8.095313 -17.317962 -26.580136
7 10.963705 -30.814919 11.025336 -22.061162 -14.173039 -22.502298 67.562378
3 18.681302 -23.552351 32.733475 -23.858290 25.581440 -23.230035 -6.355544
3 2.740463 -9.471490 20.363441 -5.774229 -0.290990 -5.703553 -1.863641
5 -15.679760 -3.234700 24.819857 -8.081970 38.419014 -8.004675 -28.237767
3 -12.208175 -1.811174 30.550561 -6.052398 10.120364 -7.476409 -13.122770
2 6.468970 74.242203 -22.843301 -11.238973 -15.216374 -12.443923 -18.968598
3 -13.325480 0.598450 28.859540 -9.663855 12.842089 -9.213921 -10.096824
1 50.131886 -8.025989 -0.140887 -13.861477 4.015073 -14.157240 -17.961367
3 -10.056882 1.465511 8.935702 -3.836668 0.001468 -3.512266 7.003134
7 9.174238 -7.940394 3.621520 -4.172161 -14.231434 -4.346790 17.895021
7 -29.354871 -8.960125 14.186590 -10.890001 4.130267 -10.713156 41.601297
3 -80.468921 -18.893211 79.957036 -24.985347 4.155266 -26.360019 66.595196
3 -11.930878 -0.813932 36.496896 -14.747532 27.827414 -14.376325 -22.455643
7 24.287813 -15.589996 -11.088536 -14.931674 -15.172203 -14.736471 47.231066
3 -16.103451 -0.240705 70.336127 -26.386040 21.105844 -26.761055 -21.950722
5 11.845360 4.253901 14.462125 -14.694579 15.030161 -15.759197 -15.137770
3 -10.056882 1.465511 8.935702 -3.836668 0.001468 -3.512266 7.003134
3 18.000584 -12.260245 48.052505 -14.450379 -4.763768 -15.359336 -19.219360
3 0.751333 4.726778 6.628534 -5.147684 4.858449 -5.367738 -6.449671
1 22.981265 -11.222609 -10.542134 -8.565014 12.528490 -8.668820 3.488824
3 -17.933025 -8.732265 52.787381 -13.673855 13.066149 -13.323337 -12.191049
3 18.478304 -12.797115 22.772129 -6.145658 -5.898100 -6.017331 -10.392228
3 -17.872085 -14.696783 90.001457 -34.391020 62.798436 -34.879803 -50.960203
5 23.165490 -10.502238 22.869941 -47.549396 71.658819 -48.014103 -11.628512
3 11.767267 4.635758 54.235766 -17.196753 0.599486 -18.060844 -35.980681
3 -14.107437 -22.986611 73.878401 -43.531394 63.223476 -42.628886 -13.847552
3 15.138226 -7.533779 29.185143 -7.985274 3.070444 -8.147570 -23.727192
3 -13.299608 -8.024059 31.856768 -15.262517 2.625387 -15.311959 17.415987
5 -1.719283 -7.643687 10.526356 -12.552314 39.013532 -12.191179 -15.433427
5 11.320095 -7.886161 -0.638422 -11.239724 20.640532 -11.343052 -0.853270
1 51.121841 -26.741532 13.750295 -9.570713 -21.899949 -9.593530 2.933589
3 0.770588 -10.570044 70.077172 -15.548898 -8.784312 -15.864291 -20.080219
7 -1.664481 -10.607856 15.674663 -4.172161 -14.828940 -4.346790 19.945565
3 -24.189468 3.095350 32.440323 -13.531283 -6.914986 -12.227167 21.327229
1 0.000000 0.000000 0.000000 0.000000 0.000000 0.000000 0.000000
1 35.665134 -2.099349 8.683411 -16.056111 10.562647 -16.074752 -20.680981
3 32.764472 -10.994683 63.590922 -19.126701 -3.929704 -19.899319 -42.404987
1 24.796281 -12.771247 13.770851 -8.014013 0.183841 -8.317325 -9.648387
3 -8.910295 -6.065276 36.440731 -10.558895 26.513699 -11.889955 -25.530011
5 -10.031964 7.826105 1.713106 -0.896923 9.284653 -1.027969 -6.867008
5 2.968492 -6.159346 18.450440 -14.881075 32.483951 -16.593194 -16.269269
5 10.485403 13.879595 -10.641672 -18.296734 39.030535 -17.814399 -16.642728
1 31.055650 12.304680 -26.287329 -3.917415 -4.644307 -3.923125 -4.588154
3 16.723278 -13.293327 54.521015 -21.937808 26.419944 -22.305848 -40.127255
3 -3.707581 -3.565696 30.874705 -3.705574 -8.708793 -3.903846 -7.283215
1 24.636289 0.729097 -42.740483 -5.450444 22.793885 -5.756756 5.788413
