5 3.509191 -12.425283 19.455078 -11.138387 31.645376 -10.635540 -11.416889 -8.993546
8 10.964518 -6.709302 -16.628331 -3.786782 -8.414349 -3.839291 -2.695301 31.108839
3 29.877102 0.143412 31.275550 -23.976083 27.318570 -23.457832 -26.985429 -14.195291
2 -5.002347 12.423956 -0.145298 -1.938430 2.175005 -2.000889 -3.225456 -2.286541
1 42.995093 8.465913 8.549879 -14.915035 -19.337126 -15.259874 -12.643032 2.144182
3 43.840135 -18.818465 52.507451 -16.401922 7.431058 -17.172510 -20.862418 -30.523329
5 2.624532 -19.711357 18.598610 -12.982544 31.668944 -12.226527 -5.319106 -2.652552
3 2.180837 -5.386197 27.556771 -8.338082 17.941881 -8.455137 -12.049032 -13.451041
3 6.246013 -12.259190 50.053092 -8.003581 -3.342507 -8.318098 -15.811903 -8.563826
3 4.949836 14.508789 52.155030 -18.759501 21.537728 -18.867279 -21.785355 -33.739247
5 8.771243 -1.892858 11.515999 -6.438527 11.534548 -6.519314 -8.526859 -8.444232
1 51.839762 -9.656577 48.300917 -23.430994 -0.831338 -24.361656 -26.953000 -14.907110
3 20.221397 -7.438574 29.195806 -11.490849 11.553508 -11.865933 -21.365914 -8.809441
3 -14.137406 19.573886 34.936119 -7.538368 -0.894464 -7.889828 -14.790396 -9.259542
3 -1.501281 -9.193556 54.137258 -14.165969 -12.257836 -13.417552 2.309439 -5.910503
5 13.544765 -2.249903 3.611111 -7.071994 16.391471 -7.013498 -8.061347 -9.150604
2 -25.187780 54.663631 41.340811 -16.473560 -4.778526 -17.086772 -20.657245 -11.820560
3 -24.225501 17.676291 17.681681 -12.220530 17.290386 -12.475111 -2.347843 -1.379373
3 -11.525720 -43.292986 56.037727 -12.231356 25.654001 -11.659256 -19.463781 16.481372
3 0.758885 -1.249685 41.874776 -19.267404 10.200997 -18.998089 0.235944 -13.555426
3 14.068288 10.537817 45.434198 -17.866381 14.585531 -17.541400 -16.608662 -32.609390
1 30.128980 4.074644 14.873612 -9.611383 3.216934 -9.870588 -15.172116 -17.640084
2 8.773768 16.093639 -12.552001 -2.485682 3.159993 -2.657103 -3.151222 -7.181392
1 4.770469 -3.632432 -1.138037 0.000000 0.000000 0.000000 0.000000 0.000000
3 -12.489328 -18.629123 27.414972 -7.909436 22.990781 -6.915031 -13.177467 8.714631
3 -12.211798 -48.874128 66.349747 -20.062764 48.589748 -19.609268 -20.101505 5.919970
5 -0.470692 12.535408 -1.653328 -8.798631 26.181413 -8.475797 -6.852769 -12.465605
3 2.403889 -3.868168 7.542404 -0.698520 -3.911377 -0.692014 -0.742788 -0.033425
1 26.802292 -14.896645 2.551312 -1.305163 -19.558227 -1.371343 -3.810636 11.588410
5 0.581775 -9.480903 -26.301200 -2.377354 37.461466 -1.723182 -3.426982 5.266380
3 -12.333735 9.213093 15.870121 -2.857603 2.046748 -2.790175 -3.231283 -5.917167
5 7.186241 -11.993618 -8.312451 -2.006513 21.801300 -1.497216 -2.855852 -2.321892
1 13.401235 -8.173998 8.413527 -0.432722 -9.587400 -0.515822 -0.687595 -2.417225
8 -13.618074 -0.944209 2.668817 -7.959562 4.839853 -8.129637 -0.366657 23.509469
3 8.213640 -2.235271 39.127467 -21.997953 10.608438 -22.590670 -16.539712 5.414059
2 13.749346 40.229776 9.519528 -12.272697 -20.748139 -12.158868 0.248778 -18.567725
5 9.499790 -43.865645 -7.014815 -14.244044 73.426830 -13.395837 -14.283844 9.877565
5 -2.291305 -1.776869 3.301329 -3.917230 19.222552 -3.394276 -7.232831 -3.911369
7 1.441151 8.851599 9.022903 -10.221482 3.743027 -10.549122 12.694360 -14.982436
1 27.060249 -15.471158 -7.646313 -2.820744 10.502832 -2.792022 -9.448475 0.615632
3 0.977731 -5.744114 45.023960 -10.943495 -1.766548 -11.087991 -3.459305 -13.000240
2 14.005283 15.560166 -7.332727 -7.607339 -9.146786 -7.318266 10.696419 -8.856750
1 41.217011 -38.483706 -9.766655 -12.934696 36.260880 -12.309865 -10.020043 6.037076
3 7.264688 -44.930843 72.636852 -14.411503 16.354897 -14.707436 -6.005598 -16.201056
2 -15.812562 21.037529 17.694218 -10.709246 4.713964 -10.590939 -7.225641 0.892676
3 -40.976986 -13.210942 62.697979 -9.515480 -0.510966 -10.133232 -8.350165 19.999794
3 0.568890 13.821012 26.406877 -9.553565 7.598299 -9.975130 -13.207064 -15.659319
1 33.197952 -19.380924 28.998732 -13.753579 3.005855 -13.995312 -14.205927 -3.866795
1 45.927119 -12.997878 -46.146571 -5.339278 15.365649 -5.529407 -13.537615 22.257982
2 42.478982 58.629966 27.728943 -23.327281 -0.306116 -24.235030 -26.467647 -54.501816
5 28.885149 -42.187045 20.046494 -12.435891 33.182331 -11.873497 -11.521641 -4.095899
3 -20.450553 -10.334508 68.515282 -18.215726 18.270512 -17.842759 -0.950911 -18.991340
3 12.543309 -11.027864 34.601388 -9.144617 10.048594 -9.356716 -12.930618 -14.733476
3 -2.023207 -3.237575 18.478462 -4.738579 1.491499 -4.425695 2.725940 -8.270845
3 -0.894867 7.027389 32.470177 -11.063630 11.810645 -10.946085 -11.904011 -16.499619
1 42.721626 1.187849 -20.823169 -6.521533 -0.941126 -6.987062 -13.549147 4.912563
3 14.026480 -4.107248 34.363243 -12.104579 6.367317 -11.962166 -6.608701 -19.974346
5 16.896312 -5.852324 -3.293347 -8.902873 34.494611 -8.426599 -13.583866 -11.331913
5 6.841493 -0.664430 6.527590 -11.169098 25.952036 -11.035870 -4.963503 -11.488219
1 24.667381 11.661920 -16.206783 -2.485682 -4.647118 -2.657103 -3.151222 -7.181392
3 21.437790 -28.933878 32.608830 -17.302813 26.864663 -16.944291 -1.964346 -15.765955
3 -11.461748 4.373254 37.860342 -15.888137 34.091897 -15.743996 -21.508245 -11.723368
5 26.176668 -37.018684 19.932438 -17.721713 56.103449 -16.487158 -7.504136 -23.480863
3 -25.663727 11.452433 15.483360 -13.326633 14.310999 -13.246984 2.840692 8.149858
1 48.073906 -5.871156 1.356352 -17.199225 19.838746 -17.076797 -14.130285 -14.991540
2 -9.724402 24.193526 19.389035 -9.466216 -10.515292 -9.851002 -4.534686 0.509039
3 20.891311 0.070078 46.072088 -18.840336 9.330750 -18.864864 -4.232494 -34.426534
1 15.289951 -6.584035 -14.633515 -0.016426 -6.161856 -0.080282 -1.162436 13.348599
1 85.325950 -43.405053 40.775467 -20.060371 -3.798969 -19.723168 -7.708288 -31.405567
1 14.777149 10.261549 14.400747 -5.429253 -13.871855 -5.396705 -4.052489 -10.689144
3 24.998240 -25.789880 79.971747 -19.005194 6.655229 -18.870772 -18.780351 -29.179018
3 -1.905998 -29.002677 57.068546 -14.586810 31.588930 -14.758013 -7.658549 -20.745428
5 13.006792 -21.388122 4.114850 -3.528768 18.796839 -3.403431 -9.512445 1.914287
1 25.296032 -10.341797 -14.514847 -5.739380 8.871547 -5.599544 2.003485 0.024503
3 11.258137 -12.686810 19.031351 -11.123990 15.616297 -10.846938 -2.104340 -9.143708
3 22.678414 -35.068980 36.898248 -9.483195 -8.767262 -9.777817 3.806749 -0.286154
1 59.880964 -4.502652 -18.349016 -20.309265 46.882182 -19.873560 -17.226692 -26.501962
3 44.371834 -26.612075 91.458384 -21.048917 -2.970230 -21.841599 -34.080381 -29.277012
1 63.089204 -16.250758 39.013400 -17.618781 -17.700644 -17.095175 -7.273679 -26.163566
3 11.212276 14.524735 39.920561 -17.509926 2.803161 -17.111695 -6.805906 -27.033207
1 36.233201 14.856789 10.487411 -19.944022 1.342018 -20.133247 -8.521477 -14.320671
3 26.070951 -11.266852 34.508643 -11.385031 9.669000 -11.786545 -17.858620 -17.951546
3 -2.189994 12.304353 32.213815 -14.874976 1.649291 -14.723783 -8.317163 -6.061543
2 5.486543 20.875013 8.197230 -5.343285 -4.287159 -5.447278 -6.382504 -13.098559
5 -2.351519 15.306992 -9.328010 -6.091714 30.197614 -6.425262 -8.770712 -12.537388
1 56.831189 6.467804 -41.241977 -10.101643 6.065693 -9.746444 -12.898073 4.623453
5 11.882573 5.399580 12.352192 -12.539458 27.569272 -12.486382 -14.998297 -17.179480
1 17.320337 14.645592 15.628649 -7.103348 -6.031057 -7.172125 -10.141768 -17.146281
5 39.336240 15.368203 -42.992409 -15.409833 57.086217 -14.825623 -25.936571 -12.626225
1 0.000000 0.000000 0.000000 0.000000 0.000000 0.000000 0.000000 0.000000
5 -28.341808 -14.400958 42.284597 -14.370206 57.651865 -14.153521 -18.671032 -9.998934
3 10.725680 -14.316813 15.316079 -4.500097 8.752670 -4.518425 -5.301403 -6.157691
5 10.142198 -39.309590 6.242645 -5.831810 28.230996 -5.937904 -9.280579 15.744046
3 20.846600 14.802450 53.986624 -27.255083 -15.151157 -26.249355 -6.677338 -14.302739
5 5.442022 -6.491663 4.826782 -6.344464 23.412319 -6.344458 -12.808084 -1.692456
5 10.885311 -17.672099 -0.350216 -4.776578 21.502036 -4.802252 -9.378312 4.592109
3 8.736113 10.453037 50.913609 -19.644449 13.170385 -20.242607 -12.054519 -31.331571
1 24.933004 -6.393989 -6.520074 -1.004576 -7.563364 -1.032457 -1.274325 -1.144218
1 21.355532 1.413216 11.516444 -9.348631 14.505733 -9.464368 -11.563720 -18.414206
3 17.607961 30.587961 57.231028 -26.808367 7.348856 -27.194450 -17.078862 -41.694127
1 32.329211 -3.288394 -1.399026 -10.904298 10.151806 -10.770780 -4.912827 -11.205692
3 39.594068 -12.251786 58.224276 -24.381934 25.201333 -23.994495 -27.215157 -35.176305
1 49.374394 -24.307566 -2.319844 -14.634826 10.170410 -14.629497 -8.164122 4.511051
1 0.000000 0.000000 0.000000 0.000000 0.000000 0.000000 0.000000 0.000000
3 8.494114 -10.765344 14.442243 0.000000 -9.888976 0.000000 -1.652399 -0.629638
5 7.806241 -8.330688 12.977807 -9.385848 24.571660 -9.157579 -11.222971 -7.258624
5 -0.952995 -4.139543 -4.089538 -4.997418 31.561710 -4.911063 -12.590586 0.119433
5 38.051476 -34.564889 34.667181 -16.680296 40.422968 -16.716192 -23.519670 -21.660578
3 7.114448 -35.328645 66.978164 -10.960735 11.600733 -11.569848 -22.812952 -5.021166
2 -16.658692 17.563207 11.924703 -4.796032 3.243327 -4.791064 3.533030 -10.018480
1 26.250759 9.232466 8.019894 -10.563450 -23.401123 -10.282743 15.182937 -14.438740
1 46.681893 -10.237263 -6.223215 -13.580369 19.530291 -13.348003 -17.353437 -5.469895
1 54.188082 -36.557312 -23.298671 -9.833981 1.355024 -9.678810 12.220731 11.604936
5 28.975612 13.873827 -3.401802 -21.162831 43.958359 -21.457981 -8.951402 -31.833782
1 29.111522 4.267524 -0.007600 -5.863933 -5.739975 -5.919778 -4.742713 -11.105046
1 57.640313 -28.127884 18.058553 -16.453033 17.792103 -16.037486 -17.146266 -15.726301
1 0.000000 0.000000 0.000000 0.000000 0.000000 0.000000 0.000000 0.000000
1 40.296525 11.307002 31.648561 -20.705449 16.409418 -20.915420 -21.379731 -36.660907
3 -20.810702 -19.795671 55.054642 -24.741121 45.481232 -23.851576 19.405743 -30.742549
5 45.894017 -29.446374 21.472040 -23.253469 50.539448 -23.310464 -21.883648 -20.011549
3 2.191324 3.720164 31.473152 -21.644629 4.608525 -21.672924 -17.618130 18.942516
3 40.882979 -14.423052 53.033908 -15.056021 -3.313319 -15.269177 -19.857720 -25.997600
3 -23.440486 -3.572716 48.849943 -14.068150 8.634734 -14.154490 -12.588577 10.339741
3 -5.567837 -5.424549 32.009502 -7.101430 8.389896 -6.714535 -1.615441 -13.975607
3 -10.445607 6.902920 55.549791 -17.141909 20.226071 -17.289952 -7.896660 -29.904655
1 28.486459 -12.058662 -8.750519 -8.355910 13.250096 -8.396498 -9.361457 5.186490
3 -29.858051 3.814164 37.652593 -10.799423 17.867382 -10.709982 5.605108 -13.571793
3 10.998496 -8.400240 15.653302 -5.446603 0.136150 -5.117386 1.275015 -9.098734
5 18.232274 -31.433946 0.321940 -23.305501 71.197043 -22.731311 -27.885217 15.604718
3 -0.450411 -19.164244 29.588770 -3.901821 8.694877 -3.772338 -4.523591 -6.471242
3 14.882436 -12.692775 54.385056 -12.392015 -7.220281 -12.114499 -3.713602 -21.134321
3 8.218080 -16.788075 22.352179 -3.744325 7.478567 -3.769394 -6.345129 -7.401902
8 3.095630 12.142338 1.671012 -9.555014 -6.206260 -9.107645 -10.532615 18.492556
3 45.874381 7.329001 92.352830 -32.688143 -22.201061 -33.249212 -33.551851 -23.865943
1 19.890697 11.344385 -14.769875 -2.408443 -15.108566 -2.638421 -6.742198 10.432420
2 23.077674 40.601261 -21.785704 -8.121982 -17.627161 -8.436767 -8.892921 1.185601
3 7.196332 -40.780164 64.240113 -9.825707 15.154657 -9.743782 -14.144409 -12.097039
1 34.946067 16.770768 4.923803 -17.763891 27.190853 -17.013491 -20.218169 -28.835941
5 3.507483 -7.769323 22.069293 -10.350120 35.777925 -10.571387 -17.594273 -15.069595
3 0.754323 -20.177262 45.766690 -1.850240 -16.186578 -2.152493 -2.353700 -3.800741
1 41.390754 5.532145 -20.318740 -14.955394 3.827630 -15.279005 -13.733039 13.535649
3 7.172685 -2.252297 44.882796 -13.763179 9.858095 -14.080277 -12.740981 -19.076842
3 2.155311 7.423939 24.990937 -9.597936 3.314887 -9.313016 -0.742449 -18.231673
3 3.277760 27.835724 103.981167 -30.013014 -12.821511 -30.169918 -25.858393 -36.231815
1 47.895194 -60.033320 26.828271 -20.131033 28.651666 -20.039132 -21.956887 18.785239
1 13.087048 -4.619482 -4.942164 -0.485618 -0.390071 -0.670304 -0.502777 -1.476631
3 -9.459483 10.634610 29.096764 -9.006345 -13.831662 -8.713854 -0.374404 1.654373
1 30.536587 -17.558873 -9.006800 -2.159056 -3.863696 -2.314979 -6.595458 10.962276
3 2.803894 15.111959 96.355254 -22.378102 -19.948862 -22.387027 -18.945062 -30.612050
5 -1.952252 -14.069394 12.595400 -4.623999 16.287059 -4.462401 -5.769868 1.995456
3 10.215592 1.404930 67.104091 -14.970925 -25.335269 -15.100480 -9.118541 -14.199399
1 82.619504 37.602912 -22.745951 -21.914376 8.791822 -22.701176 -30.194619 -31.458112
1 32.808836 -6.897360 0.027484 -7.018413 -2.655848 -7.202300 -10.063846 1.001448
5 1.580401 4.557462 16.400332 -13.820927 31.762965 -13.430923 -17.612485 -9.436827
5 9.679985 21.871892 -30.258736 -3.789828 22.173053 -3.570103 -7.208571 -8.897692
1 25.208553 -12.477383 23.603389 -13.117200 14.569092 -12.716771 -9.546758 -15.522923
2 -2.760785 7.175595 -1.896294 -0.494751 -0.560198 -0.501335 -0.120187 -0.842044
3 -8.039802 -12.608164 31.697493 -1.417518 -5.232107 -1.603245 -1.666105 -1.130551
3 -5.204355 -10.974317 19.883694 -2.613084 7.741837 -2.481276 -3.527791 -2.824708
3 -5.438701 -29.317532 34.117185 -10.553501 26.083932 -10.557658 7.634323 -11.968047
5 21.076786 -26.130614 7.645605 -8.091936 33.546267 -8.186650 -11.414668 -8.444788
5 -14.987983 -22.513176 21.421913 -9.865692 47.384224 -10.281141 -1.705173 -9.452970
3 6.758846 -0.873654 23.880466 -10.632479 12.831786 -10.448441 -7.775259 -13.741265
3 16.606849 29.376367 60.194919 -18.007079 -32.596804 -18.572257 -24.239163 -12.762833
1 29.099342 -24.073771 -0.033883 -3.447793 0.522891 -3.606040 -7.591258 9.130514
8 10.912741 -7.253364 -17.627772 -0.016426 1.878941 -0.080282 -1.162436 13.348599
2 17.807409 22.828519 -16.636235 -2.485682 -4.930513 -2.737385 -4.538176 -9.307936
1 19.789444 -3.934283 7.366899 -6.820706 -23.380148 -6.900387 6.043103 7.836079
2 15.887209 21.149297 -4.226008 -8.043559 8.995142 -8.269864 -7.362398 -18.129820
5 2.532161 18.776780 31.598676 -25.221905 33.734190 -24.869861 -25.704733 -10.845309
1 30.757295 -11.513009 -4.502890 -1.412928 -21.680241 -1.402737 12.602867 -2.848356
1 36.367101 11.918356 -1.031335 -11.559278 -26.301672 -11.432939 1.900755 0.139012
1 17.686560 1.121618 -8.823643 0.000000 -9.984534 0.000000 0.000000 0.000000
3 -3.718042 -13.910095 20.749937 -2.095559 5.353642 -2.142894 -2.228365 -2.008624
5 0.732965 -5.225254 -12.592125 -1.243180 22.596182 -1.479319 -2.508395 -0.280873
2 6.172608 36.193893 -0.726351 -7.574729 -21.116128 -7.780553 -10.619554 5.450814
3 0.565810 -5.822770 30.320415 -12.783349 20.751300 -12.963703 -1.922378 -18.145326
1 39.495606 13.635035 -2.989573 -9.418395 -0.264372 -9.557462 -10.163057 -20.737781
1 21.768553 -17.266769 -10.310120 -2.175482 -3.427189 -2.314979 3.722553 10.003435
3 -3.158567 -6.591666 47.690880 -11.845262 6.192804 -11.924774 -3.133848 -17.229568
3 -5.341704 3.062436 24.140386 -9.346596 6.541012 -9.341686 0.646122 -10.359969
3 30.081810 -7.172975 79.809082 -17.438774 -25.566054 -17.527241 -7.994920 -34.190927
3 1.889626 -7.239458 38.124537 -12.783349 13.326439 -12.997128 -1.922378 -18.398290
2 6.612423 12.769643 -2.918607 -5.037059 8.763863 -4.962638 -9.106489 -6.121137
2 32.600574 44.180204 -10.199208 -12.529129 -0.391060 -12.732659 -19.163679 -21.765043
1 37.348049 -21.482364 9.695575 -7.952073 0.709670 -7.807432 -11.821585 1.310161
3 49.282748 -20.482330 90.599666 -29.721490 17.521090 -30.177500 -22.574617 -54.447564
3 -8.937639 14.155622 63.044573 -17.995859 -4.922288 -18.747034 -21.723362 -4.874012
3 30.642694 -33.941088 34.331065 -9.516400 14.331517 -9.519246 -12.198387 -14.130154
3 2.689877 -13.608042 34.639281 -4.938204 4.664924 -5.039359 -8.529805 -9.878672
1 46.522346 -11.781612 16.534109 -11.756992 -11.000515 -11.627995 -8.990305 -7.899036
3 6.896475 -6.479956 24.912618 -11.824488 22.514397 -11.614372 -9.093809 -15.310865
3 4.961492 5.074989 19.911252 -7.109730 -1.733875 -6.942407 -1.187111 -12.974611
5 12.387488 10.270869 14.113632 -15.269031 24.518166 -15.620806 -5.073600 -25.326718
3 11.935784 -9.497429 17.570295 -5.543834 8.456208 -5.757564 -7.673179 -9.490280
5 -2.897665 -21.935033 -6.599749 -6.113668 17.496944 -5.960130 11.956869 14.052433
3 -3.612707 -16.484283 23.807940 -7.923992 18.927912 -8.076382 1.546010 -8.184498
3 -7.683690 -0.356722 32.515531 -4.725703 1.902607 -4.577680 -6.924098 -10.150246
3 -7.417639 9.461437 42.757351 -11.960787 5.921834 -11.601856 -3.853544 -23.306796
1 24.695766 -4.566599 -7.028972 -1.640634 -5.928157 -1.497216 -2.855852 -1.178336
1 38.140444 -11.734573 -3.504368 -10.663600 18.753035 -10.318746 -2.837372 -17.834818
3 5.350428 -10.620123 38.783228 -8.290724 6.564488 -8.413080 -9.195304 -14.178913
3 -14.603090 12.156192 23.626642 -8.436449 -7.131212 -8.204469 0.209696 2.382689
1 63.341747 5.184115 -3.701201 -19.930983 1.810082 -19.810597 -17.346725 -9.546436
3 -17.612751 -10.570665 49.463907 -3.780369 -2.625161 -3.892085 -4.777201 -6.205674
1 0.000000 0.000000 0.000000 0.000000 0.000000 0.000000 0.000000 0.000000
3 6.071772 -3.778209 17.517571 -11.011896 5.385893 -11.199748 -2.777941 -0.207442
3 -3.612707 -16.484283 23.807940 -7.923992 18.927912 -8.076382 1.546010 -8.184498
3 -0.972848 -21.245080 64.468013 -15.392721 28.830900 -15.128706 -18.411516 -22.148039
3 -4.748007 4.252040 27.636620 -9.346596 11.251245 -9.341686 -9.343647 -10.359969
3 4.421633 15.707483 33.542265 -12.857356 -8.901797 -12.822354 -10.606389 -8.483485
5 1.618445 -19.342641 -2.264980 -2.820744 31.822954 -2.711740 -8.413830 2.112537
3 8.242616 44.468708 55.924138 -26.737094 -7.112317 -26.474373 -20.367572 -27.944106
3 9.568540 3.279403 35.423335 -14.310458 -23.796270 -14.230782 -1.277725 5.343957
3 8.864043 9.166905 30.257679 -9.048160 -8.341416 -8.943296 -6.064966 -15.890790
3 19.867490 45.170999 55.658254 -28.365492 22.398841 -28.931356 -30.838987 -54.959749
5 -0.451890 -23.905451 5.901478 -8.597482 28.393729 -7.751834 11.940120 -5.528670
5 -2.567662 9.302037 -10.426374 -8.606346 24.810484 -9.258300 -2.224313 -1.029525
2 -3.464741 13.459577 -12.075064 -1.723982 2.043272 -1.763135 7.266994 -3.742922
1 66.763764 -28.948189 -11.292769 -14.579143 -1.285141 -14.878676 -14.045563 18.265718
1 29.436943 -16.432770 21.316116 -9.238676 0.866507 -8.944119 -2.575463 -14.428536
5 13.934251 -7.924223 -12.989867 -1.654292 14.407869 -1.581815 -2.199943 -1.991980
2 31.816457 52.290499 -10.312909 -12.193573 -6.829443 -12.490367 -12.881927 -29.398735
3 20.654233 -18.915979 78.591626 -19.422546 4.092492 -19.875007 -37.278252 -7.846565
2 3.907090 7.334138 3.529222 -2.243991 -0.012367 -2.284804 -6.673379 -3.555909
1 0.000000 0.000000 0.000000 0.000000 0.000000 0.000000 0.000000 0.000000
5 -7.314051 10.798752 -3.423529 -2.571896 11.740602 -2.495074 -3.112253 -3.622552
1 32.005864 -16.432770 21.316116 -9.238676 -1.702413 -8.944119 -2.575463 -14.428536
3 17.720577 -15.959913 24.071086 -9.930475 16.827718 -9.734428 -10.635586 -12.358979
2 16.000196 26.755153 -9.694309 -7.345039 5.590254 -7.544424 -6.619610 -17.142220
1 0.000000 0.000000 0.000000 0.000000 0.000000 0.000000 0.000000 0.000000
5 -2.548554 -3.990622 3.209646 -0.878994 8.515899 -0.848723 -2.235542 -1.223109
5 15.756563 -2.707400 21.680774 -14.300125 34.750759 -14.449554 -19.836741 -20.894275
2 -3.772328 8.489514 6.329432 -1.938430 -1.595303 -2.000889 -3.225456 -2.286541
2 23.827732 35.561913 14.194115 -14.483776 6.114044 -14.922997 -27.163516 -23.127512
3 -24.074396 -2.469480 23.882046 -3.423895 4.823075 -3.557958 6.847413 -2.026807
1 67.169852 -51.888408 -6.643795 -8.602798 -8.913591 -8.323334 10.758520 6.443554
3 -4.436982 -12.994132 43.584393 -12.864686 30.158072 -12.436518 -15.862844 -15.147301
5 6.241208 -18.808818 -12.854154 -7.800427 28.082253 -7.627397 1.126545 11.640789
1 13.852705 -13.098933 4.431587 -2.593900 -7.161303 -2.662405 -3.154038 10.386286
3 7.606827 -25.599281 27.528444 -5.441037 12.068200 -5.508011 -10.596831 -0.058309
1 12.529166 0.591559 -16.529809 -0.511177 -6.722054 -0.581616 -1.282624 12.506555
3 -9.960943 -2.490184 46.159564 -12.263860 3.685152 -12.288671 -8.840444 -4.000615
1 33.245391 -1.668385 5.573950 -17.891135 25.152161 -17.738809 -21.475788 -5.197384
1 30.823712 -10.383278 -14.557876 -2.653807 -3.817022 -2.816314 -6.715645 10.120231
1 20.481338 3.558221 -25.063726 -2.666157 10.511368 -2.813812 4.993485 -9.000714
3 0.095028 -3.237575 30.175759 -5.810163 -7.546729 -5.602667 0.587263 -8.660916
5 34.727862 -23.394458 35.845875 -27.618006 50.938312 -26.994640 -23.505227 -19.999717
5 -3.400657 7.013139 -2.884627 -2.243991 14.731439 -2.284804 -6.673379 -4.257119
3 -7.607287 10.843629 60.129942 -12.226774 -7.708812 -11.900457 -6.507147 -25.023095
3 1.877817 13.877048 15.071457 -10.351813 12.666440 -10.956719 -1.706608 -20.477623
3 -1.098304 -12.356607 37.143584 -3.214215 -7.416604 -3.411670 -6.869792 -2.776395
2 -2.227575 31.349523 -1.532459 -8.851693 11.142932 -8.688931 -7.209942 -13.981855
3 -30.825586 -10.832603 77.964394 -20.111313 42.760823 -20.081281 -4.828830 -34.045605
3 -24.963833 0.802341 17.440122 -5.183335 -1.229346 -5.335843 7.556626 10.913268
1 27.530311 -8.667165 -16.284373 -0.714946 -11.513880 -0.805721 -1.905225 12.361000
5 -5.017258 -3.801501 6.794712 -4.759174 22.327192 -4.712630 -11.286977 0.455635
5 -4.144695 -29.015542 -3.756646 -10.676673 73.430753 -11.395751 -3.682034 -10.759411
2 3.419364 16.649430 -0.529416 -4.848534 8.773931 -4.945943 -6.262317 -12.256515
1 31.787655 1.588029 -24.085712 -10.008274 24.759661 -9.851066 1.701702 -15.891994
1 36.572836 -14.835671 28.285003 -14.945624 13.233011 -14.595045 -13.999815 -19.714697
3 6.251333 1.705640 17.927115 -9.291473 -1.053928 -9.609389 -1.849036 -4.080263
1 21.251130 -3.086709 14.325661 -14.706159 -8.221265 -14.588806 14.696272 -9.670124
3 -6.460824 -13.920308 40.942099 -7.952793 0.430515 -7.837365 5.845917 -11.047240
2 -12.579883 15.393767 5.148180 -3.697870 -8.622710 -3.778774 -2.516243 10.653534
1 45.444013 8.375564 -18.113200 -9.257850 -9.701305 -9.465439 -10.785953 3.504170
5 -8.936190 6.734416 10.527501 -3.820847 13.627316 -3.753373 -4.832667 -9.546156
1 18.629797 16.521940 -13.781178 -10.785360 7.352526 -11.182663 -0.934633 -5.820427
2 11.821678 16.093639 -16.206783 -2.485682 3.766865 -2.657103 -3.151222 -7.181392
5 30.286012 -31.296607 -11.119027 -5.828724 40.619231 -5.743229 -12.183752 -4.733904
3 10.420087 -10.635038 73.612168 -24.507467 34.480404 -23.763377 -20.969743 -38.637035
3 6.283473 5.481792 18.520701 -7.461617 11.288974 -7.427219 -9.790108 -16.895995
3 -6.206149 -27.158966 105.649212 -13.029958 -16.813504 -13.094406 -6.995738 -22.350490
3 -3.042311 -7.072916 14.715189 -1.397040 0.721133 -1.417454 -1.485577 -1.021025
3 -1.704013 -9.938941 85.924567 -15.321163 -12.295772 -15.650160 -16.917486 -14.097030
5 -2.442083 -11.245378 23.655524 -10.160184 28.630835 -9.479091 -9.684527 -9.275096
3 22.094419 -11.789535 36.693955 -14.278507 14.383472 -13.988149 -7.536605 -25.579048
5 3.727587 8.652814 13.632826 -14.925056 31.749273 -14.530730 -12.559194 -15.747519
3 -8.039802 -12.608164 31.697493 -1.417518 -5.232107 -1.603245 -1.666105 -1.130551
3 37.307348 2.359496 41.573226 -12.659307 -21.243614 -12.327295 -10.715456 -24.294396
8 -17.718813 36.390489 -12.774482 -8.040567 -25.430908 -8.291352 -4.174030 40.039665
1 28.429845 -14.431244 1.298168 -6.043681 6.038664 -6.096998 -15.422783 6.228031
5 5.453345 19.783265 19.703059 -18.947062 29.847172 -19.211079 -14.902881 -21.725820
1 22.410791 8.545556 16.167294 -9.597936 -9.238568 -9.313016 -0.742449 -18.231673
5 2.972938 -23.281224 22.017130 -8.962151 25.286413 -8.690781 -1.157827 -8.184498
5 3.762448 26.339342 20.238084 -18.479871 46.778296 -18.610410 -24.011159 -36.016730
5 31.397739 -54.677477 41.369948 -16.155731 49.589258 -15.451001 -19.249732 -16.823002
1 29.549900 10.859001 -1.129482 -11.263363 5.473929 -11.365647 -5.286952 -16.837385
2 -1.795152 30.408186 1.427162 -12.325718 17.702983 -12.196834 -14.614769 -8.605860
5 11.734000 -29.926484 28.547248 -14.044085 37.950346 -12.869220 -6.764403 -14.627404
3 8.647789 -40.762768 69.681354 -13.089252 11.672807 -12.755749 -11.923989 -11.470191
2 14.698967 45.875510 -31.808602 -14.541610 10.766749 -14.923230 -9.425083 -0.642700
1 68.845154 -61.757870 48.450623 -19.879526 1.879322 -20.210328 -2.863551 -14.463822
2 13.734563 14.866788 -3.492111 -6.132382 -2.989411 -5.930016 -2.473856 -7.583574
1 3.641854 2.041018 -2.928827 0.000000 -2.754045 0.000000 0.000000 0.000000
5 0.895773 -25.220494 18.006869 -6.385904 27.200215 -6.137717 -7.426645 -0.932098
3 15.177013 2.261273 22.165776 -10.305960 1.959538 -10.004707 -2.193373 -19.059562
3 11.151857 13.067139 18.978454 -11.787806 -26.636448 -11.608096 9.587107 -2.752208
5 8.238102 -12.020870 12.984840 -8.390129 14.093098 -7.904035 -2.371990 -4.629017
1 46.790688 -14.399738 23.420500 -19.779202 2.866775 -19.703032 -6.300026 -12.895964
3 -6.102802 -6.034121 78.833105 -21.153335 -10.269061 -21.148054 -11.009741 -3.115991
1 73.227197 27.496396 -58.869777 -12.931166 14.952820 -13.456235 -22.645866 -7.773368
1 15.289951 -6.584035 -14.633515 -0.016426 -6.161856 -0.080282 -1.162436 13.348599
1 53.281885 -18.439443 -18.020976 -7.473944 -9.109259 -7.178792 -2.129499 9.070029
3 16.315504 1.543396 26.388527 -10.840849 -24.151426 -10.689684 5.184648 -3.750116
3 33.721992 -25.074587 37.057742 -13.905412 12.392618 -14.046345 -27.050456 -3.095550
1 65.911624 -3.188361 23.724484 -23.373051 20.741042 -22.259198 -22.524126 -39.032414
1 66.152274 -26.162017 -23.012512 -17.395389 -0.809576 -17.197152 -3.675466 22.099841
5 -7.447484 -5.681161 -5.101309 -4.283108 38.195096 -3.394276 -7.232831 -5.054926
1 31.360901 -8.065743 -23.269374 -0.016426 -11.413332 -0.080282 -1.864343 13.348599
1 54.847370 -31.619986 -13.456954 -9.482805 -3.940587 -8.794136 6.724092 5.723005
1 29.203951 20.718303 -15.352283 -13.514969 12.046527 -14.137772 -8.110790 -10.852967
2 5.089813 34.871152 26.912616 -16.205418 -24.474874 -16.627000 -17.472397 7.906107
1 9.990896 -6.629726 7.542404 -1.406544 -5.760205 -1.383705 -1.491807 -0.861314
5 7.041893 3.609887 3.782215 -4.859357 9.723848 -4.887321 -3.820698 -10.590466
3 -28.503063 20.417270 32.810051 -11.339100 18.207994 -11.542427 -2.942695 -17.108030
5 0.780898 -21.011894 4.883456 -8.267660 37.618892 -8.143600 -18.049654 12.189562
1 42.485589 -9.112365 16.963957 -18.336763 18.276897 -18.141339 -16.181715 -15.954261
5 1.502332 -19.161021 17.805705 -7.559323 25.413993 -7.137435 -5.335581 -5.528670
1 53.110688 -34.906998 -0.073887 -8.736668 16.035978 -8.759279 -11.554324 -5.115509
3 0.696487 -3.515726 39.878728 -8.948335 -10.638607 -8.996083 -13.076922 4.600458
1 22.859304 1.121618 -11.513377 0.000000 -12.467545 0.000000 0.000000 0.000000
1 47.178422 23.842317 4.174572 -20.919940 8.069391 -21.713306 -22.249855 -18.381597
3 -18.471661 -4.713350 46.620107 -11.698907 12.340742 -11.722671 -0.357558 -11.996705
1 30.110044 29.228568 -10.969208 -9.830371 12.484612 -9.762260 -15.225901 -26.035484
5 -2.790034 -5.602797 13.566703 -5.776738 13.891701 -5.040094 0.022103 -8.270845
3 50.791938 -28.083994 80.297228 -18.774046 -50.024751 -18.607518 12.175511 -27.774368
1 69.891602 -23.299753 15.851060 -11.206184 -32.653305 -10.575538 11.464758 -19.472638
1 73.089831 29.905232 24.766907 -37.638890 45.564483 -37.273825 -34.882247 -63.531489
1 7.914693 4.961040 2.387720 -2.243991 -0.505369 -2.284804 -6.673379 -3.555909
1 15.656592 0.448092 -3.491527 -2.260417 -9.944530 -2.365085 -7.835816 9.792691
3 16.295202 4.664824 34.064771 -24.787965 17.268655 -24.154779 -4.997879 -18.352830
3 19.395104 19.683141 29.716632 -9.900622 -18.026363 -10.575163 -12.490505 -17.802223
1 31.630917 22.627172 -2.585391 -17.300729 10.464152 -16.749213 -1.098222 -26.988687
1 34.849766 -5.239106 3.482608 -18.746840 15.508622 -19.220977 -21.919233 11.285163
3 25.911457 -37.762371 58.875979 -35.175548 54.688756 -34.753016 0.049531 -31.834785
1 78.900314 -69.582772 -24.518998 -21.143553 50.296567 -20.945872 -28.300556 35.294870
5 4.614794 -29.814232 17.956961 -13.408759 45.323181 -12.659044 -7.135518 -4.877383
3 2.933413 9.244825 14.316597 -4.859357 -3.032552 -4.920746 -3.468388 -10.213792
1 12.825734 10.700359 -5.283567 -3.774420 2.640234 -3.948165 -4.147022 -9.013154
2 16.958559 21.116470 13.496182 -12.083618 1.789262 -11.970119 -3.893670 -25.413065
1 33.598948 5.182174 11.470746 -14.400636 26.246913 -14.423888 -20.084615 -27.589642
2 1.035007 36.305914 -21.507784 -7.071723 21.432065 -6.895134 -12.565118 -10.733228
1 39.360184 25.566345 5.060472 -15.285757 11.434621 -15.785037 -20.354926 -29.995901
1 64.850578 -76.863653 25.214682 -12.962286 25.637225 -13.093205 -22.432944 9.649603
1 21.882736 4.069901 -5.618180 -6.040542 13.608707 -6.111875 -7.334994 -14.455753
1 50.827135 -19.170300 12.069302 -20.508564 15.131974 -20.475055 -25.835274 7.960783
5 6.064314 40.611838 -16.154186 -18.622213 60.223334 -18.655334 -38.506330 -14.961423
5 18.188972 -24.280387 12.884637 -13.363567 46.254252 -12.568860 -14.342024 -12.773022
3 42.814924 -46.519693 61.002420 -18.854035 25.039574 -18.535858 -19.075057 -25.872276
1 38.522492 0.799506 26.918430 -7.775479 -19.647553 -8.039281 -14.039987 -16.738127
3 -1.566573 -0.214167 45.166922 -6.127773 -12.251289 -6.122145 -5.393460 -13.491516
1 27.259856 22.138760 7.187513 -10.445550 -34.117946 -10.708599 -12.853856 11.539823
3 3.773202 -4.411188 21.893507 -4.513782 -5.647660 -4.751409 0.747420 -7.090090
3 -8.700856 14.920218 36.890901 -11.247769 -14.077709 -11.312036 -8.412156 1.939408
1 34.695618 -36.065500 -9.561785 -8.545178 19.826401 -8.748888 -0.805927 9.205259
1 6.498688 -4.921492 6.325385 -0.485618 -4.767251 -0.670304 -0.502777 -1.476631
5 0.152383 9.379633 -0.927240 -8.288854 9.780325 -8.584182 -0.577341 -0.934722
3 -5.247494 -1.009355 66.920117 -11.393792 -6.271525 -12.002254 -9.943491 -21.052207
3 -10.206702 1.449639 19.738396 -4.551513 9.916841 -4.482165 -6.753247 -5.111249
3 -5.609384 21.366771 21.784066 -6.797786 -4.627854 -6.921636 -6.693844 -12.500333
1 26.444188 -12.080221 -23.626293 -2.027342 -1.413175 -2.061406 -3.404514 18.168764
1 57.272342 28.083659 9.459460 -18.560186 -11.019213 -18.968780 -7.232862 -39.034421
2 25.492658 45.396388 -8.713131 -9.624847 -10.939009 -9.740508 -13.248921 -18.622630
3 14.381510 -41.144018 45.534738 -15.137217 33.451234 -14.750421 -17.305703 -5.030122
1 46.697631 -8.319026 4.452938 -5.134781 -6.062963 -5.602227 -11.042138 -14.989433
5 21.955449 4.408573 -49.404073 -4.789483 26.673757 -4.438939 -8.831125 14.425842
3 -10.417575 14.288168 21.014863 -12.434318 17.042601 -12.572345 -4.087081 -12.834313
2 16.859376 34.089291 -2.510304 -9.589030 4.971015 -9.829228 -13.292989 -20.698129
8 7.629632 -3.955219 5.510423 -4.097485 -0.328209 -4.315868 -9.119007 8.675735
3 19.480171 -6.957598 44.447526 -19.771797 32.331292 -19.443810 -14.945834 -35.139950
2 -6.608868 63.793558 -34.708197 -14.444266 43.707272 -13.825440 -11.907227 -26.006832
3 7.880392 -26.114956 64.127728 -18.644397 26.750712 -18.514908 -9.688243 -25.796328
3 -30.361493 47.415709 79.661063 -16.642433 -4.457021 -16.818529 -24.803699 -33.993599
3 -21.169106 0.837422 54.011292 -9.464282 6.705391 -9.003375 -3.496252 -18.421091
3 -2.893579 0.000000 8.662172 0.000000 -5.170410 0.000000 -0.598183 0.000000
3 -25.317969 8.789426 21.248234 -6.060844 9.059618 -6.250861 2.879169 -4.346773
5 52.784443 -43.105938 39.622116 -24.631935 54.251046 -24.968362 -29.420617 -24.530752
3 15.605066 14.759747 50.281547 -23.439869 15.831251 -23.498171 -21.319075 -28.220495
3 -0.777739 -16.268079 41.745213 -4.599927 -22.501636 -4.764836 -2.822364 9.989369
5 2.807774 -20.630963 26.250462 -10.276835 31.115916 -9.558518 -5.279300 -14.428536
2 26.925725 28.872241 -6.892749 -4.702825 -36.459370 -5.043039 10.751556 -13.451538
1 32.664821 19.195668 22.946899 -15.739129 -1.384352 -15.362384 -19.845658 -22.475866
1 24.672292 -11.562232 -2.447533 -3.879498 11.894453 -3.663520 -9.123750 -5.890210
8 -7.577536 2.969811 5.293478 -1.759440 -10.797715 -1.777885 0.709213 12.940075
1 55.993468 -28.319090 39.586659 -4.741656 -45.099798 -5.002307 -7.891172 -4.526100
3 44.893118 -14.427025 67.256800 -17.664762 -5.111063 -17.544296 -27.697538 -29.705233
3 7.141276 -30.801097 47.166534 -13.495674 24.387069 -13.771779 -5.894070 -14.732259
1 45.209030 16.331080 -4.984443 -9.066498 -8.443648 -9.351308 -8.303005 -21.391206
5 7.702900 -17.743552 19.667727 -12.888834 26.801483 -12.702360 -4.275417 -6.561947
3 6.949470 1.005697 37.621938 -10.348306 -2.280714 -9.979109 -2.819302 -20.149673
1 45.952371 -0.002824 11.053408 -17.630956 20.788999 -17.345091 -23.997603 -18.818304
3 32.220056 -12.762667 68.483072 -23.644748 16.112486 -23.464514 -26.988354 -29.955330
3 -4.085084 1.910008 19.845535 -9.371262 0.354529 -9.702533 0.077911 0.970894
5 6.271115 -11.428770 8.748349 -9.109126 39.221522 -8.622728 -19.207403 -5.872959
1 28.767019 -23.727621 10.776733 -9.199957 16.916916 -8.634651 -8.191433 -6.707006
1 13.773590 -14.316813 11.661297 -4.500097 9.359543 -4.518425 -5.301403 -6.157691
3 -4.068148 -7.385719 41.111357 -8.869480 10.286358 -8.786051 -8.481756 -13.806561
3 -11.774529 5.345331 38.045424 -13.715436 9.199175 -13.274461 -6.200805 -7.624697
2 -0.556984 10.303949 8.822700 -4.003431 -13.923543 -4.062689 -5.964167 9.384166
3 -0.591141 18.067647 25.113109 -10.807600 -15.036404 -10.721181 -3.703355 -2.321077
3 10.204176 -15.526022 13.448522 -4.500097 12.350941 -4.518425 -5.301403 -6.157691
3 14.002025 -31.004106 34.420640 -9.763258 16.106542 -10.009335 -1.335298 -12.417211
3 6.745893 -3.305938 26.618317 -7.001987 4.612389 -7.122018 -8.199503 -12.347152
1 36.597306 -8.702051 -0.058802 -2.677781 -30.759720 -2.964012 -0.481159 9.046219
2 13.903850 18.003648 -12.181180 -10.785360 8.996767 -11.182663 -0.934633 -5.820427
1 49.803855 5.838720 -1.022099 -6.708461 -31.345401 -6.947228 -7.914664 -1.704722
3 -0.298425 0.519436 9.660454 -0.569896 -7.489768 -0.509384 -0.584100 -0.728316
3 -0.450686 -0.000000 11.697297 -1.071584 -6.469307 -1.176973 -2.138677 -0.390071
1 0.000000 0.000000 0.000000 0.000000 0.000000 0.000000 0.000000 0.000000
2 -4.825845 7.045452 0.000000 0.000000 -2.219607 0.000000 0.000000 0.000000
3 7.899554 -13.556179 9.506985 -6.829434 8.906992 -6.805694 -5.176291 6.054068
1 26.669764 4.541342 9.598707 -5.920118 -14.912247 -6.122916 1.236466 -15.090996
3 30.714629 -3.627844 43.036839 -17.313209 -21.431899 -17.348328 -2.662746 -11.367443
1 96.601707 45.304237 5.474222 -25.410322 -22.952638 -26.472351 -18.904694 -53.640157
2 8.773768 16.093639 -12.552001 -2.485682 3.159993 -2.657103 -3.151222 -7.181392
2 34.389570 65.901481 -17.579837 -20.648036 21.487343 -20.898897 -26.799967 -35.851656
3 7.550426 -21.268524 46.901355 -10.735991 11.289591 -10.961326 -4.013300 -18.762230
2 31.828213 54.340117 -16.300390 -13.610496 6.290852 -13.294685 -21.332584 -27.921026
3 -4.748007 4.252040 27.636620 -9.346596 11.251245 -9.341686 -9.343647 -10.359969
1 35.407637 -10.046275 -32.651092 -5.322852 21.527504 -5.449125 -12.375179 8.909383
5 14.797765 4.227921 -12.696296 -15.413368 44.274456 -15.719049 0.672865 -20.144294
3 -15.573613 51.381953 77.781564 -24.938989 -15.944087 -25.364493 -16.380934 -30.961400
3 30.627963 -23.680158 35.377120 -12.409711 4.455286 -12.668490 -5.309773 -16.392238
1 35.431328 -16.310749 -3.133577 -10.300941 14.220550 -9.983192 -1.095299 -8.828119
1 34.981224 -13.891044 -24.057352 -6.498435 34.924256 -6.534775 -12.285419 -6.638454
1 58.766676 -44.203132 -24.557981 -6.959534 6.386267 -6.901323 0.394044 17.074983
3 -8.397407 -10.419905 27.482853 -4.547353 -12.207707 -4.691674 1.962179 10.819016
1 28.971233 26.341818 7.793342 -14.694309 12.158661 -14.952339 -18.329229 -27.289177
3 -10.920587 3.891495 65.424360 -18.792037 18.057629 -18.989199 -29.474779 -9.196882
3 -3.250282 20.619887 53.548421 -13.827901 -13.673826 -13.778748 -18.865370 -10.772180
5 17.015561 27.614272 -40.550581 -13.749252 51.740770 -12.771542 -23.778152 -5.521075
3 1.109080 -5.599452 11.445612 -12.759830 1.832708 -12.468361 6.710254 9.729988
1 49.285986 -25.599138 -43.650032 -5.025913 -8.941799 -4.449635 21.703666 16.676863
5 14.761689 -12.831032 16.626059 -8.112823 19.810761 -8.148309 -12.217504 -9.888841
2 4.828099 18.627110 -0.884544 -7.456445 2.993280 -7.764703 -12.844950 2.502153
3 -7.641621 1.471626 33.997266 -9.104270 12.500490 -8.412647 -3.184944 -19.625901
1 29.335226 0.016474 -20.232508 -4.644738 5.761518 -4.972082 -9.044773 3.780883
3 14.345591 -26.647285 24.741764 -8.267347 16.799468 -7.829126 -6.786506 -6.356559
3 -1.893259 -11.721728 12.742075 -3.554860 8.958308 -3.454771 -4.183772 3.108008
1 32.005143 8.107476 9.104742 -7.833387 -3.271488 -7.997331 -18.947079 -11.168075
1 13.087048 -4.619482 -4.942164 -0.485618 -0.390071 -0.670304 -0.502777 -1.476631
1 15.067351 -21.938750 10.099146 -2.392483 -4.023537 -2.488728 -4.437294 10.114296
1 34.428198 13.713391 -19.296541 -14.900088 27.803817 -15.035007 -2.985287 -23.728484
3 8.788887 8.651203 53.138686 -17.226543 13.508296 -17.349687 -24.335094 -25.175747
1 18.542054 -9.679113 -21.921809 -2.027342 2.383367 -2.061406 -3.404514 18.168764
3 7.784144 -0.598461 23.460203 -7.109730 -2.432027 -6.942407 -1.187111 -12.974611
2 6.268167 72.140872 -12.648916 -8.803468 -25.114170 -8.925320 -9.445707 -13.471459
1 56.835939 -60.538853 -23.517000 -17.250615 46.050976 -16.706713 21.004953 -5.878687
5 11.882573 5.399580 12.352192 -12.539458 27.569272 -12.486382 -14.998297 -17.179480
1 54.671384 -13.149190 14.966462 -24.256079 14.813137 -24.305478 -10.722285 -12.017951
5 46.344948 -9.648694 -18.575367 -13.706450 47.862656 -13.611003 -20.060584 -18.605507
1 0.000000 0.000000 0.000000 0.000000 0.000000 0.000000 0.000000 0.000000
5 5.995367 31.271696 -27.751637 -10.799281 47.462820 -10.609204 -15.759526 -19.810235
3 -16.496575 -42.732567 94.195315 -18.640121 10.728845 -18.509059 -19.802247 11.256411
3 -25.732620 23.557842 43.099888 -15.584138 17.810117 -15.753267 -4.447342 -22.950480
1 57.680290 -26.316898 28.316132 -24.590096 47.038898 -23.671623 -17.801383 -40.655320
3 10.359822 -7.373220 65.875031 -15.161746 -15.723972 -15.383128 -19.688631 -2.904154
8 -12.594794 -0.831690 12.088190 -6.518614 11.529477 -6.490515 -10.577764 13.395710
1 38.020052 -11.013471 -11.462238 -1.490195 -7.953435 -1.702762 -1.777102 -2.620849
5 -7.617686 21.289232 18.342944 -15.256060 29.645453 -15.006042 -7.589128 -23.808712
3 8.174976 -17.174763 16.557771 -3.296396 6.204354 -3.298894 -4.521957 -2.645090
5 10.799152 -13.253447 -11.684622 -4.774535 38.669409 -3.625295 -7.803775 -8.326890
3 -9.506194 44.024572 94.410780 -43.257646 46.404052 -42.820581 -23.352075 -65.902910
3 -5.665859 9.371636 21.295637 -4.606843 2.594580 -4.573644 -9.784475 -8.631032
2 38.469865 87.867305 6.128473 -31.220589 -1.475526 -30.458121 -32.334104 -36.977303
3 -9.745316 -15.366026 59.300282 -16.207264 31.309681 -16.009622 -25.397041 -7.884695
5 15.233027 -20.089916 25.857413 -15.021613 39.870193 -14.482545 -17.243496 -14.123063
5 -12.362262 1.946924 26.370251 -10.901938 27.315432 -10.985177 -3.316360 -18.066871
5 -19.357157 0.425563 14.344894 -11.252848 17.931541 -11.616976 5.097879 4.427106
5 10.463663 8.266286 -11.760361 -11.243197 34.611941 -11.098019 -7.667093 -11.573220
1 27.602937 -3.473445 0.402825 -9.688869 24.884269 -9.213444 -18.535675 -11.978597
2 23.437904 26.978225 -19.766650 -11.352637 4.721924 -11.720476 -16.767694 4.469403
3 2.837779 8.151320 42.407343 -14.049891 4.888737 -13.917798 -10.464201 -19.853289
1 23.975084 -11.297128 -3.099049 -4.988046 5.312678 -5.135517 -4.609861 -0.158161
1 30.679451 20.956331 28.513601 -14.642404 -7.089701 -14.930772 -22.707706 -20.778799
1 12.302800 2.717478 1.711051 -4.824803 1.832406 -4.775313 -9.499557 0.535939
5 -2.637347 -30.398423 6.054746 -16.247010 75.649976 -15.836307 -6.467058 -10.118578
3 -6.356538 -7.845641 22.380003 -6.678494 -20.540522 -6.360289 21.921937 3.479546
5 3.469674 5.119323 7.799546 -5.098766 10.533715 -5.138379 -6.679012 -10.006100
1 44.682796 20.759952 -5.600546 -9.904184 -3.482447 -10.348453 -13.169417 -22.937700
2 1.170139 39.797080 -31.585261 -8.993693 19.311060 -9.129385 -10.083328 -0.486612
3 -11.161540 35.871087 40.138742 -14.525970 -11.598707 -14.719655 -17.556093 -6.447865
3 23.601043 -33.308548 34.409084 -11.985049 14.974153 -11.206847 0.143938 -16.627774
1 38.482386 -5.142887 -15.575990 -5.146782 1.601466 -5.642387 -9.921215 1.345411
1 78.413934 -44.165977 59.495338 -29.827753 23.787920 -30.058219 -30.410145 -27.235097
1 13.087048 -4.619482 -4.942164 -0.485618 -0.390071 -0.670304 -0.502777 -1.476631
1 7.009207 -5.688217 1.794671 -1.640634 4.056377 -1.497216 -2.855852 -1.178336
2 9.914585 12.674445 -17.799006 -2.485682 11.667324 -2.657103 -3.503531 -7.811031
5 11.160455 -14.986142 5.088387 -4.500097 19.214917 -4.518425 -5.301403 -6.157691
5 8.601463 -33.477835 19.302295 -12.297665 52.385582 -11.854293 -10.636984 -12.022563
5 21.633084 -38.844572 -7.349075 -8.326734 53.214811 -7.696779 -15.355617 2.724880
1 56.633914 -33.657171 9.841677 -12.905556 2.608060 -12.915635 -8.690956 -0.914332
5 9.565144 0.423860 17.689717 -17.408990 49.326190 -16.832309 -16.183026 -26.580587
1 50.220958 -23.793840 10.017584 -18.181574 36.417678 -18.152532 -25.580723 -10.947549
3 -2.053374 -1.081605 18.491574 -0.494751 -13.398278 -0.501335 -0.120187 -0.842044
5 -2.834847 1.190369 27.435788 -15.027340 35.482740 -15.248507 -8.595758 -22.402445
1 65.937680 -45.379483 7.119931 -11.524954 22.127724 -11.438401 -17.953180 -8.889316
5 32.679935 -12.065189 49.292654 -34.663446 79.031514 -32.994872 -26.986367 -54.294231
3 6.949738 -30.309181 99.072244 -14.869382 -3.929691 -14.577213 -13.093286 -29.243228
1 0.000000 0.000000 0.000000 0.000000 0.000000 0.000000 0.000000 0.000000
5 12.984359 -20.976520 9.776963 -7.451546 14.210707 -7.462241 -5.664867 4.583146
5 13.441757 -23.669334 16.660623 -8.518307 24.193491 -7.818968 -6.984377 -7.304885
1 19.495961 -9.835764 -17.446396 -4.030007 9.088665 -3.699846 -7.852343 14.279731
3 3.472615 -7.500600 16.026597 -1.214725 -7.237681 -1.174412 -2.338369 -0.033425
3 7.793003 9.747944 46.181384 -8.552213 -24.856382 -8.522530 -12.720285 -9.070920
3 9.601050 2.578105 39.911853 -19.132940 25.863077 -19.392619 -11.141396 -28.287131
5 23.495320 -4.633290 -22.658407 -17.670073 89.441384 -15.670761 -31.025487 -21.278685
5 -2.770198 6.371947 -19.910626 -2.477159 30.630480 -2.408023 -5.782066 -3.654356
3 -6.338799 4.219191 35.818504 -10.296455 7.340524 -10.038456 -1.485237 -19.219273
5 1.580401 4.557462 6.308147 -12.532190 37.149000 -12.139861 -16.616684 -8.306275
3 14.955556 8.885670 55.563384 -16.630923 -16.259767 -16.744355 -3.958741 -25.810825
1 47.606443 -4.862024 35.731283 -17.869545 -38.783409 -18.479118 -17.122205 13.778578
1 53.784029 -0.628376 -10.563871 -8.863899 -12.096388 -8.709006 -13.736882 0.814393
1 22.577916 -2.287383 -21.293328 -8.189596 16.957144 -8.638247 -0.677599 1.551092
3 -7.821564 -0.306749 40.638252 -9.891223 7.922626 -9.838254 -7.369308 -13.333781
3 5.426193 -15.410903 24.738488 -3.321107 1.484476 -3.172967 -4.276809 -5.467369
5 12.805998 -2.168562 21.423292 -15.006748 29.881888 -15.265412 -5.060259 -26.610198
3 11.882893 10.270493 45.742843 -14.531505 5.907177 -14.321140 -18.002058 -26.948703
2 -6.393362 33.415013 9.663809 -7.963116 -8.169512 -7.607842 -2.250175 -10.694816
3 2.403889 -3.868168 7.542404 -0.698520 -3.911377 -0.692014 -0.742788 -0.033425
5 30.053151 54.730003 -7.488547 -26.679984 63.162246 -26.206360 -41.156724 -46.413784
1 35.428806 14.965512 28.851600 -15.665872 5.398809 -15.628322 -22.803384 -30.547148
3 5.667863 -21.620857 50.898714 -12.710901 16.075400 -12.170131 -13.272685 -12.867404
1 33.125092 -8.557495 -20.079628 -2.460064 -13.211267 -2.543803 -4.092109 17.819275
1 32.147252 -24.073771 -3.688665 -3.447793 1.129764 -3.606040 -7.591258 9.130514
1 28.442538 22.433223 -9.333132 -13.002655 5.167045 -12.798462 -8.184322 -12.724238
1 16.287205 12.271765 -26.700417 -3.965771 -3.082739 -4.062296 -6.629970 15.882223
3 34.266496 -7.797979 40.329469 -19.514969 32.194941 -18.619757 -32.080069 -28.778131
5 17.653117 -27.485878 7.480234 -17.048147 31.109762 -16.918016 3.962757 1.246174
5 15.090677 5.340163 5.420031 -24.314332 81.985323 -24.135215 -21.435895 -37.950752
1 17.680680 -6.982676 15.190519 -6.744088 9.347176 -6.803228 -11.974782 -9.713600
3 0.764855 4.381044 17.458063 -4.714526 -1.271316 -4.729771 -7.138750 -4.749599
1 78.149198 -45.329218 39.490610 -12.148103 -25.729442 -12.005473 -14.287129 -8.140443
3 -36.879787 15.960328 51.816394 -17.175239 20.515749 -17.300572 -13.541736 -3.395137
1 17.102804 7.922363 8.211083 -4.859357 -8.756747 -4.887321 -4.771998 -9.960828
1 17.048436 -11.840628 8.059746 -2.073356 -2.042153 -2.013038 -3.543447 -3.595561
3 6.725340 6.179024 33.979771 -16.537066 12.069136 -15.736644 -10.074149 -16.605413
3 22.981540 -37.451339 38.981355 -13.738773 22.145035 -13.462544 1.760593 -21.215866
3 12.640124 -31.970518 44.224763 -11.407930 19.576855 -11.153701 -6.995766 -14.913826
3 27.599136 -18.142890 59.847932 -21.667802 26.195154 -21.592016 -16.001094 -36.238420
3 -23.946353 -2.469480 31.456707 -4.495479 1.897676 -4.734930 4.708736 -2.416877
1 28.619781 -5.444823 26.044961 -8.692153 -24.930586 -8.678244 -6.302623 -0.616314
3 -10.858617 -11.099583 19.217707 -6.383440 5.489344 -6.240286 -5.060656 14.935531
3 6.196054 -11.347003 16.954775 -6.259538 -1.438172 -6.296310 -4.592190 6.782384
1 37.005102 -34.216706 13.178851 -11.654212 18.227409 -10.705006 -8.308015 -3.527422
2 -5.002347 12.423956 -0.145298 -1.938430 2.175005 -2.000889 -3.225456 -2.286541
2 14.184736 52.483072 18.108134 -29.354066 12.294127 -28.844946 -18.300182 -20.570875
3 -8.003994 0.791534 20.044438 -12.001304 14.733868 -11.710703 -10.821964 6.968125
3 5.688551 6.432896 19.881998 -6.265900 -3.684181 -6.271026 -4.960195 -10.822142
1 45.678233 -44.533247 42.125242 -16.461729 9.509704 -16.513845 -21.825354 2.020995
1 26.725876 12.438339 5.621771 -11.845136 14.342924 -12.062849 -11.921013 -23.299911
3 -10.831602 -7.416320 23.947831 -4.122414 2.221863 -4.330254 4.717670 -4.186776
1 34.637073 3.795633 -11.524126 -9.650742 22.693107 -9.826393 -15.943864 -14.180686
2 -5.002347 12.423956 -0.145298 -1.938430 2.175005 -2.000889 -3.225456 -2.286541
3 9.001910 -3.506266 22.310734 -8.781580 2.279189 -8.938459 -10.809016 -1.556512
5 6.870080 -2.866628 22.075701 -11.868904 22.437851 -11.655036 -12.474088 -12.518976
1 19.418754 11.474157 -5.901370 -4.042885 -1.603507 -4.504380 -5.792675 -9.048094
8 -3.425174 -8.751505 -1.158043 -3.440320 3.406513 -3.638239 5.684977 11.321793
2 10.434056 13.845424 6.184146 -9.364109 12.991979 -9.190627 -11.289095 -13.611774
1 21.202218 -9.663107 4.663203 -6.379213 -4.310866 -5.922911 9.859857 -9.449181
1 84.087392 40.296973 -10.611057 -28.354041 28.948690 -28.684381 -29.311413 -56.372160
2 39.377658 52.505620 -16.744002 -14.124436 -4.213449 -14.181343 -15.779497 -26.840551
1 56.837580 14.447512 42.559522 -35.469623 31.950395 -35.766087 -16.929565 -57.629732
3 1.388483 5.058717 20.079178 -10.636095 15.715090 -9.927415 -3.446285 -18.231673
1 36.046618 -2.503514 22.474090 -10.211132 -11.059135 -9.985547 -2.922797 -21.838582
1 40.975750 -6.775397 -20.896478 -7.146751 9.116401 -7.309623 -17.064370 9.100469
5 22.775889 -9.915903 -14.481585 -9.215947 37.178495 -8.955858 -12.229138 -5.155952
3 13.626039 -45.118663 39.706159 -11.550895 32.840902 -11.483174 -21.657432 3.637064
3 17.193393 -13.988515 34.291391 -12.745825 23.017292 -12.432483 -21.077527 -14.257726
3 -7.886573 -2.169142 36.578864 -12.590385 16.271067 -12.792164 -12.531212 -4.880455
3 -10.691320 10.758525 24.338870 -13.032351 16.753862 -12.948920 -13.449510 -1.729157
1 0.000000 0.000000 0.000000 0.000000 0.000000 0.000000 0.000000 0.000000
2 23.180039 31.695070 11.601328 -11.951882 -0.229150 -12.118068 -16.404085 -25.773252
3 -3.103522 0.000000 10.665824 -0.432722 -5.610100 -0.482397 -0.687595 -0.349488
5 13.245484 -16.636327 23.481266 -17.479833 40.604333 -16.388215 -12.970453 -13.856254
1 23.755927 -24.130604 -7.142813 -4.837849 18.451233 -4.426593 -11.453240 9.783940
3 0.684705 -0.438070 20.936976 -11.242797 4.741133 -11.127607 -8.529044 4.974703
8 -4.296561 -1.899632 7.491575 -5.159515 -14.347268 -5.052986 -1.437427 24.701814
1 36.625678 -31.599317 -11.553689 -9.200786 21.329969 -8.901722 -12.071485 15.371351
3 -11.421562 -12.245695 50.196066 -3.780369 -6.058707 -3.892085 -4.777201 -8.020447
5 5.244874 2.042031 32.720378 -19.328249 49.561640 -19.585363 -16.138848 -34.516461
1 21.212098 -14.801829 -9.496400 -2.820744 13.937961 -2.711740 -8.061521 2.742176
7 2.831530 -20.484053 0.958503 -3.873042 1.811354 -4.154061 14.634841 8.274929
3 8.199233 -17.691061 19.212429 -1.433943 -15.992636 -1.683527 -2.828542 12.218048
