5 6.194568 -12.946513 -7.440870 -13.405475 65.201859 -13.852073 -4.150826 -19.600670
2 8.197307 16.478771 13.050006 -12.125079 9.307091 -11.595231 -16.832706 -6.480158
1 76.883042 -43.718590 2.909593 -26.538956 68.342023 -26.025470 -9.440718 -42.410923
5 11.125213 -7.827180 0.203140 -4.879146 13.975862 -4.870399 2.642816 -10.370305
3 11.492035 -6.655390 61.320287 -15.967244 -0.178290 -15.740805 -0.764005 -33.506590
1 69.451670 -31.433414 10.940186 -29.907929 54.572659 -29.149647 -6.267432 -38.206089
5 19.552098 -13.149660 8.656321 -16.767652 31.096691 -15.990847 -10.891804 -2.505148
5 -31.484286 19.460837 4.954710 -12.384786 40.827492 -12.096311 -2.285671 -6.991983
5 3.149154 -17.477474 11.528136 -7.652623 27.240119 -7.920222 -7.735581 -1.131507
1 40.607382 -27.550155 20.970199 -20.388113 7.255731 -20.098271 7.300277 -8.097049
1 31.605622 -21.699364 3.567417 -11.875269 3.035637 -11.284448 3.285332 3.365073
1 54.990415 -25.880907 38.622566 -37.313436 13.191128 -35.562933 -18.903301 10.856465
5 38.205877 -36.270520 -5.536586 -23.650504 88.015635 -23.480444 1.809559 -39.093016
3 -0.906027 1.434037 44.051389 -23.528547 43.840817 -22.864405 -28.975416 -13.051847
5 4.336312 -23.753016 21.965854 -13.196731 48.241024 -13.109587 2.510083 -26.993938
5 -3.811501 5.067236 -20.201037 -13.274896 79.253389 -13.640629 -18.275901 -15.116663
5 40.719504 -31.757233 19.206626 -22.771704 54.858629 -22.342297 2.588429 -40.501954
5 11.744306 -22.119640 13.853996 -16.067989 25.351794 -15.547989 7.644633 -4.859109
5 -18.993905 -35.441781 22.327282 -16.621893 86.755858 -16.850762 -10.008394 -11.166403
5 -2.045989 -1.482908 -28.545766 -10.945409 66.000797 -11.380116 2.828024 -14.428635
5 17.108239 -6.156170 22.954543 -14.635071 26.602317 -14.420088 -8.525443 -22.928327
1 46.744517 -21.993248 10.967287 -12.760735 14.533223 -12.691319 2.091227 -26.890952
5 28.687348 -21.742944 -9.361727 -13.959470 58.624073 -14.011064 -5.269033 -22.967182
3 1.356662 2.352773 7.857533 -3.067117 -7.428020 -2.844100 -3.769452 5.541720
5 -4.091905 0.000000 -0.356457 0.000000 6.805195 0.000000 -1.107101 -1.249733
5 26.244882 -24.385023 -9.057239 -21.142359 78.528715 -20.335695 -6.426107 -23.427173
5 23.524588 -37.015420 -4.502037 -24.311611 90.161292 -24.552046 -5.321678 -17.983086
1 0.000000 0.000000 0.000000 0.000000 0.000000 0.000000 0.000000 0.000000
1 16.312034 -7.612277 -6.127840 -4.557552 3.481699 -4.347006 -1.694537 4.545481
3 -7.503782 -4.785713 7.464152 -1.109832 5.864756 -1.039633 3.017708 -1.907656
5 -1.494663 -7.231933 -2.085863 -3.349203 11.820905 -3.713961 -3.630486 9.685205
5 -6.611942 -7.699249 -18.044879 -5.406317 38.185604 -6.087044 -3.957963 9.621789
1 8.974128 -3.194329 0.266532 -0.725813 -4.682620 -1.032281 0.602917 -0.208534
5 8.619328 -10.191457 -3.605109 -2.051825 18.736264 -1.986865 -4.603910 -4.916427
5 27.453769 11.560445 35.990302 -36.996325 69.641582 -37.294404 -21.292037 -49.063335
5 23.685838 -15.005492 5.017601 -23.433029 76.235602 -23.468011 -4.699820 -38.332690
5 2.211926 22.279895 21.361471 -17.690288 44.734939 -18.126358 -22.143478 -32.628109
5 7.856451 -10.896183 -3.072413 -1.178479 7.885218 -1.127527 6.275826 -5.742892
1 27.139518 -15.428211 -0.107721 -12.091605 10.212880 -12.109397 17.272180 -14.887643
1 44.752785 -6.701678 3.505671 -10.660373 1.090120 -10.094777 -10.007298 -11.884446
1 33.292596 -16.589867 -1.039295 -8.172558 -0.706862 -8.273145 -11.490394 12.979524
1 37.247231 -26.974466 4.952270 -12.440358 3.575804 -11.980058 6.804852 -1.185275
5 -12.665699 0.000000 -10.552242 -1.650955 28.063428 -2.009990 0.527766 -1.712309
1 59.581874 -27.113751 -11.450337 -14.016457 -3.160102 -12.919894 5.857399 3.221266
5 17.707523 -11.835616 -10.641368 -12.241683 56.373119 -12.070621 -11.114614 -16.176740
5 20.048455 -21.105217 -9.232851 -15.637285 64.283925 -14.792879 -11.224872 -12.339276
1 19.351856 -8.468541 6.834255 -9.607946 4.255620 -8.917681 -1.850264 -1.597301
1 71.834336 -23.417157 -8.190014 -18.420390 4.803744 -17.230389 5.444999 -14.825127
3 6.680650 -5.531344 30.199212 -15.331247 -0.425300 -14.722967 -12.678623 11.809621
5 -19.801051 -7.108968 2.087013 -4.834101 44.171409 -5.095742 -6.965863 -2.452695
1 70.902103 -30.064644 41.992718 -30.681539 22.055510 -29.740890 -30.537352 -13.925907
1 41.864737 2.931551 -18.344555 -16.824661 14.424837 -16.519096 0.990652 -8.523466
1 25.605575 -14.921169 8.425393 -7.016183 7.390833 -6.787335 3.838133 -16.535247
5 11.213061 3.891005 -4.920196 -5.473578 14.945065 -5.203905 -8.047784 -6.403669
5 12.134627 -3.545446 -3.263589 -11.085201 36.566229 -11.251505 -0.605666 -18.949450
1 24.956830 -4.437955 9.240008 -15.133640 8.537784 -15.126245 7.898569 -15.935351
1 42.292349 -11.108553 -7.366371 -15.374542 26.462414 -15.145368 -1.565636 -18.194294
1 55.600960 -27.692221 -16.396212 -5.918543 5.208433 -6.094127 1.230733 -5.939023
5 44.677040 -24.621858 -8.873984 -16.065727 45.419443 -15.936428 -1.954023 -22.644463
5 15.446909 -12.871443 -10.872203 -8.084022 37.239321 -8.163315 1.126665 -13.821911
3 5.208977 -0.611028 18.282228 -3.067117 -12.879848 -2.844100 -5.377102 1.287987
5 -1.337278 -27.615480 -10.338901 -17.115402 101.046450 -17.648539 -0.746894 -26.243953
1 82.494139 -27.491814 -32.341506 -15.517712 17.562699 -15.685822 4.774019 -13.794005
5 -12.495883 6.015804 2.152725 -10.825460 44.359389 -11.198620 -16.046171 -1.961785
5 29.297991 29.803705 -22.005909 -22.341305 47.338073 -21.675180 -15.631077 -24.786300
3 9.344874 -12.182911 20.310997 -13.503395 -3.446786 -13.178375 -1.815031 14.470627
1 78.235755 -33.319227 1.816746 -27.955244 53.942832 -27.857155 -10.640389 -34.223319
1 30.237645 -8.338373 -2.036397 -9.631502 -21.668998 -9.564461 18.349259 2.652826
3 1.277923 1.160637 9.283753 -3.980356 -7.460024 -3.836303 -3.037607 6.591976
5 43.928363 37.392412 -73.181789 -21.795614 46.587441 -20.750074 8.288551 -20.469291
5 -1.095580 -11.006395 34.128738 -30.063543 63.019063 -29.375383 -5.155464 -20.451436
3 15.299679 -5.617078 18.357890 -18.702097 10.989249 -18.028898 -0.526197 -1.772548
5 -11.447154 -0.160756 7.782253 -6.601782 34.064686 -6.504839 -3.705670 -13.426737
5 6.508259 -16.290099 0.910931 -8.723849 35.723290 -8.641960 6.653120 -16.139691
3 -17.032502 5.901785 49.153629 -8.932550 13.644035 -9.420559 -6.051993 -27.261845
7 6.465247 13.227799 2.577755 -15.391874 -3.692708 -14.870116 20.608454 -8.924559
3 5.586499 8.435155 17.143627 -8.536706 9.593430 -8.630883 -1.385894 -22.205227
1 62.847405 -35.641510 -6.426034 -16.431356 54.780781 -16.739809 -1.344700 -41.044773
5 -15.564556 -18.479710 9.807697 -21.254748 90.079695 -20.478495 -14.311371 -9.798512
5 2.959640 21.783757 -11.707813 -11.850393 55.607926 -12.157290 -21.538479 -23.097351
1 98.384259 -19.270597 10.326546 -26.955311 29.766214 -26.673188 -14.644466 -50.933457
1 58.852941 -27.726274 8.611778 -18.243806 13.072094 -17.794390 8.771545 -25.543887
1 65.861285 -20.952253 -20.346576 -25.268997 47.645501 -24.974704 -5.113071 -16.851186
8 5.030035 4.634665 0.409591 -7.013127 1.946901 -7.140147 -8.513222 10.645303
8 -4.797644 -4.879160 -9.164495 -6.565248 -3.650872 -6.558061 -8.186812 43.802290
1 53.781547 25.588129 30.821084 -20.456366 -19.965278 -20.099312 -19.919834 -29.749970
1 63.810923 36.305981 13.078837 -18.642905 -22.707631 -18.063672 -26.027642 -27.753892
1 67.925022 -29.366033 20.731905 -14.377222 17.454715 -13.989584 -17.386264 -30.992535
1 94.454761 -46.089179 2.709482 -30.781819 38.758918 -30.257010 9.047193 -37.842345
1 0.000000 0.000000 0.000000 0.000000 0.000000 0.000000 0.000000 0.000000
1 72.532815 -47.652383 -29.914163 -12.584376 70.190446 -11.802694 -11.537259 -29.232386
1 16.184760 2.674974 -0.132378 -5.031228 -6.541701 -4.733555 2.426197 -4.847069
2 -1.931655 23.876254 -9.692737 -7.062048 1.732242 -6.873669 -0.348219 0.299832
1 118.021201 -36.362936 14.067299 -38.874107 70.737304 -37.540102 -29.628785 -60.419874
1 136.779948 -34.421904 -23.783908 -30.155848 29.405440 -29.713065 -7.267366 -40.843296
5 0.288440 8.660915 -3.869111 -11.206985 32.340820 -11.145998 1.964231 -17.032309
8 4.324397 -6.538612 -1.224121 -7.735717 5.125946 -7.913357 -2.284010 16.245473
1 14.986266 -1.041751 -7.796961 -1.927562 -0.233068 -2.058110 -1.507509 -0.421305
8 25.671532 -13.186811 -34.229677 -11.660649 -20.383301 -11.103032 -5.434204 70.326142
1 68.228900 -2.224068 36.393869 -29.843106 6.622231 -28.890253 -30.056372 -20.231203
1 38.829295 -21.861217 32.990312 -11.620015 9.269198 -11.098435 -8.817012 -27.692125
1 102.117459 -45.388728 -31.231710 -31.551663 70.936270 -31.281838 8.320012 -41.919802
1 33.195990 -15.191295 23.061319 -18.293855 14.139211 -17.589044 -3.800654 -15.521671
1 21.783754 18.363784 2.179874 -15.896249 5.989834 -15.826284 -10.475321 -6.119395
1 0.000000 0.000000 0.000000 0.000000 0.000000 0.000000 0.000000 0.000000
1 5.289716 -4.938594 -0.064003 -1.110609 4.858798 -0.926829 1.715618 -4.824097
5 -6.069282 -21.861458 18.110176 -10.407581 42.161839 -10.324883 7.290982 -18.899793
1 61.197874 -17.118246 25.174375 -19.578727 -1.813472 -18.856951 -3.156823 -25.848030
5 18.376830 -24.824868 -21.050526 -13.815093 73.212059 -13.590208 3.971416 -22.279609
5 -4.399301 -13.783955 3.685122 -8.389822 26.147743 -8.909664 5.220019 0.429857
5 -23.782321 -9.934646 0.084809 -5.789364 36.155570 -6.469000 8.409613 1.325338
2 41.723920 55.769996 9.129522 -18.407277 -27.619815 -18.244623 -14.369466 -27.982258
3 -14.009307 9.040950 64.489888 -28.195171 16.207077 -27.328135 -23.001626 2.796323
3 13.777131 13.387367 31.888804 -15.027827 -18.619268 -15.391518 -9.184238 -0.830455
3 27.142746 27.409555 28.785061 -24.817198 -9.542815 -23.866932 -11.937860 -13.172557
1 21.626193 5.480860 4.541336 -13.483406 20.598706 -14.132339 -6.960044 -17.671307
1 0.000000 0.000000 0.000000 0.000000 0.000000 0.000000 0.000000 0.000000
1 62.988430 11.029611 24.325303 -19.835512 -25.002778 -19.476924 -11.879378 -22.148753
1 75.722508 -35.284884 23.307404 -24.363479 6.680115 -24.270187 -7.216994 -14.574486
1 89.359673 -37.784874 24.849504 -28.281473 -11.074399 -27.452024 -11.663080 2.046674
5 53.562407 -44.805457 1.054962 -41.785299 161.939505 -41.333209 -26.553929 -62.078978
2 30.490344 37.484514 -6.722049 -13.096459 9.469635 -13.092318 -20.584298 -23.949368
1 61.250569 -35.143843 40.259867 -19.376129 11.278664 -19.260827 -4.783311 -34.224990
5 -18.333103 -7.299843 3.554013 -9.430906 63.119506 -9.398232 -10.720262 -11.491171
1 21.327288 -16.521619 20.776353 -15.912434 13.117746 -15.924621 -10.217876 3.355162
2 12.386177 40.964105 16.113650 -16.566419 -7.762910 -16.553343 -9.443065 -19.138197
5 19.087174 -13.818626 -16.873869 -13.499336 40.413943 -13.607613 -6.967976 5.266301
5 -5.735791 20.685110 -20.255893 -5.082496 33.150740 -5.186989 -9.113387 -8.461295
5 -7.350820 7.038032 17.965223 -28.296957 107.127980 -28.845608 -28.798181 -38.839668
2 -31.603310 23.151435 2.864138 -3.293973 12.819785 -3.475764 7.378936 -7.841247
5 34.066684 -18.679350 -13.111957 -10.215332 48.324652 -9.970637 -16.185297 -14.228761
1 34.852009 -8.054526 18.865084 -11.219609 20.356788 -11.084494 -17.405077 -26.310176
5 -5.331722 0.737834 8.723886 -7.370015 29.678458 -6.863014 -2.931402 -16.644024
5 72.678781 -49.559544 35.979373 -40.111830 92.622738 -38.417541 -28.940288 -44.251689
3 -4.216220 -10.679430 28.829617 -10.579344 -4.285379 -10.361194 6.838250 4.453702
1 40.471117 -6.472965 -1.651403 -20.351090 34.766869 -19.851326 -6.651555 -20.259645
1 17.479011 -13.077722 4.304681 -6.175083 -4.087559 -5.693809 14.328407 -7.077925
1 133.497107 -27.990727 20.426166 -20.621510 -39.905365 -19.760896 -12.543294 -33.101482
1 27.614701 -16.133321 9.481194 -9.574373 -2.610397 -9.746809 -1.889828 2.858832
1 29.072255 -18.513004 14.584771 -8.260663 -14.326772 -8.095121 2.484936 3.053596
5 -2.257244 -6.769258 -4.526340 -5.595428 40.656173 -5.280186 -7.069466 -9.158252
3 38.797368 18.474812 61.821696 -26.894326 16.715604 -27.124593 -29.395206 -52.395353
1 37.488624 -3.346064 -5.774415 -8.988001 20.820612 -8.949560 -12.931823 -18.319374
1 113.127425 -54.064993 36.302901 -32.730069 38.862165 -31.935179 -36.047410 -33.514840
3 -13.783931 33.434718 69.589073 -30.771484 39.148177 -31.786024 -28.609876 -37.220655
3 -5.248477 -0.503588 5.863453 0.000000 0.366543 -0.000000 -0.477932 0.000000
5 15.976614 -4.670342 -11.587768 -14.019413 56.759644 -13.498784 -10.179740 -18.780210
2 0.792464 16.196320 -1.636095 -6.272842 -4.884029 -6.121349 -1.920385 3.845917
3 22.580692 -11.408880 33.703464 -14.003572 -5.890849 -13.780387 -18.033198 6.832729
5 53.393139 -8.995964 -8.263442 -40.355061 85.623754 -40.883316 -45.024450 4.505341
2 -19.596746 17.640621 13.395059 -3.610413 4.944684 -3.841992 1.632757 -10.563970
3 22.231222 -30.417899 59.910634 -33.034399 27.864880 -32.086920 -35.308700 20.841181
3 17.488917 -8.983944 30.252379 -10.580384 -3.165141 -10.226578 -6.305827 -8.479423
5 -2.795022 -18.015627 -5.254366 -10.588565 64.965919 -11.290729 -2.530811 -14.490797
1 18.048805 -9.847280 -9.130347 -4.883800 15.013021 -4.730885 -5.213889 0.744373
5 28.895587 -12.532263 36.059399 -21.212729 48.416403 -20.837348 -24.786507 -34.002540
1 0.000000 0.000000 0.000000 0.000000 0.000000 0.000000 0.000000 0.000000
5 1.285099 5.959755 -40.287674 -7.690730 48.725762 -7.957764 14.511686 -14.546134
5 -9.381560 -3.515147 -5.592988 -2.106407 31.548998 -1.922111 -3.570934 -5.459850
5 -18.055600 -1.372411 6.652490 -0.596807 10.202629 -0.574815 7.331941 -3.587427
1 19.912777 -8.887351 -5.333956 -4.648182 -0.213979 -4.837821 4.611051 -0.602539
1 50.418238 -18.649201 -9.162800 -8.002755 -15.218049 -7.585992 2.473795 5.726763
1 26.173632 -8.100939 -15.241690 -6.085377 10.105766 -6.161459 -0.064978 -0.624956
5 44.579574 -44.502532 51.280211 -32.344260 77.785199 -32.427746 -4.903573 -59.466869
2 -4.342733 41.147333 -9.074917 -8.755978 -12.607900 -8.625387 -0.262847 2.522430
3 -6.754907 1.160637 13.263242 -3.980356 -8.885891 -3.836303 2.441600 6.591976
2 -3.022204 46.442639 1.361523 -16.352830 24.647542 -16.568011 -13.951244 -22.557416
3 -12.613296 0.610299 25.862550 -3.525833 -5.940161 -3.278800 -4.320823 3.206064
5 1.244814 -9.897485 -11.568451 -8.951992 44.482023 -8.657973 7.437916 -14.088850
5 23.322788 -23.944553 -20.816709 -25.795222 106.436029 -25.860608 -2.618286 -30.723438
1 5.612046 -3.254111 2.352782 -2.051825 4.814068 -1.986865 1.110933 -6.597028
5 31.771074 -7.852761 -25.833279 -16.618916 54.936097 -16.824666 3.658903 -23.236451
1 16.376816 7.012109 -1.425851 -4.317709 -6.534163 -4.229075 -4.051785 -2.830342
1 46.705821 -7.701970 -0.715845 -3.550417 -13.292747 -3.110273 -6.886879 -11.447692
8 6.966633 -1.468801 -21.545847 -0.660980 -10.477462 -0.393502 -0.786874 28.366831
1 57.861125 -15.140466 -19.274956 -10.323926 6.527074 -10.103061 0.045465 -9.591258
5 37.222567 -7.234995 -6.627257 -22.493609 49.616897 -22.147672 5.188174 -33.524103
1 53.228970 -24.865644 12.552966 -10.990050 -15.811347 -10.591968 -1.209388 -2.313539
7 4.377439 0.226005 0.282568 -4.983320 -12.634750 -4.774212 12.852828 4.653442
3 7.719911 -13.422315 31.555820 -9.801067 11.385203 -9.631837 -4.568191 -13.237523
5 -5.117279 -0.467316 -15.959017 -2.057113 26.364700 -2.373083 -0.327477 -0.063415
1 77.312439 -5.258676 23.133362 -24.632709 37.117633 -24.034788 -35.417760 -48.219501
1 50.578965 -24.865644 10.451694 -10.990050 -16.134262 -10.591968 3.864803 -2.313539
5 13.833545 -7.031657 -10.463954 -5.812670 22.012566 -6.209275 3.228815 -9.557370
1 108.696027 -19.618695 43.474079 -26.655905 9.472630 -25.677094 -32.280999 -57.410042
5 -11.053304 1.089830 18.456022 -16.263427 32.531888 -16.528334 -23.891943 15.659266
1 44.685280 -15.017030 17.383382 -14.887032 -10.528567 -14.410337 1.728332 -8.954029
5 -24.888497 -25.089619 3.894698 -35.005660 169.359602 -34.360407 -34.960295 -18.949821
1 44.401255 -14.467990 -3.806440 -9.082874 -13.407378 -8.747423 7.987237 -2.876388
5 8.223193 -12.532333 9.897865 -6.291923 10.673210 -6.429692 -3.949611 0.409291
1 35.236302 -4.460971 -9.312975 -13.566913 27.268989 -13.319191 -8.075413 -13.769829
1 22.527113 -8.606931 -11.052349 -6.277776 11.585483 -6.331693 -1.149472 -0.694375
5 24.457366 -5.626839 -5.568705 -12.315693 38.163090 -12.404596 -7.753737 -18.950885
5 -5.334179 4.601798 -1.573709 -5.003548 23.426673 -5.013717 -2.522308 -8.581012
1 54.585631 -22.512871 20.410500 -14.057167 -23.239367 -13.436069 -4.978840 3.228181
5 -21.911127 -3.557612 -3.169103 -6.429992 34.846363 -6.523476 -3.296521 10.041469
1 27.557339 -16.450467 -0.145164 -6.469915 -12.955633 -6.213742 5.390860 9.286720
5 -3.924349 -14.684236 -4.868305 -7.670618 30.987550 -8.546407 -8.134527 16.840893
5 35.091448 -11.619748 -5.163387 -14.264767 38.582676 -14.721631 -19.176918 -8.727673
1 11.380082 5.286581 -3.069379 -4.531469 -3.156980 -4.867854 1.789362 -2.830342
1 63.769212 -35.653545 43.691249 -11.051307 -17.352684 -10.606466 -1.928701 -30.867761
1 11.837334 10.497161 11.021305 -9.093161 1.817430 -8.928280 0.244369 -17.396157
5 -14.695013 -16.054900 30.314383 -8.290727 45.871281 -8.890141 -11.464500 -16.790382
5 2.185374 -4.361056 -11.561182 -13.227460 70.685291 -13.504994 -12.697851 -17.518122
1 116.482923 46.169371 -2.261381 -44.602523 -11.088993 -44.578738 -23.801457 -36.319202
1 12.051167 -0.378706 -1.971789 -0.982166 -4.145758 -0.992138 -2.093474 -1.487136
3 15.053806 -18.591684 39.927881 -10.879269 -7.278387 -10.994871 -8.701437 1.463961
1 27.557339 -16.450467 -0.145164 -6.469915 -12.955633 -6.213742 5.390860 9.286720
1 67.066864 -31.864093 13.075266 -14.008824 9.707870 -13.229329 -1.633556 -29.114198
5 -5.117279 -0.467316 -15.959017 -2.057113 26.364700 -2.373083 -0.327477 -0.063415
3 15.282697 -11.049416 31.177506 -13.315176 17.068516 -12.288893 -11.133675 -15.741558
1 180.875196 -31.207220 -33.052484 -42.301840 -8.812039 -41.098734 12.278794 -36.681674
5 -2.257403 -10.205393 8.799718 -4.303420 21.922768 -4.206261 -2.833956 -6.916051
5 51.383119 -36.106860 21.697820 -28.268383 70.919998 -28.211613 -28.062179 -23.351903
5 27.297247 -12.122489 -14.271595 -15.552949 55.516010 -15.599831 1.785348 -27.051740
1 58.824615 -36.561749 41.500416 -31.868282 26.600506 -30.501988 -20.388918 -7.604602
5 25.727352 -11.273373 -5.298903 -10.644783 34.487051 -10.632012 -7.730769 -14.634561
8 -7.648735 -13.330138 2.780516 -12.581096 -4.201171 -12.456637 -11.587241 59.024504
1 16.788349 -9.563921 -4.486711 -0.581673 -0.000000 -0.552711 -0.912488 -0.690845
1 42.913559 -9.736097 30.187283 -28.850829 40.273375 -28.473517 -17.555391 -28.758383
5 14.345642 -14.475096 -2.530594 -15.243540 66.667019 -15.200159 -9.046174 -24.517097
1 43.302438 5.242373 -14.312238 -13.219996 6.241250 -12.951879 -5.736778 -8.565170
5 -15.126011 14.970051 -11.587485 -0.614630 20.793954 -0.710799 -4.386783 -3.338296
5 7.096378 -52.786890 56.916924 -35.188822 89.209986 -34.634330 -24.454201 -6.159043
3 1.514916 -2.062538 14.729935 -1.790748 -1.371139 -1.881378 -2.905924 -6.233124
1 0.000000 0.000000 0.000000 0.000000 0.000000 0.000000 0.000000 0.000000
8 2.173241 -0.669710 -5.849951 -1.042707 -1.145589 -1.118485 -2.148761 9.801962
1 53.022179 4.933086 -17.218002 -14.225709 4.353140 -13.584449 -7.452987 -9.827258
5 26.076077 -14.853802 -2.401111 -16.225706 60.794257 -16.192297 -11.193185 -26.004233
1 56.283100 -30.790739 18.627455 -14.460922 30.048519 -14.694228 -10.416494 -34.596691
1 27.028292 -6.062404 20.555663 -7.587252 -10.283734 -7.222326 -10.369701 -6.058539
1 0.000000 0.000000 0.000000 0.000000 0.000000 0.000000 0.000000 0.000000
5 10.200481 -8.901388 10.969695 -7.876125 14.886725 -8.042838 -4.378472 -6.858080
3 -2.695605 -13.698477 33.447808 -6.588898 6.133890 -6.484395 5.105101 -15.219423
3 29.393196 -15.163174 46.708198 -15.503463 -11.893733 -15.194026 -0.950529 -17.396471
3 -9.209768 -18.719136 33.425059 -4.233548 -0.150662 -4.164954 -0.089427 3.142435
1 39.725913 -2.837622 5.898532 -15.148614 7.472119 -15.337542 -2.932452 -16.840335
5 47.017305 -26.522103 -3.049889 -17.937997 53.968625 -18.271351 -21.084706 -14.119885
1 55.391852 -49.285978 -1.810368 -25.718232 53.363725 -25.950416 3.334795 -9.325377
3 0.993668 6.356229 26.939726 -10.557226 -6.245756 -10.950403 -10.935008 4.398767
2 -7.949180 26.111651 1.488475 -6.463491 -8.378700 -6.340341 -2.487171 4.018757
3 -4.941303 -0.114521 19.912640 -4.439072 -9.466836 -4.271003 -3.271881 6.591976
5 19.417339 -8.082482 -11.735996 -15.471683 61.763093 -15.216172 -8.207841 -22.466257
1 87.622541 -23.772255 -6.355108 -35.412627 43.656633 -34.911279 0.690456 -31.518360
8 3.398641 0.693321 5.156525 -4.493529 -8.263850 -4.397852 1.346476 6.560268
1 13.533195 -1.434196 -9.151647 -3.612721 8.401729 -3.636613 -4.454435 0.354687
5 9.090639 3.711977 -11.088721 -5.843439 24.476088 -5.982033 -7.873094 -6.491420
1 46.053607 -20.345502 20.159728 -11.146678 19.032375 -10.678563 -15.664330 -27.410637
1 77.660287 16.228412 4.625897 -25.554408 25.045006 -25.511498 -24.414006 -48.079693
3 -12.520999 -2.062538 30.323424 -1.790748 -2.928714 -1.881378 -2.905924 -6.233124
1 24.958211 3.106058 8.666208 -10.411642 -12.091773 -10.120222 -9.871251 5.764410
3 3.467234 0.999460 22.712470 -3.996157 -12.636054 -4.101467 4.186735 -10.632221
1 30.645431 -10.442024 8.588855 -6.938416 -1.665408 -6.907409 -10.290528 -2.990502
5 15.740235 -42.174813 -3.734617 -20.727053 38.399263 -21.567053 -2.623090 36.687128
5 4.732272 -14.725160 3.554757 -6.353297 20.625991 -6.091688 -6.719921 4.977046
1 40.515637 5.974012 -1.159734 -9.830905 -16.256603 -9.437628 -10.006457 0.201678
1 23.019483 -10.140705 11.054602 -4.733896 3.251075 -5.017005 -5.833293 -11.600260
5 -1.070300 -21.901606 17.506571 -10.407581 40.523969 -10.324883 3.323892 -17.650060
1 39.608506 -16.829173 -2.116952 -7.452081 -17.101391 -7.205880 3.297386 7.799584
1 50.901387 -13.663258 -24.962635 -11.063285 -24.658463 -10.753524 6.813455 27.386325
5 19.989587 -23.616746 29.595976 -16.692858 53.471182 -16.752172 -11.185216 -34.809753
3 12.309804 -21.023543 40.237918 -15.221691 -9.205097 -15.047932 -15.966359 23.916900
5 -2.573297 -8.261025 5.334393 -16.900034 25.336760 -17.027972 -10.785515 24.876688
5 -3.445471 14.115622 -14.758564 -5.470830 26.313907 -5.516513 -3.060776 -8.177375
5 6.925698 -9.430169 1.041505 -8.545835 32.812179 -8.294880 -2.131956 -12.376542
1 41.692749 -15.826504 4.088674 -9.385600 19.441983 -9.475934 -12.188623 -18.346745
1 71.911301 7.750841 24.988502 -23.286227 -5.757393 -23.125482 -22.470042 -30.011502
5 9.535568 -17.263170 -3.525708 -4.144907 17.794457 -4.663583 -5.046414 7.313758
3 1.356662 2.352773 7.857533 -3.067117 -7.428020 -2.844100 -3.769452 5.541720
5 22.905096 -1.162674 0.824610 -10.357936 24.946037 -9.910843 -12.302420 -14.941870
1 104.212804 -38.895792 4.382649 -28.209853 11.523354 -27.466705 -3.931693 -21.614766
3 -16.756091 -6.211422 13.384223 -7.013127 12.157794 -7.132877 -0.067997 11.639498
5 20.702284 -16.804468 -21.674632 -21.390497 103.707681 -21.435437 -26.539593 -16.565339
1 22.860899 -2.198735 -9.017636 -1.532840 -2.262416 -1.372250 -2.917066 -3.559957
1 154.588084 -21.580075 2.695622 -30.083482 -53.862418 -28.853823 -4.484044 -18.419865
1 59.956291 -33.651895 -6.635991 -27.952088 57.235590 -27.739809 -24.373307 3.161208
5 -0.472940 -15.007955 5.030199 -13.737319 67.170793 -14.005807 -5.766802 -23.210169
1 33.176189 -15.287659 0.316395 -15.428876 29.521717 -15.218255 -2.628377 -14.451135
5 -5.289655 -3.515147 -5.236531 -2.106407 24.743803 -1.922111 -2.463834 -4.210117
1 76.771811 -2.374412 -27.734369 -19.490877 35.053993 -20.201306 -23.923287 -18.101554
5 -6.881713 -8.568862 23.234633 -19.411316 73.425248 -18.867397 -23.367358 -19.563232
1 12.805562 -3.094744 6.998387 -6.797179 -1.959309 -7.082648 -1.165506 0.295437
3 28.941672 -31.458641 45.509036 -23.074421 6.418075 -23.422340 -24.976936 22.063554
5 9.367283 57.223490 -39.993366 -28.080852 75.256118 -28.794448 -37.250333 -7.727894
1 41.379620 3.666046 1.548769 -13.305710 16.445698 -13.178635 -16.983608 -19.572181
1 41.474598 -20.580248 -5.125354 -7.309881 -14.744135 -7.088860 7.374948 5.998931
5 37.899351 -14.010504 -14.798610 -21.280356 56.095463 -21.121391 0.515178 -23.299130
1 58.284965 -17.130487 2.957490 -15.194828 -7.925114 -15.128513 2.125576 -7.989090
5 -4.374758 10.825640 13.127433 -10.875739 32.744998 -11.594243 -9.068918 -20.784413
5 2.824489 11.742023 -21.908834 -14.693746 74.540435 -14.792130 -15.492345 -22.219892
5 -5.346990 -17.766182 23.457570 -16.615402 70.205735 -16.807618 -8.750384 -28.376726
1 40.240710 -13.569004 36.566273 -20.866451 20.963142 -19.628002 -29.700052 -14.006618
5 7.765928 -9.965000 -2.918758 -11.244452 55.600997 -11.628217 -11.522061 -16.088436
1 48.566502 5.367880 -12.275790 -27.682470 0.435009 -26.571236 42.232862 -30.072756
5 3.711116 7.012109 -10.008914 -5.968664 17.639604 -6.239064 -3.284137 -2.862049
3 -4.957916 12.822622 19.700289 -5.330276 0.561868 -5.438560 -2.441379 -14.916648
5 19.935840 12.269933 -7.557763 -9.602631 30.295026 -9.565215 -15.713635 -20.061555
5 21.431301 -13.699872 -6.177225 -19.485955 71.983566 -19.288778 -3.104847 -31.658188
2 5.582257 21.138360 -0.781217 -8.700945 18.231628 -9.109860 -12.980013 -13.380211
1 76.226865 -37.220062 21.780553 -21.903517 26.767507 -20.973363 -7.454060 -37.223924
5 38.557815 -32.908169 12.751034 -28.200069 98.150860 -27.177202 -18.493087 -42.681182
5 -31.134847 20.103604 -5.419258 -5.186350 31.590036 -5.000965 5.418544 -10.370764
1 56.397371 -16.543705 21.526371 -27.106301 5.968391 -26.003974 -18.050139 3.811985
2 -3.376001 11.543284 6.930811 -4.577162 -7.460024 -4.418389 -3.911009 5.268490
5 15.538652 -18.992574 15.426183 -11.994744 33.128158 -11.951368 -12.725147 -8.429160
3 24.476675 -25.178077 37.647609 -17.858148 6.606456 -17.789373 -9.032531 1.127388
1 140.169765 -41.310209 0.315622 -23.566785 7.636660 -23.604764 -18.256603 -41.383687
5 40.194380 -45.516468 -18.980332 -32.964850 85.154497 -32.379332 0.563279 3.928829
1 7.856451 -10.896183 5.447329 -1.178479 -0.470485 -1.127527 6.111787 -5.742892
3 1.277923 1.160637 9.283753 -3.980356 -7.460024 -3.836303 -3.037607 6.591976
5 22.591526 -16.639801 17.258038 -15.061860 28.234296 -14.795468 -20.379892 -1.206838
1 47.321824 23.289037 0.263764 -16.939012 -4.286461 -16.732865 -9.869334 -23.046957
3 22.211561 -1.395895 44.918134 -17.280177 -17.265238 -16.971805 -18.387571 4.170991
5 -5.029523 -0.322973 -0.527550 0.000000 6.739395 -0.047572 -0.802485 -0.009290
1 24.112393 -10.444641 9.919807 -5.423606 8.537721 -5.470962 -6.988570 -14.242142
3 -26.132829 -17.098196 24.929550 -9.507337 15.477186 -9.629849 0.442007 21.519466
3 1.304403 6.704953 24.286613 -9.107774 17.731403 -9.354815 -11.439065 -20.125718
1 64.500471 7.463091 -8.819607 -22.345550 7.218757 -22.306557 -10.149148 -15.561457
5 2.099317 -5.136279 -5.949337 -8.771285 47.758343 -8.777595 -9.165531 -12.057631
1 72.400111 -38.639010 10.617495 -19.104957 18.490469 -18.642595 -9.329029 -15.792485
5 10.730158 -11.456676 15.418481 -14.275996 39.722948 -13.699781 -2.754152 -23.684979
5 -9.768887 -14.193549 14.380230 -9.548799 39.112789 -9.232789 7.922881 -18.671875
1 82.045328 -31.268161 -6.136771 -32.762885 45.993114 -31.096489 -8.493771 -18.280363
5 -9.041182 -10.078932 -21.063185 -4.092607 35.527374 -4.435356 5.735399 7.448488
3 -0.148080 -20.682389 34.187438 -11.796242 9.493780 -11.715337 -6.934486 7.595315
1 22.703576 -0.453450 -13.085168 -5.955398 13.631058 -6.008619 -3.989455 -6.842545
5 10.781430 -17.335027 10.807647 -15.444185 49.311253 -14.871752 18.912793 -42.162159
5 41.052428 24.113704 -49.391055 -18.301623 54.444848 -18.345630 -10.749718 -22.822956
1 28.015963 7.631309 7.540120 -13.513272 -6.815169 -12.776704 -8.789848 -1.292400
1 151.392482 -13.280319 29.535053 -44.125822 10.956040 -42.671716 -39.856591 -51.949128
3 1.514916 -2.062538 14.729935 -1.790748 -1.371139 -1.881378 -2.905924 -6.233124
1 67.021827 -53.805897 50.592034 -30.269032 33.730560 -29.944676 8.671975 -45.996789
5 -11.681541 -5.792750 10.753184 -11.019525 41.793968 -10.605902 -12.197450 -1.249984
3 1.335593 13.039389 27.319715 -13.046045 2.732294 -12.929672 -2.078465 -16.372811
3 -20.039007 -1.151655 85.590251 -27.399064 28.776645 -26.924799 -15.878326 -22.974046
1 94.250990 -52.063054 10.645670 -33.632036 32.166533 -32.743305 17.688850 -36.313649
2 35.754231 37.173490 21.031351 -29.634550 14.393112 -29.998955 -26.450278 -22.268402
1 22.314839 -16.023899 4.249204 -9.644057 5.087486 -9.332218 15.141779 -11.793133
1 45.616050 -9.300715 -9.672270 -14.849824 23.736458 -14.401668 -7.371601 -13.756433
1 23.021626 -8.415177 10.596858 -4.520135 -3.178629 -4.378226 -1.526057 -11.600260
1 20.344901 -0.993290 6.770860 -12.055118 16.589768 -11.793660 -5.982742 -12.880721
1 25.998342 -12.858845 -3.489414 -14.324018 -8.183538 -14.362645 8.952377 18.267741
1 69.362875 -35.908501 -12.037585 -13.431603 28.730865 -13.374384 0.856986 -24.198653
3 19.696125 -12.514073 39.522319 -15.585891 -17.353034 -14.850185 5.808579 -4.723840
1 49.741933 1.655647 20.920121 -23.168528 13.572293 -22.908778 -13.005922 -26.806768
1 24.398985 -5.257866 -4.949154 -7.398486 -1.912122 -7.550199 -9.493412 12.162254
5 33.933185 -20.869088 -3.183091 -20.669682 70.893963 -20.268428 -6.514633 -33.322224
1 100.731437 -19.065345 15.504417 -30.147502 7.270387 -30.378338 -14.381186 -29.533870
1 46.765748 -40.986509 41.776084 -21.214530 31.004383 -21.064772 -3.554569 -32.725835
1 73.037327 2.243025 7.620607 -23.533676 -0.853715 -23.001951 -0.374613 -35.137005
3 14.665731 -1.070997 21.749572 -12.966616 9.560672 -12.883562 -1.512876 -17.541924
1 57.226581 -14.186000 8.672948 -9.326106 1.903350 -9.205851 -13.720618 -21.364305
1 44.132949 -5.650432 39.793657 -19.140510 1.696836 -18.547257 -23.348282 -18.936960
1 38.810614 -14.653379 3.174683 -10.396229 9.998512 -10.278821 0.359280 -17.014660
5 6.728587 -17.004244 -27.652399 -14.110139 93.430473 -14.412453 -4.604786 -22.375040
5 -7.524185 -5.005942 -2.897517 -6.503359 26.332722 -6.633607 -0.825902 3.057787
1 41.652525 12.159143 20.452977 -14.162112 -22.525156 -14.370440 -17.242281 -5.964657
3 -11.520534 9.891491 11.439023 -3.570061 2.270208 -3.604876 -0.249662 -4.655590
1 46.053607 -20.345502 20.159728 -11.146678 19.032375 -10.678563 -15.664330 -27.410637
5 -9.870691 -7.416968 7.764548 -5.017236 19.101637 -5.010514 11.579691 -11.130466
1 28.744425 -20.071242 18.339557 -11.030455 12.984853 -10.859941 4.258779 -22.365976
2 -5.792639 20.133521 14.709804 -6.993962 -3.475055 -7.103480 -9.843892 -1.634299
1 73.643779 -26.848919 12.625566 -24.612707 -4.850411 -24.151431 -5.265682 -0.540196
1 23.687050 -6.831257 -4.103461 -16.655883 19.219872 -16.776020 -10.311290 11.770989
5 13.122515 -9.715152 6.031968 -16.232269 71.129660 -15.895420 -23.679431 -24.761872
1 61.899520 -22.013240 -25.934827 -22.857311 37.712799 -22.596628 -2.304538 -3.905774
1 43.491076 2.136167 14.617174 -9.203674 -12.346548 -8.932770 -15.019684 -14.741740
1 27.168235 -24.277647 7.062197 -11.349061 1.595958 -11.084141 9.140777 1.743682
3 28.543209 -8.124942 35.285598 -9.378000 -11.654873 -9.103704 -13.275625 -12.291664
1 12.566460 -5.391384 1.013738 -8.806943 4.641770 -8.635095 5.594226 -0.982770
1 60.149517 -24.100629 1.103093 -23.146433 35.075169 -23.361313 -6.509833 -19.209574
5 30.995834 -8.411213 -7.263709 -17.500113 36.779826 -17.053855 -11.390357 -6.156415
1 88.626732 -42.083300 19.189381 -22.148040 -4.789207 -21.681094 -4.352791 -12.761683
1 48.253084 -4.223491 -13.118532 -18.539403 24.792169 -18.510649 0.772275 -19.425454
3 -34.843333 -14.966475 44.467695 -16.557804 32.110703 -17.458962 -13.117149 20.365326
5 0.067232 -9.394753 -18.027706 -11.763079 46.267198 -12.574072 -6.896825 12.322003
1 11.301372 -17.464403 2.817244 -6.648322 10.487269 -6.668206 3.907535 2.267511
1 152.769238 -14.829998 9.503104 -33.322160 -28.016516 -32.034228 -25.735709 -28.333732
1 53.608371 -33.226090 21.214491 -24.762151 13.623093 -23.899979 -16.895592 10.337861
5 -10.140879 -7.183584 -4.874573 -6.231812 52.958648 -5.828865 -9.646025 -9.052911
1 33.079028 13.772213 -15.032831 -9.934652 -4.517415 -9.720584 0.017086 -7.662849
5 -8.891560 -0.066676 -6.723930 -10.772094 32.014272 -10.497810 23.609530 -18.671732
1 55.392937 -9.986090 -6.264948 -15.181484 -14.082019 -14.445603 5.105243 -0.538036
1 72.345818 -22.489880 -37.492006 -17.544307 55.436122 -17.976319 -0.202901 -32.076528
1 43.670933 -15.093577 -24.228581 -3.232055 13.435724 -3.072904 -1.938456 -9.541084
1 41.758796 0.753612 -1.702393 -14.386587 26.278458 -14.443892 -13.512776 -24.745215
1 94.521375 -32.537857 47.819711 -24.878386 12.436373 -24.804730 -18.974384 -53.582100
1 56.119982 -23.598604 -21.506428 -12.058977 -29.142467 -10.997782 6.427259 34.757018
1 37.370642 31.767166 20.375747 -17.036728 -19.377579 -16.524389 -18.872844 -17.702014
1 55.974802 -21.711192 -21.230835 -17.263709 41.434985 -16.328947 -1.530586 -19.344518
5 21.781136 -7.785357 18.191283 -9.725698 22.966526 -9.553991 -16.266518 -19.607382
1 27.557339 -16.450467 -0.145164 -6.469915 -12.955633 -6.213742 5.390860 9.286720
5 -8.371543 -4.651434 10.675340 -19.390869 63.202764 -19.521195 4.738353 -26.681416
1 45.797885 21.357902 -2.537668 -21.920810 39.805353 -21.958335 -20.154324 -40.390002
5 37.339813 -32.432415 6.221773 -12.568784 41.232572 -12.372006 1.017173 -28.438124
5 23.947718 0.150302 -15.968479 -13.708912 47.330968 -14.008543 -12.823373 -14.919681
1 27.594448 -6.838850 -3.162878 -4.434422 -13.060163 -4.151470 4.646582 -0.593248
1 25.695215 -13.221332 21.921931 -7.108499 0.639968 -6.759991 -2.419647 -18.747644
5 25.609258 -12.347133 -14.082740 -16.376895 46.071768 -16.295946 -11.695185 -0.883127
3 -3.332331 -5.408001 20.644990 -5.916152 20.104311 -5.740559 -9.285630 -11.066628
5 2.986699 -15.837042 -6.949039 -17.871996 54.953016 -18.002264 -11.782879 12.503503
5 31.383064 -15.057009 -4.527200 -20.861528 70.975268 -20.699476 -9.885693 -31.327427
1 24.910150 -6.838850 3.011448 -4.434422 -16.386152 -4.151470 4.482543 -0.593248
1 31.597640 -8.882493 4.276118 -4.926293 -3.421983 -4.741319 -2.269702 -11.631967
1 37.056331 -7.702920 0.661861 -11.500652 22.787041 -10.707691 -16.751609 -13.842360
3 28.269106 -14.513383 32.857131 -13.603101 -17.639228 -13.120902 -12.663029 10.413405
1 74.923795 -12.855891 9.835915 -10.538568 -24.482871 -9.797307 -15.435808 -11.649264
3 9.926709 -5.796430 11.206590 -2.220286 -3.165437 -2.213584 -3.522181 -4.215382
1 0.000000 0.000000 0.000000 0.000000 0.000000 0.000000 0.000000 0.000000
2 47.974316 55.620686 -8.695870 -23.063636 23.769916 -23.201653 -32.464410 -39.939351
1 0.000000 0.000000 0.000000 0.000000 0.000000 0.000000 0.000000 0.000000
1 0.000000 0.000000 0.000000 0.000000 0.000000 0.000000 0.000000 0.000000
3 -14.628445 13.381662 23.366447 -13.509518 22.764375 -13.977802 -15.614603 -1.782117
1 51.670084 -15.550896 20.582686 -16.664072 28.499369 -16.791441 -12.060339 -39.685390
1 47.688669 -29.069498 45.962617 -31.672676 27.066463 -30.275254 -11.747224 -17.953099
3 1.356662 2.352773 7.857533 -3.067117 -7.428020 -2.844100 -3.769452 5.541720
1 44.484021 18.688966 -13.500437 -30.409553 37.309412 -29.690554 -10.796995 -16.084856
1 31.240870 -26.936511 3.136993 -11.870943 4.710216 -11.914568 -2.421555 14.055498
5 12.283695 19.479008 6.315014 -15.281149 19.595523 -15.227247 -2.040894 -25.123950
1 56.196548 -26.963208 26.449872 -13.793612 4.003897 -13.736150 -19.122046 -13.035302
5 -5.117279 -0.467316 -15.959017 -2.057113 26.364700 -2.373083 -0.327477 -0.063415
1 48.616350 -22.369549 17.092658 -13.561453 11.761120 -13.710632 -16.239793 -11.588704
5 64.204008 -7.168344 12.165487 -40.629953 65.707981 -40.173368 -37.541724 -16.564086
1 27.069461 -10.963576 -2.638218 -13.770831 20.759480 -13.696444 1.422479 -8.182352
3 10.538883 -26.273702 45.135452 -9.037315 21.052481 -9.223266 -6.643223 -25.549310
1 28.661791 -8.231325 0.910880 -8.352702 8.189740 -8.042499 -8.696883 -4.439002
1 35.183325 11.513418 20.249852 -16.788314 6.753457 -16.724306 -15.320288 -24.867146
1 51.200224 -28.555565 7.807994 -16.606719 9.005583 -15.700748 8.107590 -15.258359
8 5.831896 -10.219059 11.949001 -6.208248 -8.309483 -6.068810 -3.377822 16.402525
1 81.520300 -30.442567 23.545359 -23.038354 6.517672 -22.659080 0.445769 -35.889097
5 0.265459 -11.839247 31.234444 -20.596192 33.853465 -20.816472 -17.035897 4.934441
1 87.971500 -2.559842 20.831944 -22.451426 7.920602 -23.382129 -22.333785 -45.996864
5 23.227192 -12.389268 -1.755313 -9.667327 39.207914 -9.771031 -11.151736 -17.700431
1 25.129752 20.418658 19.004909 -10.938306 -27.859621 -10.789280 -0.620693 -14.345420
1 40.732043 -23.866703 24.764595 -11.490010 18.831997 -11.187006 -11.032460 -26.752454
5 28.294039 -22.115671 14.398838 -19.485869 32.022035 -19.300499 8.459847 -22.272718
3 13.356743 4.476864 36.489990 -9.873958 -0.036198 -9.457218 -8.664362 -26.291860
5 17.564902 -4.269703 0.853903 -10.940120 34.276686 -10.993898 -7.483357 -19.008414
8 7.909822 3.046095 8.362819 -7.453630 -12.143789 -7.043497 -3.530077 10.852256
1 10.991156 -7.231933 -10.834898 -3.349203 9.661655 -3.713961 -3.630486 8.107670
5 6.704956 4.614472 9.032794 -7.008178 12.486179 -6.851429 -4.858584 -14.120211
5 -1.437510 -0.040148 -0.960061 0.000000 2.437720 0.000000 -0.000000 0.000000
5 -4.011732 -2.354510 4.047222 -6.086763 17.283779 -5.758415 -5.501441 2.381859
1 55.346584 -16.113758 16.298913 -16.490629 3.585156 -15.644937 -14.410967 -12.570362
1 44.910304 -24.733533 32.029735 -15.762541 1.814622 -15.421588 6.720100 -29.557098
5 32.389057 3.056527 -46.513314 -20.765958 62.465728 -21.544565 -0.559220 -8.528257
2 -13.558278 41.250361 12.081774 -6.993962 -16.555059 -7.103480 -8.736791 -0.384566
5 15.681924 -7.574204 13.115934 -11.424856 30.754662 -11.359672 -7.264965 -21.928824
1 44.312620 -35.573452 31.213615 -18.964482 22.177633 -18.874985 5.814842 -30.105791
1 71.278477 -29.366033 25.524469 -14.377222 9.308695 -13.989584 -17.386264 -30.992535
1 99.072061 -15.844737 -7.543419 -28.645369 21.712362 -28.402424 -2.920260 -37.428214
1 34.128490 -2.756035 10.182134 -13.701228 20.915229 -13.675159 -17.311988 -17.781442
1 0.000000 0.000000 0.000000 0.000000 0.000000 0.000000 0.000000 0.000000
8 14.740764 -9.550194 6.338087 -14.156061 -7.670619 -13.592842 0.685614 23.205253
2 -14.108109 32.954037 6.307300 -17.781505 11.299267 -16.499526 2.331910 -4.503373
5 -15.579071 -22.207600 3.999821 -27.931869 126.774695 -27.218570 -8.947717 -28.889685
3 -3.939803 -25.738362 30.931401 -15.452196 21.273923 -15.682461 0.933614 7.673884
5 8.650338 -23.445671 25.970113 -24.566538 41.499635 -24.883745 -25.509838 22.285705
5 0.545509 -25.206921 19.356142 -14.532986 59.561700 -14.184064 -3.055814 -22.483563
1 13.548756 -1.081900 -8.757022 -1.927562 2.204652 -2.058110 -1.507509 -0.421305
1 37.435298 -31.009496 28.777982 -11.538922 -2.531044 -11.016556 -5.330258 -4.787004
5 6.060149 0.509345 -12.479998 -8.075072 35.444820 -8.161176 -6.225902 -7.072167
5 5.549974 -15.739779 3.065133 -6.853336 12.019557 -6.904537 3.747781 5.115207
3 -3.918965 -10.560077 49.988215 -14.327375 49.910253 -15.535535 -18.333071 -37.223446
3 42.355784 -46.721672 74.474117 -39.316517 70.385354 -39.622351 -15.443655 -46.111065
3 0.020253 -9.294471 12.644072 -5.139951 10.449766 -5.595339 -6.536410 3.452080
5 39.147225 -52.245524 55.457915 -25.084042 62.669557 -24.479760 -4.978960 -50.486410
1 43.855681 -1.420215 23.094235 -14.001742 -20.550026 -13.774048 9.161384 -26.365269
8 -16.793201 -15.823038 16.401937 -9.048620 12.262323 -9.195149 0.676282 21.519466
5 -10.715355 -21.907414 15.205349 -15.542898 37.763380 -15.605961 -13.076357 23.879254
5 14.250157 15.775069 -7.443050 -13.575755 26.168937 -13.099359 -10.351298 -11.724702
1 50.931757 -20.190837 -0.761436 -7.020602 -8.204204 -7.224339 1.451497 -8.981837
1 29.072255 -18.513004 14.584771 -8.260663 -14.326772 -8.095121 2.484936 3.053596
1 25.864604 -0.370269 18.361528 -22.296977 9.848478 -22.254347 11.347215 -20.500233
5 7.234791 -15.423934 1.177324 -8.790673 49.645764 -9.317796 -8.613973 -15.911504
5 -2.572987 17.910737 23.883934 -18.560132 43.641901 -18.863670 -17.034844 -28.404940
3 8.256001 16.601059 17.606678 -5.810067 -6.079474 -5.781125 -10.321317 -14.471755
5 25.116414 -3.196895 -13.011464 -21.185347 66.517209 -21.472025 -1.978644 -30.789250
5 -6.299859 1.723650 -1.894356 -8.593270 47.534748 -8.430515 -14.065314 -9.975083
3 -24.467919 1.020511 32.041897 -3.793448 -2.837079 -3.498206 2.987673 -1.453431
1 66.435595 -9.146283 2.890456 -14.336267 -23.996963 -13.645458 -8.418622 0.217539
8 -7.906068 -0.669710 -4.845335 -1.042707 7.771468 -1.118485 -2.148761 9.959598
5 1.578030 -8.416816 -0.051432 -13.698366 33.593558 -13.375950 -11.306030 11.677006
1 33.110703 -25.137104 32.355666 -15.229527 20.315043 -14.733144 -3.564795 -27.116842
3 7.175722 3.046095 17.239017 -7.453630 -22.478682 -7.043497 -2.587015 12.101989
1 95.785705 -3.381767 8.416714 -32.094834 -14.395704 -31.909922 14.706021 -37.126217
5 -1.437510 -0.040148 -0.960061 0.000000 2.437720 0.000000 -0.000000 0.000000
1 16.651872 -1.725528 -1.643528 -0.213760 -13.197231 -0.638779 0.766955 -0.000000
3 -0.202577 0.323310 5.079211 -3.970587 3.965415 -3.936836 -4.157774 2.899838
1 27.594448 -6.838850 -3.162878 -4.434422 -13.060163 -4.151470 4.646582 -0.593248
1 60.408462 -17.203004 -7.560258 -12.114673 5.188273 -11.984439 2.235239 -18.969602
5 19.638695 -12.298102 -4.614219 -13.205707 41.437575 -12.976637 -5.321435 -12.660170
5 -4.147250 1.133812 25.925539 -9.517273 27.132483 -10.331566 -11.206514 -18.989229
1 55.781317 -12.139013 16.533572 -13.981283 -4.272437 -13.684659 -9.396167 -18.841332
1 58.931082 -1.050810 22.391488 -24.035877 -10.595685 -23.586048 -11.629102 -10.425046
1 3.857372 -1.468801 -2.991500 -0.918210 2.998061 -0.756595 -0.480086 -0.240242
1 31.956424 -26.928182 27.583768 -12.929725 -19.978622 -12.473347 -6.009287 18.778970
2 32.524872 35.116403 -32.819182 -16.783694 18.787828 -16.261112 -5.119318 -15.445794
1 168.776990 -50.587824 -30.483225 -29.042528 26.247777 -28.900856 -16.872577 -39.137759
5 80.910386 -58.178017 63.041113 -48.331971 88.278271 -47.623568 -50.751606 -27.344607
5 10.611402 -26.024483 -15.553808 -21.531556 96.858945 -22.825552 -27.170611 5.635662
1 9.759465 -1.357136 -1.365212 -1.375573 -1.359487 -1.410698 -1.541519 -1.349840
5 -7.220339 -8.923249 4.878203 -9.316890 55.834064 -9.570108 -10.014552 -15.667130
1 33.516455 15.649293 0.398957 -10.111712 -8.435707 -10.177671 -9.985520 -10.854096
1 0.000000 0.000000 0.000000 0.000000 0.000000 0.000000 0.000000 0.000000
2 -8.079089 65.447017 -5.558871 -13.524748 4.985445 -13.701994 -17.501208 -12.066553
1 76.006348 -31.206800 0.991966 -23.378922 13.085431 -22.922330 -9.174208 -3.401487
1 115.832743 -42.867439 -39.803492 -15.304187 -2.539474 -15.791533 1.407385 -0.934003
3 35.233744 -26.962419 63.956298 -27.257190 15.492577 -27.080308 -30.447115 -2.935586
1 12.002684 -10.233631 -5.261594 -1.624380 -1.339868 -1.671196 -2.821367 10.949354
1 46.929012 9.958200 -8.184396 -12.407170 15.723180 -12.243763 -18.008649 -21.766416
5 54.174967 -30.019491 10.862347 -27.473370 80.229666 -26.892651 -7.026446 -53.855023
1 98.224196 -10.996163 8.214493 -35.530973 22.829870 -33.523001 -24.899044 -24.319376
1 43.771370 19.016988 42.725752 -17.692770 -22.567144 -18.978455 -15.251367 -31.024374
1 22.772374 -6.476911 11.237450 -10.471289 -18.929272 -10.097907 -8.529267 20.494821
5 10.619711 -1.482908 -17.993524 -9.294453 37.937369 -9.370127 2.300258 -12.716326
3 -36.803389 -7.506157 42.706745 -2.242447 13.566665 -2.720494 4.995094 -11.996016
3 19.203580 -9.400100 43.813211 -9.836716 -8.440010 -9.538404 -13.509899 -12.291664
3 31.043589 -20.639099 34.582159 -13.253543 -4.209779 -12.838417 -8.515349 -6.169561
3 1.237845 -16.352127 29.464371 -11.747023 15.408869 -12.149882 -5.901291 0.039238
1 0.000000 0.000000 0.000000 0.000000 0.000000 0.000000 0.000000 0.000000
1 96.340898 -55.452546 21.631081 -29.915972 -3.724677 -29.669107 -4.017662 4.807985
1 53.910059 -24.885576 47.709857 -17.324990 -8.620030 -17.545685 -23.196571 -10.047063
5 17.401560 -20.639917 6.204168 -16.194997 67.315075 -16.443369 -10.259881 -27.382639
2 14.676082 27.145630 13.640409 -11.311671 -16.814412 -11.332555 -12.788576 -3.214908
2 -3.408042 25.644335 -6.933537 -6.869649 -7.613635 -6.703435 1.896912 3.987049
5 25.181104 -6.691527 3.864130 -13.113406 44.455312 -12.808741 -19.311529 -21.575343
1 29.411373 17.569815 9.517780 -13.502406 13.389532 -13.884467 -21.062777 -21.438852
3 10.689636 21.086950 23.292531 -13.320658 -6.384235 -13.594630 -6.432448 -15.337147
5 6.385032 21.700467 -24.135655 -15.896208 21.960523 -15.252058 21.381114 -16.143214
5 46.929660 -25.226628 -2.691506 -22.457018 54.659495 -22.617824 -10.637237 -17.958943
1 29.109364 -8.901388 11.567057 -6.225169 -14.431302 -6.032848 1.740657 -6.826373
8 -3.991079 -1.137026 -11.298167 -1.448865 5.326558 -1.481578 2.421667 11.608491
1 66.961243 -1.628816 -4.076652 -19.912179 -5.815490 -19.336638 -5.570237 -10.621231
3 -11.060209 -27.399442 36.396986 -16.768949 35.601366 -16.286537 6.631601 -7.114816
5 -17.014921 -6.468541 19.402746 -9.368092 46.805701 -9.352410 -4.458763 -19.545719
1 37.297906 -9.883978 6.088448 -5.032188 -5.289419 -4.771727 -6.600248 -11.808794
1 18.018348 -5.358345 1.752702 -3.247751 4.311305 -3.617782 -5.454913 -6.403563
1 54.210783 -12.395557 -24.309408 -13.882313 17.704248 -13.666786 2.276606 -9.937575
5 -35.516386 13.831798 -18.784678 -7.330528 72.949982 -7.577498 -3.802369 -13.770322
1 115.825237 -28.561316 -1.823209 -25.861939 5.852665 -25.047313 -6.436368 -33.947759
3 -18.391932 -15.182975 34.129991 -3.848750 1.757316 -3.824486 2.079561 3.281274
5 30.406740 -23.233199 24.427800 -16.250764 50.962856 -16.186524 -19.522794 -30.604116
5 -15.693062 14.295158 10.152097 -8.332625 23.209948 -8.275988 1.948771 -17.304299
5 -1.279169 -23.703337 7.124321 -14.002889 40.754474 -13.780794 1.013997 3.873394
1 39.823914 -10.563020 -4.245157 -9.541992 4.269530 -9.002789 -3.826599 -6.913888
1 41.693027 -10.401612 11.352047 -15.801053 4.760048 -15.551415 -5.702114 -10.348929
5 47.669728 -2.114983 -1.283379 -33.437578 83.282017 -32.249831 -29.123097 -32.742877
5 5.169913 -14.728965 1.929988 -11.085493 58.107342 -10.708001 -15.641431 -13.043351
1 39.720861 -11.842922 23.206843 -7.708759 -4.902047 -7.563552 -12.834282 -18.076142
5 50.659514 1.493699 32.860703 -29.955523 52.856397 -29.552111 -21.725377 -56.637301
1 54.622741 -12.901254 17.392786 -12.021674 -23.343896 -11.373796 -5.723119 -6.651788
3 -7.494343 -11.354090 12.174350 -2.494210 1.592388 -2.496972 0.192908 9.879969
1 54.851350 -30.867318 27.729351 -22.609159 -11.632847 -22.366393 10.348522 -5.453507
2 3.714637 19.451168 7.970470 -12.920789 3.988802 -12.398499 -9.822424 0.016636
5 6.747399 -6.084706 0.151996 -4.420430 11.336728 -4.435699 4.247750 -7.543038
5 20.605486 -23.523603 13.870858 -19.663970 69.489495 -19.635858 -6.406073 -34.736334
1 18.523734 0.022488 4.211572 -4.100649 -14.330665 -3.870972 -5.121263 4.665756
8 10.422978 -11.987140 11.596535 -6.400647 -9.263472 -6.239044 -4.462316 16.333106
1 47.217717 -18.633581 3.350598 -11.039962 18.140099 -11.537578 -4.067339 -23.429953
1 24.937729 9.177586 -7.989576 -10.005048 14.517690 -10.071759 -11.332614 -9.234010
1 82.803240 -24.069963 57.714965 -27.186541 -25.176605 -26.260502 -16.773832 -21.050765
5 42.695338 18.577446 23.570531 -47.227243 52.947348 -45.840573 -19.214504 -25.508342
1 79.114730 -14.210499 -0.238526 -19.608326 1.713713 -19.418291 -22.663464 -4.689335
1 58.054966 -32.417543 25.354127 -37.014917 35.548539 -35.826081 2.168197 -15.867290
1 44.189617 0.411935 13.856432 -15.357535 19.019694 -15.165500 -22.466034 -24.488609
5 31.803163 -17.430142 26.804210 -21.082726 32.045760 -20.956278 -3.447864 -27.736122
1 35.412072 -8.292886 8.991052 -8.341504 -26.856830 -7.823115 3.663702 3.247507
5 24.625728 -25.641357 8.198772 -12.142931 28.021167 -11.542087 1.901091 -13.420382
1 55.878832 -23.120788 3.545811 -16.571941 45.433287 -16.609003 -16.610329 -31.945871
1 68.609399 -20.890103 -5.671802 -15.987134 27.808028 -15.400587 -9.412198 -29.055602
5 -6.890274 -10.205393 -3.762834 -5.954375 47.522402 -6.216250 -7.545516 -6.947759
5 28.782872 -22.246854 -13.543032 -19.913452 80.189668 -19.527632 -10.664803 -23.076764
1 0.000000 0.000000 0.000000 0.000000 0.000000 0.000000 0.000000 0.000000
5 -7.212308 0.000000 -2.457729 0.000000 12.026869 0.000000 -1.107101 -1.249733
1 55.414789 -10.743429 12.760586 -23.212589 18.271254 -23.356587 -14.938535 -14.195488
3 9.627876 -4.839015 12.034352 -5.440240 -15.312520 -5.665721 4.735965 4.859304
5 3.378164 5.799683 25.062575 -12.255953 28.439860 -12.079399 -11.347198 -26.997733
5 1.022909 -8.416455 -9.285751 -8.464570 57.582074 -8.357141 -12.045994 -12.035072
2 9.503497 28.480584 28.156974 -14.987594 -11.279721 -15.314638 -11.745515 -12.813588
1 49.939539 -25.417472 -4.901106 -21.516975 24.491813 -20.642293 -6.950314 4.996808
5 -20.184369 -11.434766 -14.557238 -6.641853 66.176040 -7.151468 -7.471316 1.264970
5 -9.012932 6.058511 -9.466163 -16.764685 44.708929 -16.698092 -17.729143 18.903577
5 1.123326 -5.109413 5.883692 -9.210085 17.930091 -9.260039 -7.980106 6.622532
5 -4.011732 -5.823183 -0.439342 -6.086763 25.476774 -5.758415 -5.739199 2.381859
