1 39.331194 -3.240630 10.874988 -14.875444 12.122792 -15.216198 -13.410075 -15.586627
1 78.457181 1.078136 -17.429626 -18.096219 12.908282 -23.181623 -7.494206 -26.241925
5 10.678379 6.566904 -16.027747 -4.003111 13.982063 -6.360094 -0.404584 -4.431808
1 26.835669 -8.221899 13.331722 -13.685529 21.684509 -2.352877 -7.049870 -30.541723
1 71.540765 18.480036 -5.588636 -22.270641 1.435632 -25.182746 -14.040826 -24.373581
5 35.570082 -22.842570 23.508452 -26.334377 64.223883 -30.272997 3.896583 -47.749051
1 55.333992 -10.106979 -4.977022 -13.848556 13.272928 -16.017659 -7.348475 -16.308228
3 17.068256 -11.199135 18.875150 -9.866152 -9.250815 -9.972106 4.472530 -0.127728
3 0.922407 -10.779853 61.762833 -10.788171 -4.776611 -10.665527 -12.124954 -13.550124
1 29.676334 -7.301076 27.505943 -19.968237 13.732134 -23.659756 -1.710482 -18.274859
1 179.601361 -31.578204 -39.429582 -43.713340 63.139522 -50.493131 -13.809743 -63.716877
1 53.500062 26.689926 -15.431614 -16.279284 -7.121587 -18.359184 -6.263814 -16.734503
1 71.133353 -13.767072 16.193676 -22.487287 14.030295 -23.792236 -12.254833 -29.055897
1 32.096591 15.653268 -2.040261 -12.017752 -7.638579 -14.341740 2.975923 -14.687447
1 61.510142 -26.976166 15.235527 -17.682989 21.096567 -18.796397 -16.375255 -18.011428
7 6.314946 -6.910866 -5.685277 -7.327394 14.893452 -10.586251 17.641519 -8.340128
1 89.843583 20.759425 -7.958298 -22.103721 -17.358713 -24.878509 -12.696873 -25.606891
3 -3.440876 -9.782152 41.729715 -17.827708 8.284414 -10.495211 1.791548 -10.259728
3 22.097686 0.848634 29.690243 -19.481314 24.518581 -9.074491 -21.244460 -27.354879
3 41.987729 -24.540785 47.066085 -19.761953 2.221962 -22.978265 -7.004653 -16.990120
1 41.307901 12.598633 1.011432 -10.757725 -5.402944 -11.828091 -13.193585 -13.735620
1 26.465246 5.725550 12.216002 -8.021585 -5.808699 -9.021513 -9.738348 -11.816655
1 51.399904 -9.399023 -3.075365 -9.240643 -3.306795 -9.507203 -4.445496 -12.425379
1 12.721127 -1.720081 -3.761365 -1.398102 -2.714501 -0.900568 -1.586477 -0.640031
3 18.879135 -4.344694 21.482477 -11.046067 -7.660860 -0.346607 -4.198708 -12.764678
1 42.793852 7.707731 28.653282 -21.210699 10.163975 -23.015074 -14.134961 -30.958106
1 57.192890 14.842298 -14.459620 -14.266287 -30.013319 -17.071127 17.695839 -13.920675
3 1.161530 -2.412523 6.341262 -1.629441 4.723515 -1.928409 -3.314270 -2.941664
2 10.565596 14.584420 4.915128 -2.921991 -14.478741 -5.743886 -1.640166 -5.280360
3 -2.627483 -9.346570 31.619712 -3.162317 -1.363169 -2.326459 -7.817131 -4.976585
3 7.597319 -1.935069 29.304180 -4.763080 -7.659870 -4.018615 -10.878944 -7.645922
5 10.728542 -3.899966 -13.682577 -2.683692 17.186455 -2.432049 -2.823508 -2.393204
1 12.728716 -1.991649 0.342474 -1.021784 -4.280702 -2.375029 -2.321738 -1.080288
1 36.551842 -1.459506 15.989586 -14.816654 -6.193675 -7.725762 -3.944720 -18.401110
1 148.410245 -4.216457 28.832905 -40.163707 -13.364143 -35.161774 -31.505550 -52.831516
1 44.370511 2.639917 23.996596 -18.119797 -4.883631 -19.580869 -12.282817 -16.139909
1 69.463093 -8.786791 58.128293 -17.690347 -42.186149 -16.248951 -14.390064 -28.289087
5 -22.038971 0.619585 22.294047 -11.151646 37.030971 -3.588149 -11.017781 -12.148057
1 29.096172 -5.727547 20.456778 -8.807861 -4.888465 -8.176943 -11.912464 -10.039670
5 10.589337 -7.142278 17.909090 -8.624228 19.111082 -9.758817 -3.055398 -19.028787
3 2.236688 4.868488 31.243099 -12.830788 9.687123 -7.363367 -10.383137 -17.458103
1 31.409186 -13.905709 0.155446 -3.411147 -5.789451 -2.525001 -3.359850 -2.573476
1 105.572943 -1.595808 -44.767467 -22.846678 29.429627 -26.244758 -16.024702 -23.523157
5 -11.893011 -0.388853 -13.246377 -9.562316 57.541625 -6.556686 -0.756752 -15.137630
1 32.640629 0.863314 -15.690770 -9.092505 17.487633 -9.852829 -5.143256 -11.212215
3 28.158962 -12.828584 29.018493 -15.367328 10.010772 -4.704146 -13.014676 -21.273492
1 35.971590 4.463316 -27.931976 -11.476231 24.906652 -16.853525 5.843608 -14.923432
1 41.587259 -8.905650 11.066365 -19.343775 32.774781 -22.393476 -10.251534 -24.533971
1 6.144484 -1.021210 -2.376351 0.000000 -2.687525 -0.000000 -0.059398 0.000000
1 179.588112 -28.765078 -10.117205 -39.056550 24.750251 -42.274356 -22.402046 -61.723124
1 39.618263 6.547633 1.662227 -17.010872 21.181790 -21.886148 -11.576814 -18.536079
3 3.768321 -25.793810 57.181632 -19.182493 13.965183 -10.451584 -5.561160 -13.926088
3 19.244558 0.947600 33.105549 -10.385189 -11.772452 0.128084 -14.969681 -16.298469
1 37.784101 -8.136043 2.335289 -6.148068 -7.457052 -6.229681 -6.608749 -5.539799
1 32.091656 1.626219 30.466648 -13.562425 -10.308116 -14.520613 -10.592628 -15.200740
1 35.543086 0.906487 -4.724236 -11.846980 11.194308 -14.940424 -3.464129 -12.668111
5 5.863864 -10.915635 6.888751 -8.918100 19.972238 -10.393653 -8.367521 5.870057
5 32.735319 -14.041804 -26.415461 -11.680785 60.777583 -14.039248 -9.449051 -17.886555
3 9.238324 -4.036047 25.320873 -4.865712 -8.191309 -5.855960 -2.424517 -9.185654
1 37.961496 -8.337875 -0.771568 -7.489808 -3.401238 -7.258766 1.701377 -12.403617
3 30.784979 -18.701719 38.715319 -18.119887 7.633953 -20.234239 -7.676244 -12.402162
1 50.459254 13.997944 -22.362329 -15.167560 14.036288 -16.331682 -8.295737 -16.336175
5 28.085399 -8.622848 -5.098130 -18.153640 45.022800 -22.574296 -13.214620 -5.444665
1 21.927685 -13.983564 10.506932 -8.533428 8.854850 1.203449 -7.426842 -12.549083
5 22.987204 -2.121310 -2.906382 -17.639848 38.106340 -11.565543 -5.384944 -21.475517
1 69.883975 1.097398 -7.548473 -19.397584 17.046757 -24.999603 -13.143275 -22.939197
5 25.136382 -10.979210 -13.160226 -17.037845 58.816469 -20.154428 -5.015774 -17.605365
5 13.023660 -1.168813 -6.490510 -5.235358 14.777449 -6.776068 -4.176212 -3.954146
1 123.206595 -25.700214 -0.539706 -28.151315 -2.228842 -34.611658 -10.305974 -21.668886
3 -2.226392 -12.548081 75.137676 -10.083042 3.215425 -10.331931 -21.245111 -21.918541
1 74.530397 -2.003452 -11.382103 -29.009773 23.671366 -22.524336 5.590486 -38.872582
5 26.508332 -5.406054 -7.997953 -18.034959 40.512941 -1.729793 -7.004362 -26.848151
3 -24.889054 -2.916678 50.884990 -7.078433 -2.494093 3.817461 -8.386172 -8.938021
1 46.454273 -19.718913 16.358477 -14.420047 -13.127987 -0.764232 -5.119934 -9.661637
5 33.806788 -1.855108 -34.910388 -12.917647 47.784862 -17.371622 1.456047 -15.992931
3 14.123177 -7.463854 53.345333 -11.554298 -24.973499 -11.210746 -7.154454 -5.111660
3 22.120600 -26.651340 77.494096 -30.229979 -0.454721 -20.399476 -18.855915 -3.023265
1 153.761402 -30.097974 5.524397 -43.315796 22.605033 -44.758495 -16.023162 -47.695397
1 51.215185 -3.914816 25.742369 -22.435342 12.824350 -25.654975 -14.551811 -23.224957
5 3.147089 -16.886932 36.421370 -12.532237 36.887876 -13.166008 -17.296971 -16.574190
1 101.415188 -10.914979 -10.859102 -18.184165 4.330605 -21.671685 -12.766676 -31.349188
1 35.905976 18.431474 -14.451803 -12.937275 6.664260 -17.079503 -2.988218 -13.544910
5 16.797934 -12.975690 16.511944 -9.817545 22.511307 -9.416242 -6.458512 -17.153197
3 15.530310 -10.740491 34.760576 -8.894381 4.862136 -8.657311 -8.229323 -18.631516
1 81.695991 -12.755895 16.341238 -19.670962 18.679363 -23.253123 -28.371302 -32.665310
1 41.900368 -1.426886 22.884980 -17.565150 4.075761 -18.959085 -24.560954 -6.349036
1 27.048183 -7.948338 19.291784 -8.717459 18.236485 -10.178253 -18.232265 -19.500139
5 16.393796 -18.609253 2.928627 -8.157623 25.008867 -9.468266 7.410791 -15.506939
1 87.977546 28.673168 -50.230316 -25.757723 9.048399 -33.280661 -10.529125 -5.901285
1 0.000000 0.000000 0.000000 0.000000 0.000000 0.000000 0.000000 0.000000
3 2.095083 -1.418305 26.315135 -15.167556 23.018667 -17.485786 -23.411959 6.054724
1 29.372419 2.902546 10.884204 -10.446778 -8.045259 -11.850539 -1.192475 -11.624118
1 120.590913 -22.757519 13.392748 -32.575293 30.028401 -37.333747 -28.911188 -42.434314
1 162.433143 -9.046855 -15.191779 -34.204927 -10.974878 -39.611418 -27.182091 -26.221195
1 31.921040 8.226360 -1.210192 -7.156209 -10.169021 -7.427957 -6.369866 -7.814155
3 14.476496 -2.082673 25.190021 -9.998439 9.805104 -10.794683 -14.995759 -11.600069
5 48.912690 3.708430 -42.607367 -20.299409 58.039103 -16.796505 -8.421976 -22.534966
1 2.879174 -0.191649 0.000000 0.000000 -2.687525 0.000000 -0.000000 0.000000
5 18.373073 -10.528968 -0.682448 -11.093765 39.142559 -14.207320 -0.881907 -20.121223
1 64.105652 -11.626685 4.148915 -25.421359 47.932324 -23.405445 -12.364750 -43.368652
1 82.576109 11.131838 -48.445298 -30.654412 51.831363 -37.083613 -13.154678 -16.201305
1 66.142273 -15.266855 14.674405 -19.983665 24.623540 -24.257251 -16.426858 -29.505590
1 60.987718 -13.080224 5.750259 -17.134874 13.262093 -20.260624 -9.408602 -20.115747
1 0.000000 0.000000 0.000000 0.000000 0.000000 0.000000 0.000000 0.000000
1 23.012063 -5.624197 4.198584 -2.622548 -3.247191 -5.077639 -6.889447 -3.749626
3 7.267091 -1.754592 15.750567 -2.781353 -4.407199 -2.483142 -6.729281 -4.862092
3 10.102316 7.324357 17.861387 -8.589573 -13.191048 1.541300 -5.665800 -9.382939
1 34.764196 -2.927172 -8.789794 -11.781448 33.423174 -16.580062 -6.933155 -21.175738
1 61.728895 15.550335 0.143851 -14.361812 -17.044092 -15.075424 -14.444928 -16.496824
1 46.368446 -16.902274 21.919407 -5.965559 -15.808634 -6.911180 -13.901730 -8.798478
1 64.937608 -15.177600 11.891114 -13.468452 -24.138849 -14.753728 -5.778510 -3.511585
1 83.736913 -34.038398 55.942503 -36.362639 16.212355 -38.415758 5.690014 -52.764988
5 50.703860 -25.513024 -11.625439 -20.928657 67.763497 -13.492005 -24.835341 -22.072889
1 85.987680 -10.175741 -5.484339 -21.587675 23.750652 -24.762606 -7.361843 -40.366129
1 16.515270 -4.190704 0.753669 -2.968053 7.579046 -3.847555 -6.522651 -7.319023
1 61.599420 -5.976342 8.649329 -11.826256 -22.730496 1.428664 -11.164518 -19.979803
1 0.000000 0.000000 0.000000 0.000000 0.000000 0.000000 0.000000 0.000000
1 89.640108 -18.573832 -37.354894 -18.306965 52.237563 -22.095303 -12.093999 -33.452678
5 53.486653 -13.698439 7.629847 -24.010547 60.606588 -30.508236 -12.912600 -40.593266
1 102.723722 -11.863155 45.328531 -38.631162 5.721011 -39.009628 -24.811629 -39.457689
1 36.764464 -12.654004 28.488651 -9.864346 -3.569448 -10.003216 -12.632004 -16.530098
5 34.819664 -2.526509 -26.984380 -15.640814 43.392908 -9.196630 -4.334539 -19.529699
1 29.084176 -3.268668 27.421880 -7.234434 -22.588040 -10.202806 -1.760600 -11.451508
3 10.978611 -15.708784 62.526483 -10.368814 -8.206242 -9.269958 -13.372860 -16.578438
3 17.571724 -28.492449 58.388068 -21.668801 28.215658 -16.144535 -14.398099 -23.471565
1 92.809682 -18.926756 11.208945 -16.274674 -6.511283 -19.439429 -20.217082 -22.649404
5 10.848327 -3.736212 19.501116 -13.372582 22.740651 -6.351553 -14.169133 -15.460614
1 70.796045 -5.554137 31.238826 -17.294501 -33.766506 -17.485595 1.493195 -29.427326
3 3.922340 -6.355125 10.776576 -4.514160 -17.242505 -4.305624 7.095893 10.622605
3 18.550768 -20.131555 25.862476 -11.698497 -2.519414 -12.307592 -2.153287 4.397101
1 44.183101 -24.037025 35.732878 -16.235327 28.012496 -18.782820 -21.852677 -27.020627
3 -11.369735 -5.642299 18.110498 -3.255110 -21.480686 -3.937378 15.778321 11.796389
3 4.209008 -12.721363 38.176222 -20.621211 12.102841 -20.251490 -10.882123 9.988118
1 139.262512 -19.490130 -48.921167 -41.358425 101.004315 -47.576103 -15.430267 -67.490728
1 47.929309 11.003652 -20.393562 -11.712720 5.358601 -15.408370 -7.609358 -9.167553
1 60.026676 -0.777318 7.671769 -21.404172 5.709353 -23.212749 -2.191520 -25.822035
1 71.412256 -10.755938 -23.666049 -16.859604 24.235214 -7.289569 -24.463151 -12.613161
5 11.515546 -5.234808 10.722802 -5.947357 14.173003 -8.369285 -5.257919 -11.601982
5 -12.139691 -4.192422 2.239859 -6.403810 34.855038 -0.576574 -3.235023 -10.547378
5 3.780769 0.594980 -4.803998 -2.111682 11.507804 -2.497390 -2.972665 -3.497815
1 61.095981 1.357153 23.299602 -21.433633 -11.823266 -21.096387 2.679818 -34.079266
1 84.969645 26.157579 -37.921072 -21.278248 -12.723927 -15.614386 -2.993369 -20.596223
1 25.155267 -12.135097 14.721620 -8.583035 15.943271 -9.689012 -12.554193 -12.858822
1 80.397349 -25.297840 -1.400246 -23.230401 57.299815 -29.759555 -12.993713 -45.015409
1 102.020454 -20.522770 66.491541 -41.034252 0.778964 -27.073234 -28.414021 -52.246680
1 38.370592 -5.832876 11.991490 -12.218050 -0.080613 -13.416146 -7.024726 -11.789669
1 24.744221 6.452301 16.805533 -11.076572 -3.420671 -11.786831 -12.382480 -9.335501
1 52.587896 -22.590354 22.128492 -17.212378 15.809136 -18.328388 2.472649 -34.867052
1 93.618822 -37.658751 53.649046 -36.880979 57.636648 -38.902212 -38.489709 -52.972863
3 -9.415500 -6.673638 50.362494 -5.884079 -32.149018 -5.109014 3.036325 5.832429
1 43.478354 -26.047028 28.320575 -21.517946 17.448182 -13.804719 3.353287 -31.230703
1 128.299051 -44.210839 57.711276 -44.109752 34.960569 -49.404491 -6.747454 -76.498357
5 15.307432 4.018882 14.316125 -12.766776 15.914188 -1.434586 -17.255471 -18.099794
1 32.337059 3.874203 -7.745170 -9.260462 7.653870 -9.374742 -7.437930 -10.046828
3 29.929735 -18.349716 51.365995 -16.278371 16.570565 -17.045249 -23.455001 -22.737961
1 0.000000 0.000000 0.000000 0.000000 0.000000 0.000000 0.000000 0.000000
1 47.996456 9.422812 31.351948 -15.977059 -24.996356 -16.912840 -14.842921 -16.042040
5 2.434152 1.378133 -5.146472 -2.111682 10.930820 -2.497390 -1.489745 -3.497815
3 -14.128597 -3.234037 25.305733 -2.675670 -17.475142 -3.399330 3.650125 11.956920
3 -33.308641 -4.770749 21.477077 -7.569516 17.804410 -1.201741 2.915274 4.653886
1 27.814688 -4.932323 -26.901276 -5.884338 26.059520 -8.040056 -0.806789 -7.309424
5 -14.925335 -3.265703 -2.098930 -6.398765 35.727602 -0.689964 3.117159 -11.466064
1 14.443861 -0.638452 -10.497151 -2.436581 4.768490 -4.639418 3.336031 -4.336781
1 28.480101 7.603364 11.042949 -10.257909 -4.030131 -11.371527 -12.610845 -8.856001
1 26.890565 -4.567706 -9.313100 -6.554512 13.424530 -8.005830 -6.746017 -5.127930
3 62.116286 -28.549652 64.372939 -24.673232 -18.132175 -25.640349 -8.292672 -21.201145
1 20.634713 -9.443724 12.772709 -7.536521 -10.892943 -7.803281 16.555387 -14.286340
1 44.673928 -7.451923 12.006506 -14.756402 1.499140 -15.377879 -5.089762 -15.503609
1 32.910158 -11.882314 12.952732 -10.504574 18.930014 -12.284573 -6.875803 -23.245640
1 90.287121 9.774528 -34.788271 -16.578100 -5.841223 -20.723096 -2.810395 -19.320563
1 31.405591 -8.443780 -13.470623 -2.309745 0.516945 -1.962980 -4.117661 -1.617748
1 63.823478 -9.885361 3.975432 -14.052088 -7.484560 -13.803860 -8.273315 -14.299724
5 -0.260715 -4.943456 14.464470 -4.519072 23.208826 -6.086048 -10.596281 -11.267725
1 0.000000 0.000000 0.000000 0.000000 0.000000 0.000000 0.000000 0.000000
1 22.176003 -5.079152 16.037620 -13.033366 7.710056 -15.502829 -13.593651 1.285319
1 86.523698 14.224411 -33.011120 -20.069564 -1.361103 -22.880398 -5.495653 -17.930269
5 -2.482543 -5.999291 -4.294285 -7.922002 46.011656 -2.458700 -8.232778 -14.622057
1 54.668309 -15.997284 -10.115310 -11.743451 24.951973 -12.637802 -7.650622 -21.475813
1 18.068055 1.656726 9.915204 -7.937524 2.751335 -9.030245 -7.844340 -7.579212
3 -40.154008 -5.783554 45.136199 -10.927418 28.480995 -3.074240 -13.025137 -0.652838
1 28.915079 6.386854 6.067968 -4.547413 -19.726114 -5.597796 -6.213786 -5.284793
5 3.515237 1.247681 0.379432 -9.003184 34.509574 -4.833729 -10.112668 -15.702345
1 33.270020 4.653993 -26.426408 -6.479109 9.249410 -6.891599 -2.191570 -5.184736
3 -2.208654 -30.258173 74.374858 -25.171347 74.092530 -30.711543 -32.518747 -27.598925
3 14.509891 -12.561655 43.732644 -15.893885 1.252255 -16.958446 13.958857 -28.039661
1 35.420316 13.814425 -18.534381 -13.208301 16.998176 -17.731054 -4.560463 -12.198717
1 109.186709 -19.927073 -21.834864 -26.461464 46.105525 -33.315248 -6.039808 -47.713776
1 103.786065 -30.305972 -11.103489 -32.700978 55.017337 -33.700672 -2.863567 -48.128721
5 21.153301 -1.238744 -29.904166 -6.192316 25.415743 -10.508598 11.122125 -9.847345
3 2.799452 -1.697013 32.023005 -4.763080 -4.395361 -4.018615 -12.302467 -7.645922
1 11.514292 0.058865 -14.216181 -2.436581 10.696805 -4.639418 3.358998 -4.336781
1 38.000650 -1.926994 5.105712 -9.410398 -4.884396 -10.353790 -8.199454 -8.331331
3 20.866958 -8.507839 39.107761 -10.209698 -1.197142 -14.555062 -15.055824 -10.449155
5 13.281405 -12.617085 1.968656 -14.013707 51.528196 -8.816897 -4.944925 -26.385643
1 40.828811 -16.048322 -0.294572 -13.806997 31.286076 -14.209555 -6.257712 -21.497727
1 19.244359 -9.828373 16.273849 -11.600678 15.007573 -3.751476 -12.139835 -13.205421
5 -16.118639 -2.000237 -5.047955 -4.953949 35.745085 1.388855 -1.710127 -7.303034
3 8.344157 -9.301486 28.728733 -4.121829 2.872351 -3.581659 -14.898555 -8.041714
1 41.662630 -17.977876 28.510929 -12.042052 11.012185 -12.354018 -21.292089 -17.519710
5 9.973981 -6.323006 6.093616 -8.101058 19.320449 -11.247139 -11.616810 1.899965
1 24.017432 -2.830257 17.183063 -8.262462 -6.054443 1.896996 -13.116396 -12.833934
3 18.084843 -3.924292 20.871783 -4.810654 -9.219455 -4.933836 -7.801423 -8.266967
1 41.948924 -4.986053 3.203611 -12.157947 2.437998 -12.607413 -6.049450 -11.789669
1 148.605378 -10.862494 -0.716935 -43.260577 -13.223903 -46.008672 8.016383 -42.549179
1 13.685574 -3.800655 8.307444 -4.172597 7.050399 -4.314611 -9.236881 -7.518672
1 10.691586 -2.476198 0.000000 -0.491910 -7.410424 -0.000000 -0.313054 -0.000000
5 15.899851 -14.435971 16.707009 -16.030692 54.029741 -16.954820 -20.334971 -18.880146
5 -16.118639 -2.000237 -5.047955 -4.953949 35.745085 1.388855 -1.710127 -7.303034
1 11.961148 0.528508 9.276661 -2.702166 -9.338589 -2.254177 -3.846321 -3.625066
3 15.995624 -19.446504 38.760012 -14.482977 5.903880 -15.911489 -0.234518 -10.584028
1 81.612737 19.285680 -71.127944 -32.533015 79.055449 -42.632637 -13.520637 -20.139630
3 -4.564454 0.049771 14.571506 -2.781353 -2.296657 -2.483142 2.366421 -4.862092
1 100.402984 -18.250891 -3.071446 -29.138258 24.844371 -20.642891 -17.609856 -36.534013
3 8.823795 -31.292651 108.456434 -23.608824 9.244821 -12.963375 -26.464021 -32.196181
1 64.279788 7.363525 -12.362272 -14.227599 -8.625301 -17.135587 -7.089405 -12.203150
1 93.971411 -18.084879 37.565778 -37.477867 62.966948 -42.199759 -22.047905 -74.693725
1 52.635385 -10.227020 23.950452 -13.320021 -5.807634 -13.045913 -19.041921 -15.143329
5 -6.325383 -1.247739 -11.018342 -1.104724 15.108709 -1.060836 6.447629 -0.799314
1 134.602986 -8.647525 -15.795352 -29.055824 17.506912 -34.192745 -28.487349 -35.931101
1 29.949268 -0.123817 24.900039 -12.191751 -4.486680 -12.784149 -12.069487 -13.193423
1 30.598005 -13.984348 19.047588 -14.363648 19.755567 -16.201754 -9.317751 -15.533657
3 -7.586990 -3.607857 22.174046 -3.048341 1.637286 -3.151979 -3.490110 -2.926054
1 57.894142 -23.159373 20.304367 -17.791818 15.151435 -18.813653 1.442483 -35.027583
1 68.041064 -16.672294 40.959614 -35.884439 30.811820 -30.092204 0.014241 -57.177800
3 3.978948 -2.192185 7.287814 -1.449861 -0.890046 -1.965429 -1.524896 -3.244344
1 0.000000 0.000000 0.000000 0.000000 0.000000 0.000000 0.000000 0.000000
1 55.775376 -16.186470 11.378800 -16.127497 11.603153 -17.326520 -12.943151 -16.173689
1 58.668226 -4.889115 19.314549 -14.661204 -15.269306 -14.169982 -14.999185 -13.993985
1 73.219610 -12.300189 -10.222693 -14.262204 26.455663 -14.573282 -24.805816 -23.511091
1 33.374305 -10.616848 3.743466 -9.059758 15.081995 -10.205753 -3.234798 -19.082609
1 0.000000 0.000000 0.000000 0.000000 0.000000 0.000000 0.000000 0.000000
1 4.010579 -1.056090 -1.820902 0.000000 -0.485087 -0.052783 -0.595717 0.000000
5 14.975213 -2.702339 -14.962836 -5.570606 25.520712 -8.098164 -0.621010 -8.540970
1 10.326325 7.274586 0.076942 -5.808220 -10.894392 4.024442 -0.478838 -4.520847
1 54.086502 -2.618077 -18.509972 -15.223425 10.082830 -20.398477 17.961207 -25.380587
1 93.042838 -22.798302 -19.095129 -18.505620 15.782780 -11.053650 -15.716587 -21.656331
3 25.449635 -15.858270 62.527004 -13.351926 0.732791 -14.133286 -23.535825 -21.830123
1 92.129573 -9.077867 -14.815122 -26.971560 40.701825 -31.269411 -10.685922 -40.011513
5 15.854137 -9.313150 -4.358866 -11.600678 42.675038 -4.761929 -15.289132 -13.205421
1 40.862766 -2.946329 -16.014460 -6.836582 6.595802 -9.636361 -6.829872 -5.194965
5 3.077745 -0.923465 7.776731 -5.680170 19.745599 -6.732605 -8.743396 -8.520438
5 8.229387 -6.392686 9.854384 -6.336761 11.735561 -7.338088 -4.841924 -4.909874
1 49.112205 -4.219488 15.199096 -14.860113 -3.636083 -14.861590 -11.319293 -15.414735
1 79.734155 19.073533 11.270013 -33.252072 13.257201 -39.716369 -17.702559 -32.663900
1 39.878248 -8.574613 4.579201 -6.091705 -9.205589 -6.358198 -2.463757 -11.763586
1 42.365945 -12.145224 6.153105 -8.990626 -2.040288 -8.127858 -10.234662 -6.980392
5 24.449062 2.559297 -5.657935 -8.107186 30.445387 -10.192501 -15.360262 -18.135862
1 90.395528 -22.609666 71.660428 -27.995656 -18.868392 -30.545047 -29.290614 -32.746586
3 1.976536 -2.869087 6.133420 -1.954425 5.330230 -3.410696 -1.961633 -3.244344
1 51.315080 -20.562422 28.167718 -14.257977 4.351035 -5.882534 -23.281090 -19.849812
5 9.007686 -12.657769 7.849998 -9.828055 21.463810 -2.109187 1.324417 -15.050900
3 -11.908935 13.940870 20.735596 -5.294409 -11.613182 5.744551 -6.089579 -5.514911
1 14.162452 -13.486849 12.593201 -6.572371 2.027407 -6.964964 9.017103 -10.775981
5 -8.366184 -8.675930 3.222366 -5.264916 27.565758 3.721867 -5.778368 -6.424592
5 15.902225 -7.642579 17.850587 -11.594156 25.228693 -13.675199 -12.935345 -13.134224
5 25.172393 -12.821788 -13.098803 -7.431875 37.744184 -7.174669 -11.399116 -10.990326
1 18.922070 6.477533 16.642088 -8.649676 -18.100566 0.732567 -6.641077 -9.382939
5 -27.059581 -2.208819 -26.770960 -4.953949 72.993220 0.378402 -5.075281 -7.303034
5 -3.009209 2.031581 13.399188 -8.152620 16.228832 -8.122636 3.409308 -15.784443
5 -6.546524 -8.284516 -16.887842 -8.979288 59.608312 -13.570405 -10.354536 5.014799
1 47.939474 -11.118431 -1.088523 -15.129262 30.018020 -18.095251 -11.331622 -21.194406
3 3.329995 -17.442335 43.939829 -15.905345 37.020176 -8.870430 -16.802358 -25.269531
1 27.715124 -12.220416 23.321559 -11.301226 9.794579 -10.619002 -14.983216 -11.707402
1 41.531432 1.429909 -16.801561 -7.941067 -2.057900 -7.666525 -1.604384 -6.889902
5 30.446486 -12.633100 -4.199948 -8.726002 39.166253 -10.339616 -16.897152 -16.816921
1 103.346090 -12.616496 5.678109 -23.469437 -0.485868 -24.223039 -21.743058 -26.486301
1 15.459649 -7.713240 9.050311 -3.380068 -2.361725 -2.994200 -2.866086 -5.194641
5 10.450484 -15.712797 9.302019 -16.872587 50.402703 -11.762281 0.195467 -26.003008
1 15.763948 -6.617794 6.262941 -6.091705 5.516540 -6.358198 3.287853 -11.763586
5 -0.614965 -1.510984 1.529915 -3.360793 24.023511 -3.978860 -11.065203 -5.022623
1 72.329801 -2.846606 12.540136 -21.963654 20.032227 -27.677822 -19.110751 -33.303330
1 51.892956 -18.854098 26.766181 -17.577308 23.128295 -18.442359 -24.760892 -22.152773
3 4.671643 -3.677989 12.277384 -3.074257 7.870418 -4.007228 -6.955276 -7.104694
1 85.758882 -7.088728 -24.941750 -31.019404 69.053400 -38.394890 -3.645303 -49.722205
1 80.397454 -22.621073 3.164176 -20.658284 33.557999 -22.532076 -19.548166 -31.760027
1 33.908898 0.090317 22.733440 -12.771191 -5.721364 -13.269414 -11.616734 -13.353954
5 26.320250 -11.055022 -1.052697 -12.124341 41.803953 -15.336482 -10.560743 -17.994917
1 51.134775 0.511930 26.932618 -18.838531 -10.679821 -20.031987 -3.135324 -25.893662
5 2.434152 1.378133 -5.146472 -2.111682 10.930820 -2.497390 -1.489745 -3.497815
1 48.525683 -3.674794 32.346686 -13.770821 -1.598590 -14.017534 -26.607389 -21.203240
1 32.519358 -4.052126 3.520440 -12.071077 18.920633 -13.427723 -12.192743 -13.216760
5 24.111077 -25.512136 32.658401 -22.384174 77.606624 -17.458306 -31.732421 -37.289066
1 94.937544 -44.232679 79.259825 -32.977499 19.789105 -32.475099 -41.301681 -42.999518
1 38.864293 -19.063477 31.641087 -14.895120 16.637808 -15.409892 -19.258798 -18.515900
5 -0.157413 2.656801 -9.034690 -7.239328 28.738402 -0.872934 -4.393934 -9.696904
1 43.841293 -16.720207 13.183100 -15.511679 27.986705 -20.020304 -2.074316 -30.684591
1 60.829902 -12.368393 11.746238 -24.805195 42.331948 -26.361389 -22.531939 -28.841170
1 76.688551 -8.433824 -38.642112 -17.955989 19.145709 -21.047386 15.645603 -25.400549
1 49.960860 1.245790 5.101693 -8.513790 -24.149357 -8.943397 -2.541432 -12.160367
3 9.492800 -14.439302 44.341700 -14.442738 -2.724558 -14.695131 -4.416199 -3.116571
1 60.202224 -32.385461 30.226310 -22.907671 37.774513 -24.660013 -3.469246 -44.780655
3 21.100030 -8.846940 32.204127 -8.975775 -3.860486 -8.809863 -12.248671 -10.562422
5 23.903855 18.646123 23.225989 -30.033572 26.135581 -35.587822 -11.008759 -15.281397
3 5.512935 -6.229509 16.028625 -4.913982 4.616816 -4.820312 -5.177526 -5.017047
1 7.827373 -1.753407 -2.009881 0.000000 -2.694373 -0.052783 -1.316929 0.000000
3 -11.418244 -8.551786 45.447159 -5.884079 -14.261357 -6.119467 -2.479966 3.267740
3 7.471387 -13.630523 40.550392 -10.867312 18.196520 -11.872401 -14.642627 -15.205436
1 102.650909 -6.404305 -23.688044 -19.661210 -4.307962 -19.930512 -11.819895 -16.838980
1 73.198801 -20.124509 3.292165 -16.953095 34.432659 -19.621732 -22.464213 -31.760079
1 68.370162 -12.122518 -25.795970 -23.526537 55.431992 -26.906235 -4.249949 -31.200941
3 7.324908 -2.786596 11.854611 -6.328473 -9.816450 -7.948281 0.481997 7.218286
1 75.020187 -15.486162 29.480971 -31.776788 22.821411 -35.530495 5.311068 -49.840192
5 13.023660 -1.168813 -6.490510 -5.235358 14.777449 -6.776068 -4.176212 -3.954146
3 20.758449 -7.522933 58.722329 -21.317111 13.764908 -22.139643 -19.283902 -22.982096
1 54.321380 -23.790520 -1.223201 -12.820426 38.185425 -12.817841 -21.697872 -20.156945
5 16.099814 -10.182217 28.501653 -16.233051 39.054122 -20.850901 -12.869007 -23.520414
1 66.907264 -10.551637 2.186053 -22.204473 37.099396 -25.629988 -32.060684 -15.745931
3 -31.267739 -5.067435 42.591295 -5.311990 -17.434759 -5.350763 -3.671297 25.512689
1 7.430802 5.532563 5.985309 -6.396864 6.602595 -8.146822 -6.097710 -4.909874
1 49.868306 -21.627988 23.590314 -14.447661 16.383312 -14.761861 -12.282085 -26.722335
1 129.313330 -6.296759 -19.460855 -21.713663 -10.312980 -24.202784 -22.452918 -24.873372
5 24.914205 -17.058158 14.605788 -18.262345 52.031267 -12.918977 -14.064429 -29.247353
1 87.916088 15.370017 -26.475066 -29.628090 21.143023 -33.602899 -4.617100 -30.105970
1 12.877867 -4.524954 4.962393 -2.393506 0.212249 -2.896998 -4.715947 -3.521103
3 1.547282 -5.670217 31.761528 -5.169060 3.801352 -5.511619 -6.422462 -14.336805
3 -32.184655 -9.140923 45.445023 -13.344952 27.193145 -4.790526 -6.383337 -6.793776
1 50.620441 -11.165280 -4.096756 -13.055657 16.077939 -16.723130 -1.842456 -19.815099
3 12.914609 -8.086272 34.028252 -8.396335 -0.515260 -8.324599 -11.218505 -10.401891
5 39.670681 -13.941444 -21.519222 -12.850214 48.014382 -8.110664 -11.781774 -19.481744
3 -32.542368 -6.557987 57.165566 -9.019331 24.667566 -10.551024 -6.993934 -16.168490
3 -1.511652 9.449437 39.978776 -13.520859 -26.425394 -13.302886 5.919934 -0.587354
3 2.247626 -5.399948 18.404976 -4.913982 4.616816 -4.820312 -5.118128 -5.017047
1 88.662668 2.126282 1.611804 -33.404611 23.646052 -40.358443 3.637851 -45.921601
3 -25.054207 -5.249309 41.301324 -6.880400 9.508735 1.273207 -5.638694 -9.260656
1 75.381717 -24.505769 28.154357 -21.171051 -9.661033 -24.142301 10.969920 -35.025839
1 87.778903 -15.964439 15.639964 -26.609174 2.474625 -29.621794 -17.828704 -15.869380
3 59.656709 -26.538136 60.348008 -20.475004 -10.344161 -21.449868 -21.674003 -19.523546
3 14.525988 -3.930152 21.299493 -16.062859 18.774136 -18.751440 8.049655 -23.904819
1 141.146481 -39.877644 56.561382 -43.766651 48.893034 -50.936447 -37.640889 -74.379267
3 3.978948 -2.192185 7.287814 -1.449861 -0.890046 -1.965429 -1.524896 -3.244344
1 11.640891 -4.832021 10.344933 -8.698023 7.541413 -0.257504 -6.811884 -8.927805
1 50.549706 -6.356763 -23.303598 -29.486651 26.654103 -24.489501 9.768879 -3.336173
1 59.119993 -8.545209 -26.809266 -19.149866 40.222076 -20.248791 8.327074 -32.916007
1 107.985477 -16.443680 -23.129408 -14.234322 -0.044185 -14.915786 -15.963339 -23.254758
5 27.176089 -18.451845 28.750044 -27.775255 66.140964 -26.502891 -36.431632 -12.905476
1 137.188102 -14.801549 15.012279 -28.385682 -21.754064 -32.131274 -14.682512 -40.445301
1 10.428055 6.205455 2.938659 -8.847565 -7.003627 -11.689565 3.139980 4.828607
5 38.480947 -8.203131 -16.095176 -13.084491 40.002113 -16.059523 -9.311952 -15.728788
1 13.636096 -3.999054 0.753669 -2.968053 10.266571 -3.847555 -6.522651 -7.319023
1 41.351687 -9.422011 -15.797669 -8.336070 14.842365 -8.137069 -1.208364 -13.292870
1 54.936749 -18.752891 13.253239 -14.674741 15.173600 -16.047209 -9.266340 -24.622408
1 88.450728 -27.311788 -20.986122 -24.823540 60.256178 -27.971399 -10.315862 -37.298193
1 35.109860 12.082786 -4.542518 -10.287256 -18.770855 -11.732050 -9.832671 7.972705
1 51.611798 7.492620 -30.013994 -17.554964 38.526999 -9.485950 -14.475064 -26.101445
5 16.768291 -10.949074 5.767592 -8.152620 28.712061 -9.133089 -7.228719 -15.784443
1 45.637311 8.621792 15.429352 -15.987168 -9.035082 -17.243700 -11.437550 -15.984955
1 120.133710 -17.453589 -41.168679 -31.908397 41.642447 -23.621907 -8.901923 -38.721658
1 58.705580 13.586815 28.094030 -22.760143 -21.524628 -25.872815 4.267337 -34.496176
1 68.913563 -13.626050 24.346168 -18.272660 -14.340739 -20.424348 -20.998808 -5.597126
1 73.592636 5.087108 -2.819195 -18.858781 3.420019 -22.020475 -15.390705 -23.010608
3 -2.490386 -17.188644 58.823236 -15.071116 -0.057806 -15.734535 -0.212690 -8.068058
1 25.595157 -12.173216 15.559409 -7.332786 11.065735 -8.848293 -8.540832 -15.325175
5 -0.975150 8.542120 9.093775 -7.870104 16.178446 -9.797322 -7.955854 -7.215912
1 52.912976 -0.050850 -20.563019 -9.638468 -1.502381 -9.263347 -2.147224 -9.747686
5 21.709146 -18.876981 9.222585 -10.442094 24.082112 -1.776163 -13.794806 -10.123800
1 39.519053 0.803278 -14.661475 -12.043022 29.556007 -6.651694 -22.396967 -14.125178
3 -4.216552 -6.193086 36.842514 -6.739725 -11.133000 3.845308 -6.330030 -6.075429
5 4.538478 -15.858168 11.458746 -16.409909 62.896431 -10.315697 -13.605038 -22.704842
5 29.706344 -6.619976 -3.639133 -8.047789 31.463963 -10.192501 -14.535047 -18.135862
2 -16.878647 19.130468 14.404569 -6.410983 -17.337475 -7.050147 4.976829 9.165388
1 23.962421 3.275532 0.830612 -8.776273 -0.627820 0.176887 -7.001489 -11.839870
1 101.710194 -23.709271 -3.635990 -23.099989 30.485411 -28.220115 -11.628372 -41.901868
1 34.886995 -11.616611 31.670399 -19.425036 3.743480 -20.766619 7.601645 -26.094251
1 50.597511 -18.963730 0.671335 -12.435308 30.414877 -13.003471 -20.164738 -17.116475
1 67.801534 -14.771671 16.894494 -20.595789 28.194359 -25.958371 -23.607564 -27.956993
1 46.419355 -0.859881 -9.069712 -13.222482 23.648648 -13.933035 -10.972306 -22.010585
1 22.114493 4.444964 16.586894 -11.200294 -9.026042 -12.054651 -14.342496 3.477132
5 -5.214530 2.531282 -4.044482 -10.557823 38.075694 -6.029659 -3.324327 -11.436153
1 59.396610 -2.818190 2.316343 -13.658557 5.846282 -15.320187 -12.773553 -22.988746
1 27.997749 10.785633 0.444517 -11.732941 3.577982 -13.489795 -7.212402 -10.370744
1 54.799045 -8.239150 29.704659 -24.349630 1.408190 -25.883134 -9.137244 -18.302734
5 12.204090 -6.544326 -19.779141 -10.938023 58.253198 -7.636165 -6.440266 -19.119368
1 75.684621 16.714329 -10.512972 -12.465871 -34.126254 -15.117437 -3.888652 -16.287764
3 -9.793160 -25.373106 98.808514 -19.805144 7.104574 -19.462729 -13.880357 -17.598593
3 17.345160 -17.105243 53.485962 -9.736811 -0.486986 -9.370332 -20.550237 -13.581512
1 0.000000 0.000000 0.000000 0.000000 0.000000 0.000000 0.000000 0.000000
5 -5.800405 5.665297 -2.678812 -6.312784 17.812351 1.568723 -4.496585 -5.757785
5 65.905336 -21.521691 7.290158 -27.975083 94.877060 -39.448882 -32.164276 -46.962623
5 35.819177 -26.509909 23.780414 -22.392987 52.315081 -26.799434 -9.951653 -26.260689
5 15.581659 -4.181280 18.008956 -11.057651 18.464578 -14.009471 -8.456757 -14.350034
1 18.875176 4.578307 -9.245112 -5.653942 -16.216193 -7.532810 18.467699 -3.273124
1 74.978477 -4.618400 -22.064957 -19.437193 17.281017 -24.190393 9.787222 -31.735772
1 95.137231 -0.620717 -4.996254 -23.757549 -13.166888 -23.645565 -24.564334 -4.385924
3 -5.898525 -1.948184 36.981113 -5.518796 -18.371344 -6.631809 -8.543159 9.930703
1 13.122263 -5.595618 -3.569509 -2.747549 5.205004 -2.306406 -0.649845 -3.458339
5 1.343155 -6.783809 28.068835 -17.956631 42.262198 -19.246939 -5.980397 -21.706406
3 39.779388 -27.609315 42.019684 -30.435719 41.095639 -22.886714 -17.307803 -24.655154
5 -5.093457 -2.479337 -32.063947 -8.260841 69.600422 -5.930480 -4.132546 -11.639814
1 47.238580 -14.834885 1.176942 -11.820896 13.402504 -15.162310 -5.584730 -14.415206
3 26.188997 -15.524744 28.783999 -11.085862 17.814852 -11.597633 -17.716753 -16.862856
5 -16.118639 -2.000237 -5.047955 -4.953949 35.745085 1.388855 -1.710127 -7.303034
1 43.927736 13.495821 13.065968 -19.722429 -22.642598 -20.891248 3.575972 -10.809222
3 19.779613 -17.763466 68.878587 -23.600093 -1.649302 -24.075929 -20.378280 -1.191129
5 5.487513 -10.115557 6.893743 -12.733582 42.458397 3.254907 -17.636407 -17.609014
3 -7.998035 10.011633 47.849855 -12.712222 -29.232676 -13.262045 -11.936134 17.279625
1 35.732730 -18.914619 34.989285 -17.392112 21.261035 -16.477528 -20.746617 -18.452173
5 5.369808 1.080075 -11.839829 -2.436581 13.384331 -4.639418 3.418396 -4.336781
1 33.670442 -17.498089 22.801806 -12.860026 16.423629 -14.551718 -10.630267 -17.355775
1 17.101211 -7.787803 3.718304 -4.197410 4.314957 -4.271835 -2.174741 -6.702683
3 13.217705 -30.175748 71.272963 -28.307670 1.147078 -30.058322 38.298313 -35.394322
1 67.182038 8.289838 -14.598221 -16.776826 -1.101843 -18.088336 -9.746008 -15.160641
5 5.369808 1.080075 -11.839829 -2.436581 13.384331 -4.639418 3.418396 -4.336781
5 -29.678013 -5.544283 24.594577 -8.683041 45.617523 -2.873354 -9.620731 -13.812678
3 14.931666 -4.300018 28.980364 -7.270983 1.919571 -7.793888 -12.853287 -13.613426
1 40.246575 -0.023494 -1.380353 -9.216402 -1.233252 -9.889972 -8.947428 -9.555673
5 20.935257 -14.865973 7.317975 -16.812484 52.921314 -10.953547 -12.539533 -26.003008
3 -1.006337 -4.479062 17.927449 0.000000 -5.708011 -0.105566 -4.063783 -2.564688
1 16.506200 -2.289100 -6.329337 -1.977542 -1.107183 -1.385833 -2.616643 -0.800562
1 82.795420 -7.594217 31.102111 -20.131657 -32.626858 -22.976752 -16.922641 -13.645406
1 0.000000 0.000000 0.000000 0.000000 0.000000 0.000000 0.000000 0.000000
1 12.398086 -0.000000 -10.007178 0.000000 -2.390908 0.000000 -0.000000 0.000000
1 52.015466 -5.844408 -24.437401 -6.143066 1.394363 -8.366979 -0.822856 -7.795119
1 86.153500 -25.804322 7.103042 -18.813825 -3.840441 -4.993011 -14.761511 -25.043428
1 75.415562 -14.342332 -5.460484 -17.980021 34.995231 -18.342878 -25.883337 -28.401740
1 154.360633 -27.895442 -42.028490 -42.280645 68.323889 -48.682633 9.719099 -71.516407
1 153.299433 -10.901246 -20.056314 -31.764820 -20.529337 -36.580013 -3.668015 -29.799690
5 -7.298987 -7.475107 8.745212 -7.594303 37.343086 -0.860847 -11.374633 -11.484421
1 66.174835 2.597166 3.374678 -14.498883 -30.353070 -15.008563 1.871965 -14.158127
3 29.475348 -21.027795 45.934197 -15.906500 7.825221 -17.989783 -15.358115 -12.952572
1 11.961148 0.528508 9.276661 -2.702166 -9.338589 -2.254177 -3.846321 -3.625066
1 28.563599 -7.736836 17.556875 -14.108417 17.997332 -15.617408 -6.075321 -20.579825
5 3.305618 -17.069003 24.764777 -14.877852 42.536091 -9.817586 0.869289 -29.711334
1 123.230156 -31.932971 40.007244 -38.717366 22.529376 -29.998422 -26.247354 -58.870661
5 -10.009489 -5.239404 26.152233 -15.467009 42.666935 -10.647653 -8.239961 -19.215651
5 14.377492 -6.776605 8.277219 -8.873058 24.736686 -9.851793 -5.264263 -16.625679
1 62.246402 -2.342640 10.770574 -15.039784 -0.102190 -15.819427 -18.991427 -20.721508
1 28.847556 -6.365600 -19.602861 -11.448255 23.912352 -5.868776 5.760591 -15.235006
5 -8.464787 -4.249125 0.301364 -7.752726 37.138203 -0.747795 -9.304735 -6.920399
1 68.665751 4.480912 -28.499757 -20.507735 17.494660 -11.127444 -4.670324 -25.836060
1 80.537928 34.785254 -27.809503 -29.705329 8.641246 -34.783535 -0.358190 -31.307866
3 18.925085 -30.815524 83.636763 -22.519932 7.269952 -22.055082 -14.712619 -19.728641
1 75.385667 -11.429282 47.961951 -20.551587 -41.740460 -20.012821 -19.546269 -10.067197
1 62.044602 -14.982478 -9.707184 -7.465628 -7.211366 -6.973935 -3.220551 -12.483462
1 21.148088 -4.732437 18.691609 -5.749406 3.044737 -6.330698 -13.890779 -12.181116
1 61.434404 24.284859 -34.560097 -16.621607 1.709223 -20.154719 -3.763319 -12.328742
3 -4.593569 -13.780585 79.172052 -8.912235 -31.456338 -9.765303 -6.612740 -4.051283
3 20.456269 -3.296362 24.517981 -10.462152 -5.856528 -12.115167 -1.507835 -11.736205
1 40.794781 -6.297850 12.416779 -15.427332 10.928424 -16.289011 -6.142963 -19.982829
3 -0.368336 -12.261217 67.128797 -13.715199 -5.570381 -4.399025 -15.256532 -15.558108
3 5.031442 -0.124253 17.596883 -2.532523 -7.338084 -2.390167 -2.978098 -7.265201
3 1.312404 11.027522 24.231584 -6.181328 -5.417002 -6.670300 -8.028596 -10.274285
3 -7.739413 -4.999869 37.906888 -4.207585 -6.647921 -4.962154 -5.164365 -4.185583
1 52.424357 -18.450337 33.726973 -19.377632 21.448781 -21.125913 -8.774912 -39.871318
1 21.320363 0.678211 -0.920633 -13.844918 17.052061 -17.987814 -0.401979 -5.895291
1 79.784663 -34.553716 -2.740626 -24.714867 43.237887 -29.143653 -5.070911 -26.798775
1 37.173045 -5.455238 3.170407 -8.503870 -1.245934 -9.294485 -5.765289 -10.078637
1 33.102847 -0.870904 10.834623 -9.410398 -8.118338 -10.301007 -6.905492 -8.331331
3 11.267210 -6.002596 25.675646 -9.014504 14.388361 -11.052843 -10.562979 -14.698294
3 37.954425 3.515133 43.493952 -23.487164 11.312276 -12.941284 -28.473312 -31.374026
1 27.048183 -7.948338 19.291784 -8.717459 18.236485 -10.178253 -18.232265 -19.500139
1 103.498045 -4.873152 -5.345889 -23.591417 7.077265 -30.471997 -11.500941 -34.791914
1 0.000000 0.000000 0.000000 0.000000 0.000000 0.000000 0.000000 0.000000
1 42.018667 -5.564904 14.767229 -21.876247 2.485061 -23.473599 8.399448 -16.755655
1 45.111542 -22.026824 29.704553 -24.849264 19.804662 -27.571979 4.086874 -24.259560
3 44.936353 -11.870123 50.379946 -30.523991 20.649420 -32.183489 -21.773125 -19.614991
3 -8.458517 -9.654593 50.395936 -18.530831 15.447244 -11.109939 -5.259646 -12.829652
5 50.108592 -21.592035 2.965281 -23.870723 94.148697 -29.711040 -35.165336 -36.883435
1 110.589116 -30.012736 8.238851 -33.197379 66.293451 -37.057364 -40.599171 -44.254765
1 23.224579 1.728738 14.291878 -11.337121 -7.986044 -0.765106 -6.315646 -12.841278
3 -1.281906 -4.344694 29.119009 -4.147481 -6.816835 -4.153420 -4.189088 -4.185583
5 12.531146 -7.730133 -0.424073 -9.709357 35.421617 -9.749751 -9.431380 -10.908066
1 39.160849 -1.507798 -17.052356 -7.822882 -17.823754 1.344569 11.406074 -7.704703
1 35.470837 -13.116742 18.004103 -15.038658 17.548014 -6.118958 -15.231656 -21.516943
5 59.890859 -29.067187 67.150644 -48.980962 82.993436 -40.529852 -39.777418 -51.679518
3 6.145738 -6.314883 22.562631 -3.510775 0.788673 -3.729867 -8.676315 -7.265201
1 119.858817 -23.027887 47.069294 -44.014609 -2.222816 -46.208896 -5.326487 -46.127416
1 41.485710 18.859097 23.494452 -20.221712 -0.533793 -13.418186 -15.190802 -34.474765
1 32.193904 -4.935580 20.667168 -13.574093 -7.524642 -15.857776 -2.751737 -8.217245
3 -26.506060 -16.208016 54.854665 -13.285554 16.990389 -4.684959 -4.366688 -6.793776
1 66.735421 -4.738224 25.002524 -18.791075 -16.526399 -19.856547 -6.139825 -25.685875
5 16.141675 -9.412380 -17.538355 -10.664660 42.043125 -12.697630 -10.813182 2.941409
5 -17.943925 -4.192422 -6.986124 -6.403810 49.885256 -0.576574 -3.235023 -10.547378
1 85.767447 19.127057 -35.092305 -18.590682 -4.506298 -23.011353 -3.695383 -19.998481
1 49.096592 -19.597036 -7.554871 -10.641489 29.918675 -11.301995 -14.136356 -15.783518
1 49.599437 -5.993481 -5.787138 -5.006831 -16.767443 -3.974211 -5.464251 -6.606083
1 36.032290 -0.490138 2.265904 -14.825527 22.924535 -16.716164 -10.596500 -18.594397
3 24.550002 -7.325433 25.736610 -4.778476 -19.432039 -5.292580 -4.089249 -9.368835
1 70.242266 -6.669711 27.691756 -19.215998 -14.505180 -21.171746 -11.542909 -24.828478
3 -6.868198 -9.728472 23.959405 -9.406965 -6.714717 3.865173 6.946272 -2.052498
1 83.681752 -19.846272 4.148494 -19.002601 6.512120 -23.060400 -1.060273 -31.372818
7 -4.471481 -4.942255 8.739939 -4.103678 -3.497724 -4.194761 16.312778 -3.842817
1 41.554264 -2.268816 -6.189032 -18.524066 -6.881118 -19.906687 35.810811 -23.595356
1 48.859778 17.682060 -2.837628 -15.464596 -0.052722 -17.795850 -10.642682 -19.748360
1 46.540121 -11.936985 -6.497735 -15.337276 13.452203 2.876574 -12.374478 -16.722423
1 92.606402 2.440195 -5.148242 -20.327105 -6.914717 -21.686452 -20.303696 -20.666383
1 144.985415 -27.444557 -38.744305 -30.416842 38.965900 -42.138773 -2.990497 -42.216342
3 -4.161081 -4.153045 29.119009 -4.147481 -4.129310 -4.153420 -4.189088 -4.185583
3 3.675135 -8.288956 37.270799 -8.292712 -0.948679 -8.022262 3.388042 -18.781368
5 5.369808 1.080075 -11.839829 -2.436581 13.384331 -4.639418 3.418396 -4.336781
1 53.835819 -5.944340 7.493534 -16.852370 3.053870 -19.431238 -18.578503 -3.576773
3 13.943973 -7.006197 18.975484 -10.832916 12.869071 -12.964016 -0.246726 -14.738672
1 35.978521 -10.696571 -4.592768 -9.520692 27.599349 -10.196134 -15.031389 -13.540318
1 71.724806 -25.759647 -5.364677 -27.654188 24.186049 -30.069379 12.799557 -19.862524
5 41.210919 -1.434102 -27.722957 -10.744118 48.795363 -16.291355 -14.801731 -19.012019
1 74.755052 -15.124801 -16.735812 -22.776183 55.510727 -27.021694 -13.817926 -34.789363
1 15.742714 -6.908695 11.527689 -2.919917 -5.444437 -2.921918 -5.232313 -3.843122
1 17.685205 -2.542092 14.654301 -8.721193 9.552823 -11.085212 -7.677285 -11.866548
1 90.270169 -24.624310 -9.992235 -24.270967 51.910447 -32.461466 -27.899480 -22.932159
1 184.305675 -58.537501 31.533769 -49.539629 61.264238 -53.227141 -39.184201 -76.615212
3 21.066584 -12.908996 41.020914 -14.460715 35.963933 -14.642614 -34.938920 -21.100185
1 0.000000 0.000000 0.000000 0.000000 0.000000 0.000000 0.000000 0.000000
5 24.046949 -7.200324 -27.906361 -5.676040 33.396829 -7.956277 -0.909657 -7.795119
3 18.220855 -8.655291 32.204127 -8.975775 -1.172961 -8.809863 -12.248671 -10.562422
3 35.705653 -19.622881 36.148443 -17.229952 10.701260 -18.348996 -20.128005 -7.225524
1 15.099532 -3.645537 6.341262 -1.629441 -2.445720 -1.928409 -8.850025 -2.941664
3 0.839954 -11.833893 38.058291 -25.536555 28.415198 -11.637140 14.856294 -33.162152
1 68.632768 -12.171827 -16.801515 -22.633906 34.637853 -24.058917 -34.229805 6.625351
1 70.728965 -23.401633 41.723450 -27.883517 40.720966 -31.735336 -27.013845 -43.139052
1 12.306372 -4.296425 -4.406288 -0.787134 1.834233 -1.804856 -2.685372 -0.160531
1 35.591074 -13.969582 21.109473 -10.607291 14.537170 -12.253096 -17.225365 -17.182383
1 32.337059 3.874203 -7.745170 -9.260462 7.653870 -9.374742 -7.437930 -10.046828
1 91.885484 6.390232 -1.396829 -22.872519 -8.619378 -25.645907 -14.902088 -24.838990
1 123.509510 -29.076648 -31.372393 -30.639991 62.599012 -36.150980 -14.983144 -43.885363
7 27.697705 -8.032798 21.884790 -11.534853 -40.594910 -0.917362 28.030126 -16.532697
1 34.643326 2.159283 18.426132 -12.112565 -9.418070 -12.555184 -9.186527 -11.956396
7 -12.139937 -7.898537 13.432861 -4.698785 -9.172788 -4.788949 15.062441 10.203696
1 50.080871 -6.974954 8.643818 -10.569017 5.735081 -12.276748 -12.312097 -22.326953
5 -24.188562 -17.076108 28.178968 -14.192693 53.734860 -7.778530 -8.585993 -10.091943
3 19.347025 -21.026726 35.133883 -16.419932 22.082661 -16.992836 -8.584324 -13.539750
3 13.138618 -8.136043 16.243807 -5.614982 1.781397 -5.841456 -6.031542 -5.539799
3 1.161530 -2.412523 6.341262 -1.629441 4.723515 -1.928409 -3.314270 -2.941664
1 79.750729 -14.295096 24.782752 -31.465585 8.720455 -37.779774 5.402946 -35.116424
1 90.755508 -25.514816 -32.758546 -19.004091 57.427791 -19.576166 -20.195462 -31.134218
1 52.527932 -13.213178 15.437666 -14.815955 3.343906 -15.015365 -12.529291 -15.735715
1 23.173855 8.172382 12.867074 -9.678470 -3.372430 -10.886263 -11.580679 -8.695470
1 39.896977 -17.730715 13.427967 -11.330584 17.252971 -11.995418 -13.204039 -16.317161
1 43.298417 -14.842097 21.323565 -11.850241 -7.566957 2.261419 -13.557990 -19.066116
1 61.535706 21.409204 -15.920114 -14.520852 -14.262127 -15.623193 -8.528985 -14.089640
3 28.134433 -8.285477 28.655205 -16.645637 21.841672 -21.574357 -23.007056 -9.118782
1 32.534183 3.954268 17.475456 -11.823878 -7.114187 -13.784088 -4.092215 -17.149541
1 55.351625 -8.944415 18.843097 -22.377839 21.859933 -27.708448 -3.717497 -33.306456
3 9.348757 -2.256023 10.115261 -5.199553 7.213541 -11.568558 1.051462 -8.704885
1 46.432067 -9.292372 43.166054 -25.349964 29.334233 -30.108578 -25.987520 -28.193917
1 34.477794 -7.408434 12.655104 -22.598874 0.631213 -3.464275 -1.146554 -13.145975
3 -23.147951 -13.973630 69.921203 -13.747819 1.654089 -14.222673 -3.673526 -2.809691
1 13.636096 -3.999054 0.753669 -2.968053 10.266571 -3.847555 -6.522651 -7.319023
1 22.766744 -7.159317 -13.340103 -3.175602 10.353014 -2.432049 -4.619482 -2.393204
1 95.715766 -10.539189 -20.056538 -20.919261 26.090350 -22.885104 -23.769832 -23.636191
1 47.574003 -10.139861 -6.822890 -13.284349 17.671509 -16.921429 -2.583561 -15.493422
3 -8.221936 -19.942529 78.282458 -14.969245 -8.109468 -15.276879 -8.290946 -3.471453
1 71.096434 -5.394395 -17.344561 -20.094532 42.038941 -27.040521 -12.494112 -30.767253
1 67.515522 -16.957311 -24.126338 -11.433882 16.974171 -2.477047 -13.514948 -15.980168
3 12.006489 -12.269256 29.629344 -8.631628 -26.548388 -7.415421 10.854771 2.374090
1 107.714686 -14.890851 -31.479913 -27.068957 14.448282 -30.432148 16.575323 -34.866420
1 29.183657 -6.991742 -15.409339 -5.676040 11.178910 -6.945824 2.455497 -7.795119
1 40.240874 -5.402229 16.391703 -18.109570 27.857397 -22.082815 -16.267619 -22.627742
1 15.688043 8.745608 -9.470687 -3.795416 -4.548403 -4.459550 0.631938 -2.791532
1 92.123982 -32.969443 53.386263 -39.276119 51.349559 -42.315125 -23.248713 -59.050401
1 43.688220 -6.567057 -2.069933 -6.061988 -9.017626 -5.177773 -6.473412 -8.320431
1 28.570424 -6.834950 -11.181290 -4.431811 4.915408 7.997823 -8.891311 -10.144294
1 70.405808 -12.318003 -14.161525 -14.645277 20.344107 -17.994175 -7.549752 -24.081182
5 -17.839868 -7.844203 10.547751 -4.933943 34.300400 2.347792 -10.509482 -6.068447
5 16.273339 -2.430530 2.415422 -19.436766 39.067812 -25.462071 4.865411 -15.292616
1 51.735154 -13.754835 17.513233 -15.544203 4.711345 -15.684802 -0.426097 -28.549795
1 15.688043 8.745608 -9.470687 -3.795416 -4.548403 -4.459550 0.631938 -2.791532
1 37.807397 -8.501537 33.908428 -13.669546 16.545924 -17.196835 -26.094092 -22.799738
1 67.834859 6.901710 8.394842 -17.385270 -17.952861 -18.144268 -13.024026 -16.624986
1 12.676228 4.495159 -1.139537 -6.091705 5.293092 -6.358198 2.888548 -11.763586
5 -13.475551 -8.413904 -2.765857 -9.742001 30.241723 8.249339 4.512494 -8.606242
5 36.982769 -17.244308 0.847344 -14.850467 38.479452 -14.490094 -15.975330 -13.749364
1 160.922525 -35.937215 3.953192 -38.782069 21.105006 -43.000161 -18.479484 -49.781790
1 186.085083 -22.413325 3.632348 -52.114539 39.346680 -60.346200 -18.562096 -75.627949
5 26.194506 -21.003251 33.714116 -16.094758 43.764363 -18.609689 -19.844774 -28.120513
5 68.117768 -19.522116 -11.520242 -33.057028 68.216565 -32.953830 0.000221 -39.281338
1 66.283024 -12.847119 9.314083 -13.154499 1.144263 -15.021323 -18.071868 -17.646563
5 21.665509 -18.126549 29.534582 -14.601742 36.300947 -15.517376 -20.580187 -18.675183
2 30.311156 35.062470 2.521078 -16.769050 -4.437332 -19.549065 -11.784227 -15.355030
1 28.036854 3.117764 -1.141156 -11.285274 8.699763 -13.885133 8.195763 -21.738581
1 45.680262 -15.136254 44.532822 -13.762657 -3.722850 -16.709306 -18.748120 -22.133898
1 42.151696 -3.680167 10.831509 -15.258763 28.157023 -17.701901 -20.473070 -24.026328
3 5.920474 -0.971439 15.408094 -2.781353 -4.984182 -2.483142 -5.246360 -4.862092
1 57.072624 4.281529 -20.950597 -10.882942 -2.033868 -10.469194 -6.343302 -10.674250
1 20.527073 0.000000 -15.021691 0.000000 -5.332521 0.000000 -0.172860 0.000000
1 37.900595 -16.931731 24.030241 -12.570534 19.765971 -13.935620 -11.911113 -26.347810
1 0.000000 0.000000 0.000000 0.000000 0.000000 0.000000 0.000000 0.000000
3 19.887456 -21.211907 68.263214 -25.754339 18.137705 -28.710948 -14.323358 -16.287822
1 32.708405 2.797096 -11.187091 -12.906596 19.561917 -13.724082 -4.883363 -12.366286
1 29.941515 -15.938027 -15.435634 -8.238892 25.077852 -7.853594 1.756664 -9.309881
1 84.719612 -10.950687 -4.593995 -16.186506 -7.257187 -17.838153 -6.552612 -21.340470
1 48.067315 -12.797828 -11.601728 -17.885013 47.003047 -22.205267 0.833636 -31.414158
1 15.014627 -6.143458 3.903839 -5.491750 11.256621 -5.491590 -4.355831 -8.692456
3 -16.046905 -31.136581 74.874965 -23.740826 60.454738 -25.723057 -16.980037 -21.702297
3 -0.855558 -5.158529 36.189421 -7.695335 5.007685 -7.303454 -10.305090 -9.879139
5 -7.606349 1.310759 1.926814 -8.576188 35.391590 -1.716384 -13.230404 -7.499839
1 26.839912 -0.999177 -11.636982 -8.368825 20.850585 -11.648487 -6.504775 -8.532249
