5 -6.975832 -10.634133 18.556409 -15.963189 46.891635 -16.076776 -15.798114
3 16.224529 -6.037880 35.926656 -9.850102 -16.180983 -10.288554 -9.793661
5 -17.811430 2.336998 13.987525 -27.164275 65.214265 -27.374116 -9.188966
1 42.512128 -6.230963 -3.909443 -11.824129 -1.252609 -11.570372 -7.724614
1 73.109613 3.826739 -8.519388 -33.856083 37.781585 -33.717146 -38.625315
1 18.720816 -3.155439 6.228347 -14.679167 13.104409 -14.519106 -5.699863
5 11.935340 -5.310812 -1.354301 -16.095909 35.382659 -15.656591 -8.900387
1 52.488104 -23.154001 -21.337180 -16.939858 45.184828 -16.475934 -19.765959
1 37.613813 -6.711568 7.402294 -17.380210 19.983265 -17.520577 -23.387015
5 -2.078348 -11.838811 36.286335 -22.431104 49.524027 -22.345385 -27.116714
3 -4.905328 2.687525 21.216496 -11.108042 3.388495 -11.041586 -0.237560
3 20.501248 -7.643367 38.388170 -29.962003 37.810150 -29.449364 -29.644832
3 0.050545 -11.149137 85.189717 -23.078593 -1.565662 -23.878235 -25.568626
2 -32.130377 32.961743 13.016681 -9.962116 23.880920 -9.843549 -17.923302
5 -1.573475 -10.173767 15.037784 -16.530330 37.693486 -16.553394 -7.900307
1 9.382703 -1.142227 -5.610822 -6.071857 3.187222 -5.986987 6.241968
3 4.411611 10.931663 53.840217 -20.126633 1.128059 -20.025240 -30.159676
5 -27.211459 -5.525192 11.303008 -15.295884 60.716989 -15.015908 -8.971553
5 -5.824282 6.403179 17.422124 -21.142383 38.645660 -21.238718 -14.265578
1 26.827933 -0.498461 -3.425945 -12.378829 11.096363 -12.145781 -9.475280
5 -7.014934 -14.334437 -1.309395 -16.743835 54.492530 -16.520586 1.430652
5 8.012336 -1.663920 -11.510555 -14.902693 53.238162 -15.253272 -17.920057
1 12.022478 -7.359883 4.325037 -2.292788 -2.034485 -2.126382 -2.533978
3 10.683826 -0.256782 15.282557 -1.436296 -22.351067 -0.872253 -1.049984
3 -28.676192 0.649969 34.013994 -11.755219 24.624651 -11.763224 -7.093978
5 -7.227523 1.678811 9.163554 -21.497962 57.500169 -21.237158 -18.379890
7 -10.309711 3.146482 5.762605 -14.294023 6.887689 -14.243468 23.050427
5 -8.224651 -2.058771 -3.615183 -4.413293 14.749120 -4.241781 7.804559
3 1.023533 -10.419556 26.012861 -6.486001 -9.040318 -6.573061 5.482543
7 24.598520 -7.952941 -23.606306 -8.259503 -17.315795 -8.570879 41.106906
3 -0.273387 5.850105 25.298926 -7.909221 -7.466500 -7.798693 -7.701230
5 -4.860170 -14.275253 9.294706 -6.442658 25.845787 -6.253909 -3.308504
1 17.956672 -2.965810 3.231695 -1.235084 -13.842475 -1.295767 -1.849231
3 -0.031746 -11.620414 43.345063 -13.490056 1.828251 -13.585160 -6.445934
1 71.837984 1.572730 26.580608 -29.015444 -18.206149 -28.826883 -23.942837
3 20.049406 -4.731104 28.706668 -15.895037 10.299935 -15.958804 -22.471064
1 78.949403 -24.286443 -23.507008 -18.113118 19.294232 -19.048304 -13.288759
5 -4.810002 -8.698454 2.037110 -5.966560 26.268999 -5.754789 -3.076304
5 -23.066927 4.917048 10.237053 -12.373172 28.365251 -11.991656 3.912405
1 26.536604 -11.992297 20.679996 -10.367904 0.516960 -10.805735 -14.567623
5 19.578170 1.100643 -30.541881 -13.757378 44.409668 -13.258197 -7.531023
1 12.291641 0.694904 10.375125 -3.754520 -18.639009 -3.655519 2.687376
5 -5.024358 -11.178199 20.736979 -24.421977 66.047590 -24.360858 -21.799177
5 -2.734807 7.775792 -31.467940 -11.141124 49.301718 -10.173982 -1.559656
5 -8.263398 8.684413 13.391410 -11.308871 21.352130 -12.039303 -11.816379
5 -2.479764 11.712050 -11.881729 -23.451199 72.803588 -23.847602 -22.855343
1 13.570656 2.784555 -7.142106 -7.187117 12.704518 -6.802448 -7.928059
5 -1.323885 14.692163 4.469535 -15.430295 33.924064 -15.212890 -21.118690
2 0.523045 5.983963 -4.532008 -0.573245 -5.577331 -0.542807 4.718382
3 39.990847 -20.192179 47.890765 -25.717372 -1.800557 -25.088218 -15.083288
3 21.605033 -20.474237 31.968660 -18.630616 9.442032 -18.358011 -5.552858
5 32.614991 -32.538610 -4.963678 -19.631706 47.691706 -19.512043 -3.660662
3 -8.763076 -11.907505 60.956986 -10.652621 -21.561073 -9.918014 1.845304
5 5.854585 -11.076495 -2.345991 -6.379899 24.872618 -6.387556 -4.537264
5 -9.750913 9.694691 19.247904 -12.989911 21.489213 -12.540046 -15.150939
3 20.978251 -1.483654 58.019327 -19.014345 -13.338387 -18.589561 -26.571627
5 21.350095 -6.255426 3.662478 -15.397781 29.082384 -15.550725 -16.891026
3 -8.037168 -2.586406 19.059553 -11.080797 17.493123 -11.034978 -3.813326
5 0.982695 -10.717319 4.019057 -10.018970 36.276920 -10.448886 -10.093498
1 63.628380 -17.385566 -7.455971 -11.141625 -6.415920 -11.021164 -10.208134
5 25.412360 -19.054631 -2.539752 -15.164295 36.445223 -14.895480 -10.203426
5 -18.509855 19.133261 10.505037 -15.763777 37.005218 -15.669539 -16.700344
5 9.972154 -14.471288 18.817800 -18.317816 26.341026 -17.482241 -4.859636
5 -2.173936 5.184883 -13.143742 -6.499787 14.006409 -6.483794 9.109971
1 47.842634 -7.837115 3.407994 -21.054308 21.003870 -21.274490 -22.088584
3 -17.365027 -14.493455 43.901144 -13.513312 20.181364 -12.984934 -5.725778
3 -5.206063 -22.443273 73.453556 -15.817282 5.759439 -15.169325 -20.577048
3 -1.173151 -9.289662 40.464020 -5.620016 -13.712362 -5.646196 -5.022630
5 20.098038 -12.228160 -15.729839 -22.271726 43.736867 -21.774162 8.168981
3 5.025077 -8.802181 32.377800 -4.750050 -16.570088 -4.733708 -2.546850
5 -11.143266 0.468685 20.328616 -26.441313 50.670304 -26.137589 -7.745438
5 -2.421830 -7.718548 -14.610108 -15.869573 52.499047 -14.975660 3.096674
5 -6.579762 -2.535460 12.319727 -7.088375 15.496492 -7.082815 -4.529807
5 4.723528 3.761621 0.155955 -8.728833 23.747265 -8.899677 -14.759860
5 20.765059 -20.785907 -10.269791 -11.291560 30.695886 -11.430788 2.317101
5 11.059354 -18.492460 15.222693 -11.476396 24.236148 -11.017567 -9.531770
5 5.173857 -11.926202 21.013475 -26.382663 60.647046 -25.416735 -23.108779
5 32.852204 -18.937914 -31.745903 -29.917329 93.928695 -29.402505 -16.777251
5 29.395270 -10.392901 -13.471435 -20.564827 57.997760 -20.415388 -22.548481
1 32.199171 -11.390234 5.064851 -8.639964 -11.752120 -8.494579 3.012873
3 12.922892 -8.792516 33.535420 -19.598095 21.902926 -19.943112 -20.027513
3 17.568180 2.762834 40.550184 -19.899836 -6.051200 -19.791961 -15.138196
5 7.778308 6.236932 10.715626 -21.173325 44.506388 -21.015055 -27.048873
1 23.509635 -7.278302 7.275025 -8.636309 5.635656 -9.072769 -11.432935
3 31.771828 -38.457865 58.476236 -20.478207 3.550794 -20.408619 -14.454164
3 25.646475 -23.158867 60.443871 -12.472352 -31.461336 -12.212313 -6.785474
5 10.949136 -17.641470 17.529016 -12.570304 22.241513 -12.542251 -7.965642
1 33.325320 1.600027 2.895625 -13.773174 -2.232544 -12.720142 -9.095116
3 -3.582777 11.763300 66.850183 -31.583087 4.137354 -32.029420 -15.555550
1 0.000000 0.000000 0.000000 0.000000 0.000000 0.000000 0.000000
5 -24.947002 10.832875 3.782015 -8.853357 26.379825 -7.948418 0.754060
5 8.269004 1.734505 -7.342469 -4.321084 10.503785 -4.133259 -4.710482
3 -12.790759 -20.187856 59.433526 -15.471002 22.161899 -14.954554 -18.191250
5 -23.311380 -29.209752 52.356943 -28.080233 56.013227 -27.381769 -0.387038
5 -4.502884 -0.987754 -1.565436 -11.278535 43.008377 -11.453267 -13.220500
3 -12.610936 -11.762013 68.827206 -12.955992 4.037750 -12.902082 -22.633929
5 -30.026444 -13.768728 34.171956 -26.825473 79.293062 -25.751189 -17.093181
5 -3.365112 5.812393 -18.466660 -0.923071 19.768945 -0.877395 -1.949100
5 -4.323876 -24.842485 -0.609189 -20.754424 95.747323 -20.351350 -24.865997
5 25.283926 -25.430780 -19.212549 -19.217523 49.194781 -18.747317 8.129464
5 -9.791811 5.614048 7.333569 -9.464067 25.260108 -9.204472 -9.747375
5 5.920694 8.622729 8.289785 -31.454655 67.775654 -31.135611 -28.018596
1 49.082667 -24.506062 13.578333 -19.442655 6.116534 -19.315715 -5.513100
1 0.000000 0.000000 0.000000 0.000000 0.000000 0.000000 0.000000
1 18.150196 -3.222946 -28.211027 -0.916858 5.172284 -1.068002 10.096351
5 8.023504 2.587898 -4.580589 -6.555108 11.450728 -6.786969 -4.139463
3 -16.268851 -0.221378 30.663801 -11.043299 19.965079 -11.100125 -11.995226
5 6.202551 -9.202396 18.610946 -20.199162 31.379510 -19.280526 -7.510926
5 -21.216252 16.040208 7.944919 -14.205067 34.053610 -13.383132 -9.234284
5 4.462144 2.806580 -22.908725 -14.132351 65.310297 -14.567463 -20.970484
1 14.881936 2.243426 2.166103 -6.206528 -0.810632 -6.513345 -5.760958
5 34.154007 -21.223861 16.941520 -24.588961 44.329746 -23.689750 -25.922704
1 55.906667 -24.912297 17.170283 -13.599479 -21.931665 -13.577014 0.943510
5 15.116761 -27.624363 13.440945 -21.362734 63.361438 -20.732990 -22.199059
3 -1.640806 0.211926 6.291456 -2.609891 -1.270994 -2.441611 1.459919
1 31.525939 8.372931 -7.589948 -11.217908 -2.592253 -9.926763 -8.571994
1 0.000000 0.000000 0.000000 0.000000 0.000000 0.000000 0.000000
1 51.829952 -35.531804 21.412179 -24.887164 7.022099 -23.457391 3.612131
3 -14.469473 -30.880960 38.664133 -21.947525 36.361986 -21.005054 13.276893
3 21.739239 -20.323528 60.518095 -30.080356 29.947265 -30.375489 -31.425224
1 49.426328 -5.468987 2.722279 -6.923511 -29.265292 -6.695155 -3.795662
1 65.121511 -18.148576 55.656760 -26.354583 -30.158153 -26.538791 -19.578164
3 -4.334264 9.000647 11.377371 -6.141277 1.131167 -5.937726 -5.095915
5 11.159459 1.435843 8.606610 -11.314843 14.766339 -11.615629 -13.037781
5 5.720948 -35.228698 5.742152 -27.515198 82.737911 -27.163695 -4.293421
1 44.237205 -27.404277 14.612595 -12.723973 3.042309 -12.648486 -9.115372
5 -4.867966 -17.106641 -17.904807 -14.363963 75.402431 -14.394653 -6.764400
5 10.469453 -10.163157 -1.023652 -5.405956 14.179671 -5.444133 -2.612227
1 97.870252 -3.018113 -38.803840 -32.996529 44.313842 -32.699892 -34.665714
3 -3.313065 -12.403662 30.026539 -12.462281 19.450692 -12.233138 -9.065085
5 2.741975 -32.830056 -9.857451 -27.740467 79.217603 -27.313271 15.781665
5 10.296281 -18.772370 11.132036 -10.432570 22.404868 -11.052399 -3.575846
3 -24.802826 3.317239 46.564954 -18.343771 33.949137 -18.714633 -21.970098
3 -47.192217 8.062479 71.240945 -31.122546 34.366567 -30.419945 -4.935283
3 -7.952898 -4.972239 33.354409 -10.440925 2.584902 -10.590370 -1.982876
1 22.025375 3.715895 21.253837 -16.035536 8.803203 -16.172409 -23.590362
5 21.180552 -6.755385 0.635014 -12.336697 24.764210 -12.064682 -15.423012
3 -13.470983 -15.984905 56.883896 -12.351469 -5.339592 -11.582239 1.845291
5 -17.166420 13.860757 -22.870247 -7.201866 36.486870 -6.368960 3.259866
1 8.277030 6.655431 -13.960025 -1.730326 4.756261 -1.838574 -2.159796
1 88.794970 -12.308292 18.244125 -17.499680 -39.757122 -17.768846 -19.705152
5 -15.554964 -0.218753 42.750488 -25.788964 43.197326 -25.621060 -18.764070
3 1.516028 -19.751555 29.950638 -9.257053 11.807866 -9.736430 -4.529496
5 18.368354 -5.352462 -2.903831 -25.761132 53.381181 -25.416591 -12.315520
1 102.270340 -34.763341 11.665986 -37.018855 -2.600566 -36.536878 -3.016680
5 0.000000 -0.252344 -5.546417 0.000000 5.798760 0.000000 0.000000
5 -11.065053 1.104130 18.436463 -12.244956 30.511839 -12.456533 -14.285890
3 8.677527 -18.944843 48.031208 -11.879863 -2.108143 -11.705147 -12.070741
3 -13.604081 -13.610152 92.707233 -34.696756 35.457241 -34.834764 -31.418723
1 24.266174 -8.709556 -20.253794 -6.065287 23.167326 -6.329346 -6.075518
3 -2.349992 3.884083 24.793547 -20.190599 10.181790 -20.641634 4.322809
3 54.988047 -41.385236 60.833662 -33.392523 19.077052 -32.972940 -27.148062
3 17.923595 -19.003882 66.408799 -13.738130 -28.473293 -13.128608 -9.988478
5 -12.456958 5.416565 14.742411 -11.208479 23.293680 -11.175450 -8.611768
3 -3.891891 -9.113201 26.681951 -3.640454 -5.979955 -3.161537 -0.894913
5 7.544806 -21.547181 17.114076 -14.419279 38.115700 -14.342749 -12.465375
1 37.008712 5.438021 4.566959 -13.503086 -17.886615 -12.669313 -2.954675
5 -5.214361 8.409933 -10.967637 -0.573245 9.342945 -0.542807 -0.454829
5 5.342262 -6.237790 -8.697921 -4.696896 23.903132 -4.682079 -4.930709
5 -10.119796 -16.047950 6.520551 -12.433062 47.958079 -12.551390 -3.326431
1 27.650489 2.610434 -11.914343 -13.027651 17.489128 -12.503867 -10.304193
5 -5.423305 -3.840003 -18.266430 -14.704280 62.183601 -14.976381 -4.973202
1 11.607921 6.914700 -13.691333 -4.894329 4.926455 -4.713621 -0.149793
3 37.158054 6.882216 43.217184 -34.061795 3.276652 -33.546945 -22.925364
3 6.861190 -16.235629 61.124718 -14.931913 -7.270267 -14.009258 -15.538836
1 53.072684 -9.278786 -49.142028 -22.114185 37.679742 -21.764817 11.547390
1 21.669693 -11.772286 7.166373 -5.097998 -12.464576 -4.571242 5.070036
1 19.646040 8.874632 10.402929 -9.261325 -5.183188 -9.153931 -15.325155
5 7.611705 -30.624025 12.545888 -12.585674 44.760594 -12.559720 -9.148768
5 -16.520070 26.081855 -0.516921 -22.359745 46.906666 -22.718071 -10.873712
1 35.008630 -1.766447 -17.850912 -1.288533 -10.984507 -1.295767 -1.822465
3 -27.585979 8.069700 52.673359 -10.521044 -6.277407 -10.732827 -5.625798
1 12.969131 -2.340665 -6.419943 -1.395022 0.551705 -1.250312 -2.114894
5 14.904611 -16.926691 -33.121326 -10.991650 57.287086 -11.324487 0.172458
5 0.601094 -11.647741 6.746686 -12.090330 29.467672 -11.616016 -1.461366
5 -17.107484 18.907729 16.680530 -16.678854 32.640062 -17.026113 -17.415868
5 -9.603839 -9.030217 3.204816 -8.549429 25.795848 -7.873499 6.056320
3 11.065417 -30.103498 31.784422 -12.424416 17.739009 -12.117669 -5.943267
3 -4.789899 -17.852568 58.107678 -11.243253 0.360644 -11.216004 -13.366595
5 21.296830 -20.645847 -12.881377 -13.016967 36.287361 -12.588883 1.548884
3 1.317591 4.165090 10.917398 -3.146823 -11.220052 -2.750366 0.717164
1 33.375260 -20.681847 17.234771 -14.674161 4.697240 -14.712009 -5.239257
5 -13.551700 -10.280389 9.342657 -8.549429 25.795848 -7.873499 5.116512
5 33.915570 -49.769713 32.065758 -24.492115 45.180980 -25.187097 -11.713388
5 18.554308 17.635557 -27.917572 -14.517518 22.876765 -14.597017 -2.034522
1 59.560525 -6.091224 24.575779 -18.931737 -28.716299 -18.852638 -11.544402
3 45.390824 -31.351579 49.301264 -36.475893 30.303833 -35.113959 -22.054489
1 40.851414 15.719613 24.457589 -34.516606 32.695624 -34.095059 -45.112570
1 37.133119 -0.074883 -19.912789 -12.104103 18.666034 -11.394335 -12.313044
3 12.694958 -1.888359 26.838546 -8.493058 -6.475853 -8.551653 -14.124579
3 20.044344 -30.862515 55.531689 -20.642051 -7.314215 -20.426469 3.669219
1 8.079391 5.700119 -7.401676 -4.894329 3.184659 -4.676066 0.007901
1 52.695884 -17.412105 6.772079 -15.169248 1.026940 -14.648414 -13.265134
5 -6.302284 -15.586332 12.614415 -10.842217 26.398708 -9.962326 3.680036
5 5.945080 -5.081756 -18.329538 -7.739190 31.267606 -7.731502 1.669298
3 7.860649 -17.134102 34.650159 -9.105075 -8.124560 -8.784362 0.637296
5 -5.920609 -2.316357 -14.684545 -6.017540 29.918801 -5.431888 4.452138
3 -3.181955 3.370030 23.096752 -9.524796 13.173409 -10.096654 -16.836786
3 -14.982580 -15.107525 52.567679 -13.929663 15.055848 -13.740296 -9.863465
1 11.283879 -6.417340 8.421180 -3.301423 -6.200333 -2.983279 -0.802683
3 19.165446 -10.277252 23.513064 -10.039510 -10.371683 -9.715251 -2.274814
2 -18.958210 18.006307 -8.217037 -8.500529 10.685257 -8.474272 15.458482
5 -11.196211 1.156418 16.909752 -12.015700 30.975652 -12.390505 -13.439406
1 155.446367 -31.011668 -23.892178 -40.360137 20.845703 -39.484910 -41.543174
5 -6.805338 10.094948 0.580739 -5.335642 15.929649 -5.591134 -8.873222
1 17.726959 -0.192548 -8.555707 -0.305642 -7.937340 -0.039051 -0.696672
3 -20.731248 -24.383403 60.306011 -11.754762 0.626423 -11.119403 7.056384
5 -5.920609 -2.316357 -14.684545 -6.017540 29.918801 -5.431888 4.452138
5 4.924795 -15.646652 -0.357420 -18.014728 61.384593 -18.231491 -14.059098
3 1.317591 4.165090 10.917398 -3.146823 -11.220052 -2.750366 0.717164
1 104.496128 -4.351476 19.036069 -42.702333 7.914596 -41.980810 -42.412170
5 -5.990932 -1.641563 2.943807 -4.824781 21.614742 -4.948395 -7.152878
3 -15.222436 -12.783874 69.445816 -21.859198 14.983185 -21.642205 -12.921289
3 -24.172926 -8.586731 52.565570 -16.378434 19.031908 -16.736629 -5.722758
5 6.619327 -2.048340 -3.784104 -15.081123 38.366030 -15.569328 -8.502462
3 -10.704054 -13.615104 57.498891 -23.265738 26.649673 -22.382818 -14.180853
5 0.824987 -13.820586 -23.549122 -11.246361 59.785463 -11.395997 -0.598386
3 -20.022460 -18.211624 47.246646 -14.677299 26.559866 -14.121030 -6.774095
5 -4.583902 -6.050242 1.221714 -1.906402 15.840219 -1.732966 -2.788420
5 8.200811 -8.059616 6.269314 -15.213869 43.258229 -15.639577 -18.815293
1 64.965161 -21.813760 -2.170491 -19.708984 18.555830 -19.675112 -20.152646
1 22.009110 -2.136548 -8.569097 -2.647553 -4.146534 -2.118194 -2.391184
3 0.215452 -19.219890 42.529737 -11.879863 12.012952 -11.705147 -11.953243
5 18.095152 -17.365573 26.142363 -35.367320 55.167121 -36.018408 -10.653336
2 -11.245811 16.177114 -5.352550 -1.184326 3.734916 -0.937072 -1.192272
1 0.000000 0.000000 0.000000 0.000000 0.000000 0.000000 0.000000
1 5.846264 -1.889274 -4.143568 -0.962789 -3.399993 -0.926864 5.476225
1 72.689986 -18.842800 -5.928188 -19.134914 8.376425 -18.866211 -18.294300
3 9.679087 -10.830911 38.839856 -13.019451 -6.139798 -12.687752 -5.841033
3 -1.927140 -16.751325 22.579557 -4.824677 6.226124 -4.530438 -0.772102
1 0.000000 0.000000 0.000000 0.000000 0.000000 0.000000 0.000000
5 -2.547003 -0.984413 -2.127555 -0.210759 8.275621 -0.192270 -2.213621
2 1.722092 26.513555 -19.761534 -14.165259 18.947277 -13.620726 0.364592
3 -7.995428 9.733615 13.414914 -6.791762 3.825624 -6.732093 -5.454871
2 -12.099603 31.328267 1.607188 -12.886576 21.678295 -12.122621 -17.504952
5 -19.243724 -4.848337 2.339486 -3.882048 17.137719 -3.433050 11.929954
1 57.560336 -14.136709 7.688103 -13.674768 -19.186501 -13.841623 -4.408834
3 6.746289 -15.296726 42.584383 -31.931612 40.939233 -31.615310 -11.426258
1 33.579671 -11.774040 10.513240 -11.695718 -7.746489 -11.694604 -1.182057
3 3.786253 -13.235269 31.029544 -8.169717 3.367710 -8.162232 -8.616286
5 -11.906737 5.792191 2.004332 -5.923342 25.354331 -6.018335 -9.302439
3 -4.630165 -14.631009 65.194910 -8.930165 -21.122297 -8.824936 -7.056337
3 -4.526940 -4.904498 32.768147 -16.142803 29.206218 -16.354937 -20.045186
3 2.660303 -5.142224 62.424500 -33.201012 50.700644 -33.276141 -44.166068
3 15.429358 -18.576095 67.899688 -15.606309 -19.238730 -14.806391 -15.101519
1 27.887922 -0.723596 5.265919 -5.058237 -18.601321 -4.961514 -3.809174
3 -12.580822 -5.017787 24.811084 -5.637022 1.097039 -5.426029 2.753536
1 68.469820 -26.186992 16.968865 -22.711272 -9.619368 -22.423386 -4.497666
2 -11.245811 16.177114 -5.352550 -1.184326 3.734916 -0.937072 -1.192272
5 6.907558 -18.057377 15.206269 -15.770621 23.692427 -15.995356 4.017098
5 3.822856 -19.852156 1.997621 -10.127746 35.939286 -9.459358 -2.320501
1 50.993247 -8.985664 26.476638 -13.424493 -31.579493 -12.583813 -10.896419
3 20.594828 -15.168912 29.471718 -7.302800 -24.684743 -6.944591 4.034499
5 -4.001002 -11.795363 30.730776 -27.216416 67.986050 -27.422885 -28.281159
5 -26.086176 1.769107 3.249782 -4.480150 24.160498 -4.293719 5.680660
5 -11.031720 -2.994037 16.564524 -8.974547 16.835619 -8.695520 -1.704321
5 -16.348862 2.964146 19.661274 -10.914425 27.546992 -11.034097 -11.875027
5 8.201565 3.198528 -27.991657 -11.960113 41.475727 -11.888446 -1.035605
1 35.603743 -6.911226 14.955871 -9.319095 -12.190805 -9.216297 -12.922191
5 -22.804117 3.649707 6.150570 -9.936006 40.821006 -8.837268 -9.043889
5 6.660217 -25.591440 12.271959 -16.664965 38.060170 -16.855764 2.119821
3 -2.915154 -19.966126 59.606534 -16.351879 6.213182 -16.419531 -10.167023
3 0.145612 -30.337130 39.922970 -24.112905 39.584938 -23.767893 -1.435590
1 35.170813 -12.657835 -6.558465 -8.030407 6.960261 -7.717720 -7.166647
5 -5.955252 -21.493879 6.394440 -12.287084 35.534149 -12.116967 9.924592
1 88.188462 -25.638090 49.482021 -25.232375 -37.927221 -24.447352 -24.425442
3 8.504608 -3.296920 16.059311 -9.955928 12.696934 -9.909110 -14.098894
3 -17.238553 -27.534390 66.836749 -12.537591 -0.058139 -11.936369 2.468295
1 9.751853 -6.556115 6.796254 -2.589933 -2.398236 -2.461744 -2.542078
1 34.539588 -7.435850 5.724363 -7.913496 -4.113149 -8.706911 -12.094545
5 7.129745 -6.981811 30.699767 -27.085226 47.390145 -27.159570 -23.993051
5 3.820079 -13.629658 3.357419 -11.674080 45.721844 -11.856788 -15.738817
1 57.448624 -2.635186 -21.718062 -18.747239 15.942489 -18.900682 -11.389947
1 94.447997 -13.907520 0.660541 -28.158028 -3.996554 -27.797209 -21.249227
3 3.001168 3.249114 45.061309 -22.260657 30.579601 -23.232915 -36.397618
5 -2.338621 -7.553816 3.718433 -14.398998 54.433027 -14.536079 -19.323947
3 2.827829 -18.325650 46.668339 -13.929809 5.765594 -14.575999 -8.430305
1 61.158641 -14.530727 6.551397 -22.949617 11.979550 -22.475612 -19.733629
5 -5.214361 8.409933 -10.967637 -0.573245 9.342945 -0.542807 -0.454829
3 23.054256 -5.910209 27.084436 -19.603386 14.442983 -19.494973 -19.573111
1 23.459468 6.127166 -13.791608 -7.845947 11.960927 -7.830138 -12.079864
3 -13.309670 0.739561 62.688735 -11.284322 -19.406598 -10.523793 -8.903910
5 51.212679 -40.595559 15.625070 -34.812103 75.280430 -35.292349 -31.418170
3 16.304934 -18.868917 28.587120 -10.078004 -0.981251 -10.177841 -4.786044
5 7.893350 -5.481983 -21.156566 -8.692288 27.950090 -8.333418 7.820819
5 -14.178256 8.452427 21.574420 -20.858809 48.355986 -20.257831 -23.087939
5 19.070004 6.752891 1.645283 -22.992461 23.440932 -22.504432 -5.412218
5 3.964309 -7.941143 -1.575617 -16.837619 44.616931 -16.223225 -6.003636
2 3.923323 24.957023 -1.849554 -8.505623 -2.277848 -8.285985 -7.961336
5 2.497593 -22.629880 5.579922 -16.652317 56.233387 -16.802575 -8.226131
5 17.001101 -5.608660 -42.651625 -18.184758 85.106701 -18.093934 -17.568830
5 5.007622 -5.778870 -9.368960 -10.572948 43.276679 -10.584797 -11.978727
1 107.034537 -48.442963 72.687799 -50.212868 32.830894 -50.237175 -63.660216
1 38.382081 3.398461 -12.674384 -2.097140 -27.055893 -1.859147 1.906024
5 -1.191700 -0.779539 -2.378795 -0.497973 5.680319 -0.397376 -0.434936
1 41.297226 -11.243513 -14.422360 -8.294743 10.720051 -9.306747 -8.749914
3 6.786222 -16.877017 16.865708 -7.937845 10.056718 -7.885744 -1.008045
1 51.537406 -3.617148 5.113740 -24.344548 25.889772 -24.634276 -29.944947
1 26.765858 -17.921413 -4.912800 -9.603819 19.767861 -9.701761 -4.393925
3 -4.914536 -8.764981 38.286000 -16.993337 22.541080 -16.959966 -13.194261
5 0.622023 -1.677042 -28.794392 -7.741840 54.167103 -7.740922 -8.834931
5 7.836254 -39.860937 58.661133 -31.757885 60.880388 -31.510694 -24.248258
3 -1.173151 -9.289662 40.464020 -5.620016 -13.712362 -5.646196 -5.022630
1 55.633690 -24.109328 22.133404 -13.867386 -14.763644 -13.987909 -11.038824
3 -12.131503 -2.382534 41.639382 -15.314414 8.374140 -15.768595 -4.416477
3 -20.657964 5.630459 45.061846 -25.651215 40.810926 -25.482163 -19.711888
3 7.373951 -22.591591 42.640831 -21.747724 16.871120 -20.690192 -1.856397
3 -30.856682 -9.680542 85.679567 -29.875930 27.339373 -30.111845 -12.493934
5 -4.810002 -8.698454 2.037110 -5.966560 26.268999 -5.754789 -3.076304
3 -13.869216 -5.764991 49.439193 -12.370769 7.812093 -12.573855 -12.672454
1 54.189900 -32.081769 -12.659978 -18.423783 27.937583 -19.016109 0.054159
3 -26.990251 -10.433385 55.068355 -13.325475 5.917477 -12.412335 2.175615
3 -16.952211 27.563883 51.590333 -29.532375 38.892078 -30.127795 -41.433908
1 15.689451 -4.098897 -5.045364 -6.677203 0.775890 -6.320925 5.677046
3 2.221819 -6.713860 14.621654 -2.531889 -6.760297 -2.441611 1.604182
5 -11.602055 -15.063330 5.223621 -13.370536 54.348665 -13.117862 -6.418504
5 14.944163 11.967364 -22.274586 -7.455500 20.103015 -7.532734 -9.751721
1 48.663949 3.032512 -38.648811 -12.765559 22.769564 -12.296550 -10.755105
5 -11.483255 -12.558820 -4.964143 -15.401284 42.258754 -14.624853 16.773602
3 -6.284586 -15.038208 51.043818 -13.551303 20.914807 -14.210820 -22.873707
5 0.422714 0.368204 23.652950 -13.880219 24.088775 -13.836011 -20.816413
1 7.977556 -6.907717 -3.261365 -1.395022 1.778543 -1.250312 3.058317
3 14.429599 -10.536261 58.945720 -34.858898 50.916945 -34.591672 -44.305430
7 5.667463 -1.339311 -2.859315 -5.239722 -0.464207 -4.510101 8.745194
1 39.817373 -16.507843 27.729023 -19.019105 -5.565992 -18.062227 -8.391231
5 -1.980928 -10.825160 7.272084 -6.421580 17.501596 -6.410048 0.864035
1 36.770315 -7.566253 14.760691 -17.431730 7.349439 -17.280234 -16.602231
5 -1.027449 -0.230163 13.528415 -9.922882 18.984908 -9.744309 -11.588517
5 42.904067 -59.278696 43.389280 -36.153235 66.281363 -35.564642 -21.578140
2 -11.245811 16.177114 -5.352550 -1.184326 3.734916 -0.937072 -1.192272
3 -17.473075 6.089977 44.793032 -8.989933 -12.254743 -8.717689 -3.447568
5 26.583218 -9.640307 21.034467 -33.597142 47.292290 -32.720869 -18.951658
1 17.597601 -3.832353 0.354940 -9.219589 9.443542 -8.969404 -5.374737
1 13.926623 -12.042333 7.886495 -9.170122 3.898694 -8.621224 4.121865
1 66.324637 -23.055527 43.330386 -30.292823 5.929154 -30.028634 -32.207192
5 0.796005 -39.901035 56.479803 -35.882881 68.249884 -35.960692 -13.781084
5 3.842165 0.996321 -8.698843 -12.844030 46.457417 -12.766620 -16.986411
5 14.176922 -5.804643 4.221585 -14.932675 25.333316 -15.474012 -7.520494
3 -7.631091 -7.964032 24.027202 -2.531889 -4.122953 -2.441611 0.664374
5 13.189525 -12.073600 2.402730 -5.530099 13.948160 -5.331147 -6.605568
5 2.462206 -27.576485 18.682494 -10.940614 26.037673 -10.901435 2.236159
5 16.502745 -19.340320 8.370331 -16.363443 32.964802 -16.056625 -6.077490
3 -9.160744 1.574472 33.393253 -13.404835 19.440801 -13.127667 -18.715278
3 3.190610 -19.852998 40.137252 -18.880664 38.199863 -18.986619 -23.807445
1 47.707401 -1.568496 -12.087267 -19.745430 15.710357 -20.506688 -9.509876
5 1.390528 -2.908775 14.601765 -19.117921 52.158808 -19.590859 -26.533546
3 24.571399 -18.633874 76.198621 -29.670254 2.037462 -29.325610 -25.177738
5 -38.721905 30.659424 24.450527 -20.819668 51.283013 -20.039944 -26.811446
5 1.653006 -13.488351 3.684736 -16.744557 55.941338 -16.475891 -14.570283
5 35.025657 -11.793058 -19.975232 -24.487569 69.485994 -24.154345 -24.101446
1 14.385489 -2.527865 13.589586 -11.573854 11.119449 -11.769269 -13.223538
5 31.404956 -18.048782 -23.657474 -9.354899 37.027488 -9.270037 -8.101253
3 28.444684 -1.896305 44.006539 -20.782660 -12.501725 -20.267004 -17.003524
3 -3.182115 -8.360851 26.983395 -11.926403 12.350026 -11.652597 -4.211452
5 7.832837 -14.117597 -17.883843 -7.024410 31.358617 -6.742762 6.577158
1 78.986400 -22.604372 -3.108955 -12.907386 -26.247256 -13.759090 -0.359335
3 -24.759152 -1.049819 26.174900 -3.361562 3.521464 -2.940646 2.414815
5 -24.780727 -29.971280 39.855225 -19.213556 64.147127 -18.641973 -11.394810
3 -12.580822 -5.017787 24.811084 -5.637022 1.097039 -5.426029 2.753536
5 -4.426839 -0.738184 -1.356373 -8.522946 35.953631 -8.633361 -12.275929
3 -17.989022 -3.358323 40.744668 -8.621532 1.809296 -8.527314 -4.057775
1 71.649830 -20.484592 50.158585 -16.464684 -52.478494 -16.138196 -16.242447
1 57.620437 -21.225583 2.780804 -18.398819 5.153943 -18.061037 -7.869746
3 -6.424932 -12.075513 43.156546 -11.466677 5.561242 -11.922619 -6.828049
5 19.002769 -26.823497 20.299437 -28.868958 61.946661 -29.693068 -15.863344
1 194.027963 -50.411398 -60.789458 -32.717501 -5.525461 -32.901685 -11.682458
3 23.469686 -16.983828 40.401088 -10.320476 -19.077346 -10.099139 -7.389980
5 -15.977200 -1.134304 7.653306 -12.804498 25.677853 -12.340215 8.925060
3 -2.906564 2.103372 16.861848 -6.009003 -2.422521 -5.505065 -2.122068
3 -9.690590 -10.524746 63.688462 -12.097646 -3.057108 -11.805037 -16.513332
5 8.481098 -14.734040 34.745386 -23.076833 42.736935 -23.996012 -24.156536
3 9.571646 -20.862517 33.998835 -15.165249 20.777875 -14.645778 -13.674814
1 44.481457 -1.431685 -33.534542 -18.879373 36.589260 -18.406816 -8.818298
5 -16.668937 0.854537 52.705448 -28.346568 59.475402 -28.932841 -39.087042
3 -2.185541 -8.861377 44.169472 -15.778492 20.065360 -17.055998 -20.353424
5 -2.547003 -1.236756 -7.673972 -0.210759 14.074382 -0.192270 -2.213621
5 -19.493431 1.352323 -0.306170 -5.600508 27.624562 -5.249911 1.673136
3 45.830864 -30.313793 65.573514 -28.058026 -1.762331 -28.629972 -22.640259
5 -14.776738 -16.885714 44.760532 -24.148277 55.604658 -23.869855 -20.684606
5 -1.421473 10.131005 -5.421145 -10.034141 14.864317 -9.858822 1.740257
5 6.288076 -9.090655 -3.682703 -10.742664 30.942758 -10.543307 -3.171507
1 31.164458 -9.454266 0.872945 -16.577426 19.976766 -16.332231 -9.650246
1 149.536266 -27.271603 10.085986 -37.459838 -27.597631 -36.616702 -30.676476
3 13.555138 0.242905 28.983101 -5.771914 -26.537738 -5.410059 -5.061432
3 -13.390677 4.896079 17.007701 -3.180136 2.504782 -3.456196 -4.381552
1 54.620550 2.877735 -22.632869 -11.229587 -3.792063 -11.010273 -8.833491
5 31.811017 -13.577542 -7.016644 -26.168424 45.009548 -25.052431 -5.005526
5 1.883171 -0.581852 -32.127993 -10.644266 51.452891 -9.604198 -0.377751
1 31.038251 -21.058405 13.998569 -9.926482 3.726240 -9.592553 -8.185620
1 50.139914 -7.706562 -1.727934 -15.703092 6.660438 -15.667243 -15.995520
5 -5.920609 -2.316357 -14.684545 -6.017540 29.918801 -5.431888 4.452138
5 16.667723 -15.174415 17.272769 -23.927914 47.164108 -23.771247 -18.231022
1 38.963315 -15.284974 19.012051 -20.115171 9.932192 -19.767874 -12.739538
3 -19.045995 -20.054384 51.011305 -9.848361 1.579701 -9.386437 5.744172
5 -5.160365 -7.675748 6.896879 -16.063235 59.782225 -16.142503 -21.637254
5 10.384195 -19.122653 17.585632 -15.496091 35.899431 -15.424273 -13.826244
5 8.269004 1.734505 -7.342469 -4.321084 10.503785 -4.133259 -4.710482
5 0.137394 -22.321815 -8.871173 -14.788817 59.851875 -14.873811 0.866345
5 20.139519 -4.832199 12.273075 -19.615578 33.747898 -20.259264 -21.453450
5 23.029597 -17.434350 16.972753 -19.907651 24.330377 -20.692494 -6.298232
5 -5.217066 2.910675 25.746880 -17.574806 35.238041 -18.034930 -23.068793
5 8.269004 1.734505 -7.342469 -4.321084 10.503785 -4.133259 -4.710482
5 23.204360 -11.575096 -32.735646 -10.477365 42.972787 -10.235994 -1.153044
3 11.105695 -9.062382 25.740119 -5.105468 -15.514261 -4.649170 -2.514534
1 18.086985 -0.191634 11.322045 -6.336870 -7.066776 -6.418565 -9.395185
3 -15.744439 -26.610499 60.420904 -12.141149 2.182560 -11.475263 3.367888
3 20.226604 -20.215928 65.529935 -12.361497 -32.408125 -11.909288 -8.861699
3 -4.170116 -0.831828 6.782888 -1.449986 3.536734 -1.505189 -2.362504
1 66.862742 -15.635115 -10.133261 -15.718966 -5.236634 -15.540552 -4.598210
1 0.000000 0.000000 0.000000 0.000000 0.000000 0.000000 0.000000
3 0.000000 0.000000 7.165468 0.000000 -7.165468 0.000000 0.000000
5 0.673725 6.597003 -0.119588 -8.128230 19.850662 -8.005744 -10.867826
3 12.638615 0.493932 44.945983 -15.678500 -13.150421 -15.145210 -14.104399
3 24.224698 -16.322725 53.568775 -12.327452 -33.054281 -11.818838 -4.270178
1 78.908074 -20.795895 -10.959214 -28.434889 13.902841 -27.353557 -5.267364
1 12.022478 -7.359883 4.325037 -2.292788 -2.034485 -2.126382 -2.533978
5 15.580646 -27.013620 21.518201 -25.830564 70.961836 -25.253811 -29.962687
5 3.233614 -3.057192 23.544091 -18.276802 38.609735 -18.428830 -25.624613
3 8.651998 -3.207117 38.394116 -14.400312 -5.056714 -14.051295 -10.330676
3 1.317591 4.165090 10.917398 -3.146823 -11.220052 -2.750366 0.717164
3 -3.069859 -17.539629 52.817426 -12.866459 8.079960 -12.749446 -14.671992
3 0.640838 -9.582140 20.816934 -12.795347 15.980032 -12.290677 -2.769642
5 -0.657129 -14.354305 44.554320 -33.077788 72.223840 -34.146484 -34.542452
1 42.006017 -5.276036 -20.035561 -21.418152 27.491734 -20.500596 -2.267405
3 4.658862 -12.684442 20.304117 -9.263072 10.461488 -9.122972 -4.353983
1 38.895090 -13.138837 -1.183961 -10.105009 7.475617 -10.908452 -11.034448
5 34.244946 5.901456 -42.684374 -15.436981 40.129665 -15.206683 -6.948030
3 -15.362764 -13.340524 30.288792 -7.316472 8.535806 -6.944826 4.139990
1 29.636302 -5.559225 21.292418 -23.976836 19.544344 -23.033389 -17.903613
5 -4.901530 27.319233 34.622271 -30.388764 35.405212 -29.621752 -32.434666
5 -9.176663 10.581309 28.479854 -21.799519 44.753696 -22.050034 -30.788642
1 38.907784 9.848213 -3.897837 -15.794320 8.154166 -14.936744 -22.281258
5 18.234494 4.396116 -36.187735 -6.887322 30.403667 -7.085287 -2.873931
1 37.017432 -14.607218 2.811104 -9.871088 -11.564664 -10.063637 6.278074
3 -0.130633 -11.360097 23.978621 -8.513752 12.905106 -8.685773 -8.193472
5 16.505563 -15.423416 -5.122945 -9.621078 31.205890 -9.812742 -7.731272
5 8.293828 -8.911081 8.461918 -12.490371 9.101083 -13.072044 8.616665
3 -6.817846 -17.773017 84.855525 -11.871806 -25.747129 -10.748807 -11.896916
3 2.395577 -14.737395 24.241644 -12.890773 22.020625 -12.988054 -8.041628
1 29.792461 -0.774475 -7.305751 -6.472395 1.104480 -7.049970 -9.294348
2 -22.398522 28.444291 24.135346 -5.467547 -12.024236 -4.608836 -8.080496
5 0.000000 -0.252344 -5.546417 0.000000 5.798760 0.000000 0.000000
3 -6.387512 -0.879729 29.496383 -6.193260 -4.369417 -6.189004 -5.477459
1 29.896302 -23.985416 13.510539 -16.748110 29.033772 -17.011614 -14.695473
5 5.639465 -35.299200 36.086013 -26.790996 57.455946 -27.493232 -9.597998
3 22.216043 -11.857850 28.602505 -7.066408 -18.289121 -7.293463 -6.311702
5 17.800284 -7.274109 1.508651 -10.517962 21.218207 -10.794765 -11.940308
3 18.033433 -14.154163 23.268277 -6.984623 -24.848152 -6.648969 11.334195
3 3.940293 -50.052104 141.226276 -33.980090 -14.964111 -33.140516 -13.029745
3 -18.764930 -15.930333 37.400189 -10.733628 24.487062 -10.709012 -5.749351
1 45.959013 -24.341842 19.071203 -30.211508 36.704114 -31.130980 -16.049995
3 6.501826 -24.942372 42.379007 -13.040178 10.270831 -13.147414 -8.021701
1 0.000000 0.000000 0.000000 0.000000 0.000000 0.000000 0.000000
5 9.152046 -16.456381 -47.528787 -19.485133 116.474872 -19.015490 -23.141130
5 -12.878609 -11.114224 35.927561 -30.436974 86.300586 -30.609812 -37.188527
5 -28.151684 6.516969 6.906977 -18.458914 66.293128 -18.006216 -15.100259
1 58.019877 -34.027520 33.591530 -23.006540 -6.947280 -23.322823 -4.307249
3 20.832089 -27.281734 118.677013 -28.543594 -26.199101 -28.693918 -28.790753
5 -28.245426 8.784115 30.253131 -13.698119 32.292474 -14.029188 -15.356986
5 1.329766 4.655095 -12.671519 -0.078002 6.908924 0.000000 -0.144263
5 -22.135648 -26.019291 30.512998 -13.310833 40.071570 -12.625641 3.506845
1 6.069518 1.992593 -2.546457 -3.874668 3.142612 -3.526086 -1.257512
1 43.054321 -11.115518 22.244527 -10.446797 -38.533430 -10.579309 5.376205
5 -61.040802 -24.433086 33.407066 -42.716255 125.323823 -40.986965 10.446216
2 -12.836789 17.862130 6.195827 -5.946724 10.321621 -5.985399 -9.610666
5 -18.921492 0.312630 44.506509 -30.566768 53.705676 -29.688568 -19.347990
5 -19.006627 7.550477 35.518965 -20.997456 36.045959 -21.273265 -17.838052
5 15.859092 -16.612008 16.461604 -14.937627 20.837835 -15.385343 -6.223552
5 -22.243407 -17.401824 3.755873 -13.370536 73.987947 -13.117862 -11.610191
3 -13.192575 -10.030724 48.494536 -14.944902 11.525469 -14.624787 -7.227015
5 22.221697 -12.273559 2.521837 -12.525867 26.962121 -12.361637 -14.544594
5 -22.829656 21.909600 -30.656637 -11.738123 55.565568 -10.889903 -1.360850
3 19.877411 0.683024 32.498694 -19.195596 11.466909 -19.329286 -26.001150
1 12.587189 0.368747 -10.174283 -8.640248 10.785649 -8.137667 3.210611
3 7.942114 -7.489973 10.771926 -5.697381 6.899957 -5.496661 -6.929981
2 -22.271983 48.948101 -4.993637 -9.637354 6.690748 -9.203137 -9.532737
2 7.913417 12.101144 -6.838141 -2.731100 -4.255710 -2.584339 -3.605269
5 14.043185 -8.686310 -18.677480 -22.308679 83.632520 -22.603424 -25.399813
5 -10.192216 -8.843003 20.203172 -8.934788 25.005134 -9.481008 -7.757291
5 4.178535 -12.697484 1.017321 -6.911682 28.346945 -6.770906 -7.162730
1 5.846264 -1.889274 -4.143568 -0.962789 -3.399993 -0.926864 5.476225
3 -11.366794 13.934976 19.576500 -12.006670 5.327694 -12.040570 -3.425135
3 -33.528383 -3.265314 77.062095 -16.295061 -9.508771 -16.045636 1.581072
5 3.306820 -12.142475 -13.355417 -11.530647 37.713961 -11.470171 7.477929
3 9.723442 -21.610679 56.519306 -10.486382 -7.220782 -10.017692 -16.907208
5 37.021955 -14.259159 21.904729 -38.615185 57.778985 -39.291288 -24.540035
5 -1.001257 -0.980299 -2.844854 0.000000 4.826410 0.000000 0.000000
3 -1.685253 -4.329019 9.294706 -1.906402 -0.953278 -1.732966 1.312211
3 3.301555 -6.556115 9.409599 -2.292788 0.602859 -2.088827 -2.376284
5 6.220098 1.707323 2.119955 -13.962265 21.423334 -13.279372 -4.229074
5 1.911968 -9.973794 -11.949946 -14.779462 63.806800 -14.564837 -14.450731
1 44.695528 -16.314106 2.924989 -13.071912 -6.572958 -13.413558 1.752017
5 21.300410 -22.071416 0.389535 -24.543592 45.393175 -24.743578 4.275465
5 11.169402 -9.884056 7.054605 -12.567724 17.196284 -12.708826 -0.259685
3 3.335886 -30.741322 50.420322 -24.147043 45.305268 -23.507290 -20.665821
5 8.396607 -10.750931 -21.185105 -4.536256 37.334840 -4.520943 -4.738213
5 -27.219925 7.146897 -8.981007 -10.039397 43.198413 -8.849622 4.744641
5 13.043738 2.000521 -15.708522 -12.376887 42.606249 -12.124823 -17.440276
3 -20.906292 -24.481195 139.342078 -47.544848 35.187875 -48.124358 -33.473259
1 51.484605 6.342829 4.037300 -23.976282 22.789097 -25.486472 -35.191079
1 1.016727 -0.000000 -0.642680 0.000000 -0.374046 0.000000 0.000000
1 33.884809 4.827969 -7.993889 -8.816737 -3.042997 -9.103015 -9.756141
5 -0.035898 -13.431907 0.492829 -10.864045 46.904365 -10.916145 -12.149200
1 54.825762 -24.765444 12.416840 -14.925945 -1.181791 -15.002329 -11.367090
5 -8.224651 -2.058771 -3.615183 -4.413293 14.749120 -4.241781 7.804559
1 76.733800 -26.941837 -6.264049 -19.784572 8.160897 -19.165985 -12.738249
3 10.068413 -20.506667 19.015512 -22.234992 17.925539 -21.522816 17.255013
3 5.069714 -19.796279 112.944063 -31.280424 -3.578910 -31.180208 -32.177953
3 -6.156178 -2.797924 12.162231 -1.906402 3.219660 -1.732966 -2.788420
5 -0.716842 -24.200356 19.423267 -12.392006 35.058495 -12.200308 -4.972253
5 -12.456958 5.416565 14.742411 -11.208479 23.293680 -11.175450 -8.611768
5 12.264420 26.462437 -3.565911 -22.722967 37.342153 -23.338041 -26.442091
3 -5.687727 -3.897055 49.516686 -23.089414 15.566989 -23.020057 -9.389419
1 59.370216 0.567555 -10.443160 -10.306558 -26.669856 -10.422018 -2.096177
3 13.355945 -24.038132 36.210263 -11.015577 -4.049411 -11.044377 0.581290
3 1.494898 -6.482423 21.767301 -11.805585 20.587449 -11.602974 -13.958666
3 -11.627487 2.907139 21.946410 -6.009003 0.214823 -5.467510 -1.964374
5 19.582492 -27.750664 5.884648 -13.703426 28.697400 -13.742529 1.032077
5 -4.553089 -23.627225 34.624978 -16.900361 41.084933 -16.720095 -13.909143
5 6.004171 -10.066735 -0.718010 -5.327954 18.020624 -5.444133 -2.467964
5 -8.224651 -2.058771 -3.615183 -4.413293 14.749120 -4.241781 7.804559
3 -5.825847 12.657307 66.599723 -34.631794 34.349650 -33.400341 -39.748696
3 6.944281 -8.962599 41.732539 -17.840235 8.664117 -17.032326 -13.505777
5 3.761200 -12.388635 24.083023 -17.943411 40.212599 -18.414328 -19.310450
1 80.163239 -22.368420 19.099861 -16.026289 -29.168991 -15.913415 -15.785982
3 -9.575624 -10.960626 27.763207 -10.643537 18.643153 -10.880834 -4.345741
1 33.198141 -5.386406 0.622311 -5.946547 -19.524098 -5.881998 2.918598
1 66.050735 -15.737964 18.476542 -19.083244 -7.670091 -19.118863 -22.917112
3 -24.507235 17.593616 46.136678 -23.668674 30.898037 -22.672226 -23.780194
1 33.289758 -4.258634 4.947283 -17.555722 18.291877 -17.072415 -17.642142
5 -18.698879 5.931116 -4.089824 -25.167457 66.357935 -25.250677 0.917783
2 -2.976808 17.911619 -12.695019 -5.505410 14.238702 -5.070331 -5.902754
1 20.828143 -2.348522 2.598924 -2.573579 -12.061193 -2.207559 -4.236215
1 57.361889 -29.954454 37.040134 -27.909745 -2.861263 -27.367371 -6.309189
5 -2.565584 -19.940733 15.298091 -16.120086 57.206283 -16.643525 -17.234448
3 -7.968800 -18.231972 25.568800 -7.755754 19.611224 -7.688839 -3.534662
1 48.886982 -10.281022 -4.060068 -5.789573 -19.585999 -5.706239 -3.464081
3 0.398869 -13.135052 43.906527 -19.517170 24.590355 -20.084726 -16.158803
1 52.844517 -16.812660 1.242690 -22.060977 27.425471 -21.749158 -20.889887
5 29.354865 -19.203716 -18.523504 -24.525438 66.625748 -24.095897 -9.632064
1 72.936576 -29.191178 -3.195743 -33.821908 61.767847 -34.086406 -34.409189
5 -19.243724 -4.848337 2.339486 -3.882048 17.137719 -3.433050 11.929954
3 -3.161440 -3.503477 39.607898 -11.430643 -15.619135 -11.564274 5.671070
1 32.192966 2.390486 -21.458959 -15.376150 -7.411136 -14.696086 24.358878
1 14.099400 7.361926 -5.306319 -7.410420 7.311927 -7.167400 -8.889113
5 16.812322 -27.059539 11.278087 -19.929631 52.952583 -19.890112 -14.163709
5 -5.303818 5.403184 7.035905 -3.904052 8.209546 -3.951282 -7.489483
5 -15.751220 -18.811943 53.808650 -30.285911 62.971511 -30.876661 -21.054427
5 -18.306705 9.204897 7.375675 -9.104791 28.060167 -9.363687 -7.865556
1 20.230872 -9.006330 10.912762 -4.795798 -12.297422 -4.520755 -0.523331
1 75.465578 -4.959723 -4.018940 -29.490463 32.326861 -29.890090 -39.433221
1 16.608251 -12.339238 14.871929 -9.145761 4.346348 -8.701252 -5.640277
1 52.961043 -8.679185 0.422415 -28.047064 47.687143 -28.611103 -35.733250
5 26.709129 -21.106602 -11.325494 -13.641563 49.805875 -13.577699 -16.863646
5 -5.303818 5.403184 7.035905 -3.904052 8.209546 -3.951282 -7.489483
3 7.560988 -27.112794 56.014853 -14.773364 6.529292 -14.920600 -13.298373
5 26.994227 -2.848979 11.582787 -19.117921 29.862787 -19.590859 -26.882041
1 13.671887 -6.652537 3.003099 -2.370790 -3.042285 -2.088827 -2.520548
3 -20.370520 -15.505197 54.912674 -8.242214 -5.426019 -8.460037 3.091316
3 13.800923 3.985320 23.440509 -9.872475 -14.645014 -9.288079 -7.421186
5 19.265612 -21.019319 1.050144 -9.630450 25.002829 -9.304806 -5.364011
5 25.656601 -36.868278 53.436883 -44.460450 96.661198 -43.640183 -50.785772
1 57.534312 -20.473245 30.183299 -14.144342 -25.360273 -14.700308 -13.039445
3 -1.939550 -25.526063 52.962285 -31.524886 51.826173 -30.145972 -15.651987
3 -7.170624 -17.539020 32.004407 -8.953468 8.270915 -8.851659 2.239447
3 26.027103 -21.738305 28.354164 -11.235086 -3.443258 -11.473608 -6.491011
3 27.684164 -3.060846 39.688187 -22.422629 12.165546 -22.626164 -31.428253
5 12.377172 -5.580035 -4.392575 -7.707497 15.688261 -7.188001 -3.197326
5 -0.172486 6.494278 -16.122716 -10.812735 40.572593 -10.590376 -9.368557
5 -18.570261 7.385247 -39.765729 -16.534112 84.125418 -16.701874 0.061309
5 -5.467887 4.342399 -1.588201 -5.398026 16.037412 -5.491202 -2.434496
3 -18.373783 9.101816 53.368390 -11.869541 -4.050058 -11.808188 -16.368632
1 0.000000 0.000000 0.000000 0.000000 0.000000 0.000000 0.000000
3 7.775680 -0.786007 35.424275 -13.749733 0.324661 -14.302138 -14.686740
1 0.000000 0.000000 0.000000 0.000000 0.000000 0.000000 0.000000
3 3.923710 -34.297247 70.711562 -25.746240 29.446692 -25.939679 -18.098799
3 -10.048958 -16.195978 72.419061 -11.193621 -20.723165 -10.552637 -3.704699
5 8.686380 -9.603446 8.227424 -11.380870 23.789855 -11.766048 -7.953294
3 -26.972494 6.387029 36.894265 -7.870232 6.296986 -8.184252 -6.551300
5 1.137661 12.827812 5.897257 -19.054292 42.285561 -18.941569 -24.152429
5 6.328685 7.681905 -0.849443 -8.622771 15.945878 -8.718951 -11.765303
5 11.334650 -20.370292 1.546789 -24.453823 77.654431 -24.264971 -21.446788
5 -4.799612 -4.590934 -6.085331 -7.370514 41.153561 -7.115153 -11.192017
3 -4.989114 -15.324058 43.516139 -8.473554 -8.923839 -8.240593 2.435023
3 0.893642 -1.779919 27.373885 -6.271262 -8.210370 -6.226558 -5.779416
