3 11.421822 5.422128 27.401449 3.695256 -21.043659 -13.553786 -0.088967 -13.254243
1 48.367295 -12.505309 3.044329 -11.254403 0.650351 -10.030195 -10.899325 -7.372745
1 56.001305 -2.337442 22.268302 -27.768324 -0.841065 -21.538840 -15.246495 -10.537444
2 -3.669416 8.497725 7.934368 -4.839482 -0.146544 -4.211838 -1.508554 -2.056258
1 38.054014 -20.475518 35.587836 -27.576882 34.375484 -15.900428 -29.212484 -14.852024
5 45.339977 -34.413977 8.663532 -13.140286 84.520507 -28.933937 -37.610798 -24.425019
3 3.255925 -17.152788 55.703113 -9.324401 -0.943476 -9.614333 -14.964621 -6.959420
1 23.497159 -8.474596 -11.798260 -7.832125 21.492125 -6.565050 -7.064548 -3.254705
7 -2.337924 7.021207 -8.681525 -8.168345 8.050507 -7.146331 11.325061 -0.062650
3 31.762115 -10.972799 35.360053 -24.241252 25.172455 -17.048035 -25.454423 -14.578116
5 -4.027461 12.168153 3.041185 -9.843344 12.827259 -8.422943 -2.403477 -3.339374
3 62.096344 -52.002208 127.151931 -50.253828 63.012132 -47.543700 -61.121625 -41.339053
1 39.900849 19.009451 -2.322546 -25.859454 -6.174208 -22.020494 7.183167 -9.716766
1 74.097557 -12.142195 7.643998 -24.091494 0.070288 -22.118329 -10.025540 -13.434289
3 23.882431 -20.125514 51.272114 8.095114 -26.089733 -11.379646 -9.430214 -16.224551
2 -17.514088 26.694613 -5.280329 -5.410138 12.209373 -5.396679 -2.025935 -3.276819
2 7.542504 25.961992 25.513466 -26.254248 -6.914702 -19.618417 -0.172822 -6.057776
3 22.229438 -4.109833 28.180286 -15.617518 2.011057 -13.549025 -9.512477 -9.631929
2 21.042271 37.302768 -9.444875 0.499039 10.294504 -18.555983 -27.115380 -14.022343
1 23.636947 12.083238 8.091293 -9.755080 -5.209974 -9.111022 -8.201387 -11.534015
3 22.002905 -19.487572 64.765007 -17.556548 -4.163201 -13.140752 -13.226642 -19.193200
1 23.792503 11.705319 3.162453 -18.254812 3.916272 -10.525866 -6.567666 -7.228203
1 55.741592 27.138304 -15.017657 -16.391593 -29.002881 -14.320009 0.030911 -8.178668
1 3.762456 -0.502203 0.050523 -0.670422 -1.562044 0.000000 -0.386834 -0.691476
2 -21.165735 29.156099 -8.092249 10.584819 10.620916 -12.758444 0.893975 -9.239380
3 22.847524 -8.180493 41.440048 -18.794481 3.318923 -18.765544 -13.263382 -8.602596
1 32.655780 13.190348 -11.771616 -13.735913 -9.313459 -11.960349 6.812809 -5.877602
2 -1.413848 17.624834 -13.650378 0.000000 -1.239603 -0.835865 -0.485139 0.000000
1 25.472312 -10.379712 -4.682877 -6.019659 7.780421 -5.139865 -1.798327 -5.232295
7 -15.007145 -7.599231 -7.400329 -0.975794 3.229664 -1.289487 19.148926 9.893398
1 9.995458 -4.039806 2.454288 -1.206848 -0.917963 -1.318127 -2.864170 -2.102832
1 33.856555 7.214903 -15.702170 -3.450378 -3.945356 -3.275648 -9.021273 -5.676632
7 5.687138 -8.091015 -2.383235 -2.720128 -0.097810 -1.767787 8.330331 1.042506
1 27.261970 -5.595021 -3.081786 -16.623992 22.977723 -13.193145 1.338698 -13.084448
1 92.824900 -15.615424 -5.364051 -48.125480 57.223699 -35.893279 -12.664705 -32.385667
3 30.739781 0.729099 60.089641 -23.495746 -42.886320 -17.289216 0.247101 -8.134343
1 55.625642 -15.581597 15.263896 -17.129041 -6.792761 -14.873503 -1.751078 -14.761560
3 -2.236621 -1.986961 7.501876 -1.373643 3.920358 -0.090213 -4.443536 -1.291260
7 -7.396337 16.351281 -2.403901 -14.350790 3.264065 -10.577924 23.031603 -7.917996
1 25.808575 1.360256 1.290189 -9.397197 -10.441032 -7.483280 -1.056716 -0.080794
3 9.754248 6.049552 18.017770 -11.019826 14.625707 -9.749347 -16.656690 -11.021413
1 13.900972 3.591103 -1.470970 -1.508050 -1.701472 -1.832231 -7.716957 -3.262394
5 15.508854 -1.578506 8.248714 -2.565897 17.679245 -18.381413 -7.106943 -11.804055
5 5.536815 -13.526696 -4.903617 -13.895132 59.408010 -11.889384 -13.527866 -7.202133
1 34.130857 18.227344 -1.937399 -9.314112 -17.950589 -9.542350 -7.945532 -5.668219
1 40.782516 25.649385 -14.560423 -13.155854 0.064037 -13.172413 -20.865024 -4.742224
5 24.054849 -18.370040 1.906714 -14.655132 53.049525 -14.381492 -19.147035 -12.457392
3 -4.024100 -2.549753 54.928306 -16.348261 9.930259 -14.917719 -24.183271 -2.835461
1 46.225106 -8.592125 6.227244 -22.046724 14.880561 -20.292053 1.395276 -17.797287
1 26.099834 6.129744 -15.219528 -1.367386 -5.184635 -1.742018 -6.085298 -2.630713
1 51.312521 -22.447457 -4.542881 -16.870815 34.262211 -14.642314 -9.447561 -17.623705
3 32.553450 -14.020065 35.109189 -19.473303 7.911971 -12.180067 -9.411381 -20.489796
5 -2.775874 26.282493 -13.217459 -12.782806 28.924913 -5.916505 -15.736869 -4.777894
1 22.705361 -8.827452 17.104407 -3.538383 -15.562545 -3.730791 -0.648423 -7.502175
3 11.600389 4.921915 28.891223 -8.456947 -20.859675 -7.582997 1.260134 -9.774042
1 39.849834 16.295195 -10.286054 -16.720694 -7.154005 -12.971098 -5.834865 -3.178315
3 13.708445 -11.496141 21.627500 -13.326675 2.235285 -11.635080 5.578264 -6.691598
5 -9.769220 -0.187985 -0.765450 9.902395 29.789507 -6.820593 -16.085769 -6.062883
3 8.357017 14.179501 15.374665 -15.759564 12.463477 -11.730027 -22.479332 -0.405737
1 39.860213 -10.566764 3.762803 -7.130002 -0.532719 -6.131314 -10.797255 -8.464962
3 10.286014 -12.922656 37.976022 -1.948146 19.565757 -11.641119 -28.692195 -12.623679
1 47.351126 17.615529 -9.946927 -5.453516 7.084922 -21.834456 -17.673141 -17.143537
3 -10.060469 -24.520904 39.562884 5.935341 32.369627 -11.686612 -20.024500 -11.575368
1 35.552146 -3.584835 -0.645313 -9.731421 4.016824 -8.401627 -9.481918 -7.723856
1 72.191142 -23.165317 36.255037 -19.577881 -13.562922 -18.518329 -18.714682 -14.907049
5 5.053633 -7.813387 11.067033 -19.537535 28.594276 -17.625231 16.324430 -16.063222
3 26.824517 3.000603 32.652005 -30.960426 4.530629 -22.875586 -0.112838 -13.058906
5 -8.921806 4.456619 -12.050198 4.304910 36.876962 -12.834911 2.148140 -13.979717
5 52.290696 -16.080118 4.271428 -23.351227 52.795407 -20.899982 -26.646274 -22.379933
3 0.354828 -7.432348 40.800954 -11.014323 -4.387093 -5.565658 -10.496968 -2.259392
5 36.816066 2.041342 27.311369 -38.570806 60.561264 -33.087645 -16.911244 -38.160349
5 18.522692 -8.439769 0.274487 -20.817035 43.556499 -18.971812 4.930346 -19.055408
2 0.774698 27.844293 -8.466164 -6.311560 -4.011483 -6.029706 2.174084 -5.974162
2 8.251191 15.179114 1.786618 -9.463086 -7.541038 -8.092848 2.820962 -2.940914
5 18.073909 -16.496273 9.038229 1.123525 29.333908 -9.636700 -24.026553 -7.410046
1 22.991540 -0.534647 1.719014 -14.899052 20.548498 -14.535756 -1.642472 -13.647126
3 11.210266 15.859374 25.776776 -15.171178 8.685182 -8.371759 -26.519707 -11.468956
1 101.053688 -14.232718 62.903000 -29.027257 33.975709 -46.762847 -57.679042 -50.230536
3 33.226647 -15.392461 50.218133 -16.223396 -19.924112 -15.060868 -5.649094 -11.194850
3 27.049575 -1.736873 27.589678 -13.628222 -5.568487 -9.234869 -9.170118 -15.300684
1 68.845322 -15.550283 27.465682 -30.677431 14.494667 -18.916334 -38.077615 -7.584010
1 25.866675 1.252841 -7.732774 -18.480824 7.842446 -13.797940 5.901043 -0.851467
1 49.168825 14.003834 26.476316 -21.115954 -24.831273 -18.821972 -18.453779 -6.425997
1 42.863134 -11.647876 -1.048947 -7.320607 8.797938 -7.302443 -15.088650 -9.252549
1 22.433978 -10.115419 10.904016 -6.599734 6.579212 -6.785602 -8.487059 -7.929393
1 51.729732 5.033638 3.141547 -28.201982 21.774025 -17.218330 -15.248716 -21.009917
3 5.208461 3.950003 30.748554 -21.806237 12.451783 -12.162201 -7.156500 -11.233866
3 8.469594 1.835027 13.295865 -10.595457 5.594325 -6.292009 -5.390137 -6.917210
1 27.823308 10.095183 -6.460561 -35.357249 17.811632 -27.695283 17.370273 -3.587305
1 0.000000 0.000000 0.000000 0.000000 0.000000 0.000000 0.000000 0.000000
5 56.226112 -10.880500 -16.167689 -26.150805 75.075465 -20.237248 -33.802075 -24.063260
5 -8.447021 -0.526937 6.530551 -3.177100 16.647680 -2.770438 -8.373586 0.116850
1 19.792838 -1.325077 -11.066911 -7.753347 9.168767 -5.841510 5.037299 -8.012060
3 44.715947 -9.828180 71.050241 -34.226379 3.624625 -25.173592 -37.477335 -12.685331
1 57.444598 5.195151 51.007238 -33.895488 -16.868604 -26.523091 -25.395180 -10.964629
1 32.234153 -4.493798 -11.101438 -7.945080 7.183544 -6.673495 -1.242656 -7.961229
5 -17.616814 5.905888 4.145439 -30.563364 55.564720 -22.300261 20.025323 -15.160934
7 -1.412887 -1.508125 -0.229707 -0.109014 -1.186872 -0.123781 4.969750 -0.399365
3 14.776711 -17.605230 29.442249 2.192153 15.312980 -13.711760 -19.123475 -11.283630
5 20.614021 -13.986486 25.193954 -34.358996 33.306373 -24.306819 14.650325 -21.112375
1 20.274021 -1.774176 18.962602 -14.253562 -5.536589 -8.828128 -0.562205 -8.281964
5 36.181897 -14.006886 20.245100 -15.959796 37.075906 -28.263467 -23.558613 -11.714142
5 5.532884 -5.566855 -0.553103 -24.200033 66.762636 -17.637744 -10.567459 -13.770328
1 33.182671 -21.354099 18.949068 -16.468500 30.157866 -14.902006 -13.756145 -15.808856
5 -0.692201 -0.828229 1.064722 0.000000 5.241302 -0.249092 -2.938206 -1.598297
1 46.755493 1.957062 -17.773448 -10.719361 -13.200531 -9.442807 8.548459 -6.124866
2 0.013352 47.502065 -3.770325 -10.794811 -10.984122 -10.032048 -4.413654 -7.520457
5 -9.843238 -3.650157 22.563363 -20.952489 52.673537 -15.019226 -18.660409 -7.111382
1 29.027159 9.547725 0.722017 -15.288517 -6.726070 -13.586205 0.735767 -4.431876
1 24.961693 5.897982 -6.578408 -6.636297 -1.151849 -6.227334 -5.394616 -4.871170
1 19.621267 14.506419 -12.790794 -3.320221 -2.857444 -3.930300 -5.521090 -5.707835
1 29.058177 -4.669430 -4.380028 -14.816495 13.850917 -9.703933 -3.226901 -6.112310
3 39.499581 -33.395807 69.590313 -40.939390 64.889708 -34.717442 -29.383500 -35.543467
3 25.347811 -12.973197 39.625129 -28.264531 21.892827 -22.929446 -7.734900 -14.963696
3 1.126337 -3.853826 13.891280 -8.572526 7.386043 -3.977563 -0.926344 -5.073402
5 39.068621 -5.436311 -31.230025 -10.388360 42.645221 -9.240927 -22.793724 -2.624496
1 0.000000 0.000000 0.000000 0.000000 0.000000 0.000000 0.000000 0.000000
5 5.024533 -20.923179 38.934945 -10.949807 47.565852 -18.287058 -26.765770 -14.599518
5 -32.510058 -23.899102 47.362789 -20.529679 48.256457 -14.362864 13.795810 -18.113354
5 36.125469 -18.769763 28.619192 -32.057842 53.012014 -25.594336 -22.672531 -18.662207
1 74.633666 -5.872282 45.134826 -17.177270 -51.015528 -31.846684 -2.795932 -11.060797
1 29.850203 -16.160606 7.405236 -12.068277 3.458060 -6.498041 3.258578 -9.245154
1 32.691292 5.865330 -5.286802 -4.578589 -7.064509 -4.847084 -13.185160 -3.594476
1 20.251279 -9.748987 17.841552 -4.033620 -9.461492 -4.652989 -1.696443 -8.499300
5 15.637084 19.562479 5.138131 -20.921797 26.045984 -15.809627 -11.729071 -17.923184
1 47.200472 -16.930009 7.244898 -18.123420 14.812028 -12.853698 -10.588608 -10.761666
3 -2.818076 14.201670 17.747924 -11.157845 -2.806984 -10.195336 6.422830 -11.394185
3 10.542211 -9.177321 17.342376 -3.076450 -9.294316 -3.548855 4.262501 -7.050145
1 66.135675 -3.793117 -14.109536 -19.935700 24.699888 -17.451060 -35.862009 0.315858
1 10.617486 4.266112 -4.819453 -1.973757 -5.724655 -1.508045 1.727877 -2.585566
3 5.709846 3.818480 22.045411 -10.249052 -1.113778 -9.486994 1.407462 -12.131375
5 -0.115705 -10.366880 5.265752 -5.653530 14.275719 -3.423860 2.371780 -2.353275
1 34.864732 -10.378154 33.840970 -13.151731 -23.960605 -10.484192 -11.890347 1.159325
1 103.415940 -41.500190 64.042992 -37.750015 69.965196 -46.876081 -70.337940 -40.959905
3 4.641894 3.794725 23.672253 -12.720204 -10.661610 -9.270693 1.200755 -0.657123
1 68.008072 -0.604584 20.429717 -20.100902 -24.518604 -16.790529 -21.388043 -5.035128
5 -4.319710 1.428646 -2.620282 -4.666253 31.212813 -3.574338 -13.472230 -3.988647
3 1.351185 -16.936085 37.114349 -20.941095 34.267895 -10.820402 -13.135623 -10.900225
3 7.121328 -11.716945 11.711496 -4.442510 10.217336 -4.122133 -6.420475 -2.348097
7 -22.470834 -11.279119 11.209637 -7.024563 19.495985 -5.757056 19.960077 -4.134126
1 80.510428 -20.063371 7.207181 -27.007165 7.212158 -18.485527 -21.602476 -7.771232
2 18.412849 56.150025 -9.313560 -20.981589 -3.980255 -16.923670 -11.641176 -11.722626
3 2.379722 -8.054882 32.491515 -11.340736 8.249545 -7.278857 -5.121489 -11.324818
1 57.905016 -4.505196 29.126255 -37.523209 40.120578 -24.605512 -37.959045 -22.558890
1 107.256757 16.095326 -37.462060 -18.648183 16.392363 -32.583769 -18.178354 -32.872083
5 -1.300622 -1.960015 -2.303411 -0.090213 6.281758 0.000000 -0.627498 0.000000
3 16.279530 4.247819 41.979224 -9.466676 -29.705597 -9.556921 -6.811036 -6.966343
1 18.260471 0.375526 -15.590706 -7.261027 12.026890 -5.694673 -1.393881 -0.722601
5 25.220470 -20.619629 32.547157 -21.921614 40.295755 -17.580997 -17.817911 -20.123234
1 20.393742 -3.751762 5.700665 -3.909533 -2.437157 -2.486910 -9.712268 -3.796778
1 37.582000 -34.200462 -2.203808 -18.366238 23.786047 -16.911766 23.335211 -13.020985
1 144.727766 -21.301389 5.405913 -50.821052 58.916490 -44.776122 -43.420533 -48.731077
5 19.258685 -6.603897 -6.931327 -16.305897 28.716369 -9.672236 -2.320225 -6.141474
1 23.354711 17.261053 -0.681541 5.205094 -17.085541 -11.870729 -6.948869 -9.234176
5 8.884311 -8.537831 12.741926 -6.203972 13.941342 -5.557688 -8.495739 -6.772350
3 15.271888 0.866586 66.186384 -21.164563 -31.680266 -13.780615 -5.323288 -10.376130
1 0.000000 0.000000 0.000000 0.000000 0.000000 0.000000 0.000000 0.000000
1 37.199142 31.787009 -25.723808 -10.608845 -8.124562 -8.469040 -12.195635 -3.864261
2 -8.998809 21.777055 -3.578972 -2.987744 12.035190 -3.107363 -9.893132 -5.246226
5 -22.568864 5.279715 9.696235 -7.417603 24.269186 -5.500085 0.711717 -4.470301
5 -5.451821 -10.693364 3.171350 12.818704 19.783830 -4.716089 -11.621224 -3.291386
5 -20.079701 9.638157 -5.973640 -7.266826 34.910769 -5.812274 -1.511313 -3.905172
1 14.229555 1.444199 -4.364443 -4.494034 13.261008 -4.422244 -13.394490 -2.259550
1 34.297091 22.964503 24.019533 -18.749079 -0.657589 -28.435425 -20.154129 -13.284906
1 24.296985 0.580221 -21.038976 -7.635536 7.789633 -6.000389 4.030228 -2.022166
1 15.786481 -5.578958 -0.357006 -5.979899 5.839924 -5.230078 0.689157 -5.169624
1 71.897687 -7.841860 19.551514 -2.921349 -28.247089 -16.668971 -26.265409 -9.504526
1 14.975906 5.288450 -4.800256 -8.078606 3.959641 -6.686654 -0.943343 -3.715141
3 8.338756 2.975775 38.016823 -2.803556 2.236194 -15.020173 -18.210937 -15.532884
1 62.887825 26.016319 11.243920 -22.296089 -23.950696 -20.388956 -24.325760 -9.186562
1 10.551160 -10.051030 -10.317594 -2.810341 5.650252 -1.767787 7.702833 1.042506
1 27.074435 24.373888 -9.940718 -9.443649 -13.567831 -9.330885 -2.564848 -6.600393
1 11.895871 -3.588106 5.663585 -2.550810 -11.161794 -1.462784 -2.491922 3.695958
2 -11.882434 52.585761 -9.239342 -3.835470 -15.227573 -3.840027 -6.100214 -2.460703
3 -4.152890 -2.804266 15.757199 11.918534 -9.420023 -4.245933 -3.327223 -3.725400
3 -2.380931 -13.342242 31.315212 -6.823935 13.800621 -6.537912 -8.403276 -7.627538
5 -17.068613 -9.819473 16.365167 -14.561880 44.335932 -8.303287 -4.009264 -6.938583
3 22.824156 -32.762704 32.655756 10.588192 10.737849 -17.584834 -8.079181 -18.379236
2 10.392058 13.922504 -8.772996 -7.680081 3.565398 -6.496162 2.664903 -7.595626
5 -28.147924 -2.053684 7.805679 -15.665673 25.218284 -8.308276 10.533214 10.618380
1 22.537119 17.811971 -23.686989 -2.293982 -3.660241 -2.229928 -10.239523 1.761573
1 71.764413 -37.703932 32.769500 -32.515883 12.583692 -20.980864 -7.733813 -18.183117
5 -11.706433 -11.971032 14.790176 -15.506567 44.335932 -8.303287 -4.009264 -7.629525
3 -3.144373 10.690454 28.315159 0.870950 -7.782993 -9.988649 -9.773978 -9.186569
3 22.845211 -11.706594 71.557243 -35.252497 6.047243 -19.666861 -10.412221 -23.411529
1 24.307303 -10.903723 -12.002035 -17.584642 21.597457 -13.888382 8.914940 -0.440918
5 41.725717 -8.289780 8.832836 -39.351092 83.605678 -29.077042 -28.197836 -29.248485
1 115.633419 -10.842813 -0.572975 -33.669121 26.604220 -33.719928 -47.518126 -15.914676
5 -2.259625 -5.784928 -0.318949 -7.239536 37.759265 -6.472567 -15.739770 0.056110
1 25.094466 -7.005855 -14.466843 -4.803121 1.091827 -3.301417 5.394355 -2.003412
1 32.692644 9.546573 4.574900 -20.624433 13.623866 -14.424820 -15.903327 -9.485408
1 14.229555 1.444199 -4.364443 -4.494034 13.261008 -4.422244 -13.394490 -2.259550
1 26.318749 -8.479608 11.930610 -10.158372 -16.274600 -8.831074 6.183390 -0.689095
3 4.729426 1.069388 10.938557 -4.827460 -3.617527 -3.730791 -2.450779 -2.110815
5 17.967248 -3.212028 -4.393151 5.722885 29.791429 -12.908271 -15.850648 -17.117466
5 17.640313 -13.070139 -11.632195 -12.130331 37.996064 -9.732470 1.676769 -10.748013
5 -21.169529 -7.473773 8.696723 -6.444188 33.114073 -5.023130 1.565506 -3.265682
1 24.983126 6.847999 -6.567260 -4.378255 -4.248802 -4.560332 -6.299415 -5.777060
3 21.660868 -12.094688 32.373237 -12.497132 -0.780680 -8.506771 -6.981497 -13.173337
4 9.948428 -9.595925 6.053901 13.394542 -9.531755 -3.498647 -6.803953 0.033409
3 -2.906800 -0.365977 37.918059 -17.431195 16.597994 -7.091252 -20.323895 -6.396937
2 3.742595 25.654988 -5.693060 -10.997740 11.567183 -5.916505 -7.497453 -10.860007
7 6.566746 7.335339 -17.045017 13.121208 -9.251308 -9.699541 17.207389 -8.234816
1 149.987917 -10.504392 -1.117978 -37.803316 -48.619476 -28.912460 -9.809347 -13.220952
1 38.287583 -11.156459 -8.317764 -6.722539 12.945233 -6.821062 -9.994137 -8.220853
1 22.694105 -1.648031 -5.495326 -1.896147 -9.755684 -0.842108 -0.386834 -2.669975
5 0.726637 -16.720706 10.645548 -1.351966 34.705664 -12.798790 0.681217 -15.887605
5 -17.815144 -7.473773 2.003295 -6.098367 34.211208 -4.449504 1.886830 -2.264546
5 18.783217 -0.342838 10.028533 -18.449160 41.882657 -12.746645 -27.200307 -11.955458
1 21.455652 11.254709 -13.936604 -2.293982 -3.442663 -2.047735 -7.161265 -3.828112
3 32.612514 -7.923710 34.391018 -16.615650 2.622769 -11.995317 -22.476490 -10.615135
5 17.512987 -25.349449 35.824001 -15.588780 45.003239 -25.274553 -34.007277 1.879831
3 5.476852 6.842822 46.760453 -30.462859 16.076719 -21.299892 -5.654081 -17.740017
3 17.485330 27.708386 34.668643 -17.934784 -5.506875 -15.292485 -24.093195 -17.035021
3 24.067643 0.354514 30.538121 -14.584675 -24.949314 -12.469286 5.078498 -8.035502
3 60.446329 -46.022382 79.524727 -47.099207 77.945152 -38.454680 -51.983793 -34.356147
3 14.089099 -0.580841 26.060268 -7.924877 -22.343230 -8.436103 8.728065 -9.592382
5 24.361527 -18.482605 5.892702 -15.433540 30.434789 -13.694745 2.402283 -15.480412
2 1.222548 15.976445 -7.788310 -2.826097 1.334338 -2.104505 -3.042922 -2.771497
1 95.679547 -14.120580 -4.016078 -37.745228 25.368888 -29.879364 -6.938846 -28.348343
1 20.928222 1.830808 20.871277 -15.079239 -23.716171 -13.409490 17.523146 -8.948553
3 -1.418123 -7.041571 11.858336 -1.364536 -0.678342 -0.706569 0.513087 -1.162282
5 26.753262 -22.127753 30.866613 -22.030627 38.225080 -17.704777 -13.459200 -20.522599
1 118.367898 1.347660 -14.960227 -39.175837 32.567497 -38.132082 -25.606355 -34.408556
3 -1.775197 -2.991594 10.696028 -0.159466 -7.433763 -0.213994 2.748726 -0.870741
1 0.000000 0.000000 0.000000 0.000000 0.000000 0.000000 0.000000 0.000000
2 -10.728811 17.960672 -6.125923 -0.109014 -1.622028 -0.488168 2.281867 -1.168596
3 23.467844 -14.574383 27.824306 -9.570925 -3.346452 -8.554933 -10.448034 -4.797422
1 43.251355 0.613927 11.978662 -18.910169 -18.597879 -15.387962 10.002271 -12.950206
3 8.042653 -4.017831 24.191078 -5.951097 20.147783 -14.198064 -13.318109 -14.896415
1 0.000000 0.000000 0.000000 0.000000 0.000000 0.000000 0.000000 0.000000
1 13.528759 -4.732538 -2.590220 -0.377631 -3.067748 -0.611433 -1.137342 -1.011846
5 5.805241 -10.024313 2.379641 -6.501549 25.662740 -6.202098 -5.280434 -5.839227
2 -20.703310 33.806940 11.567335 -8.112198 3.194702 -5.368124 -9.285663 -5.099682
3 -1.288774 -10.329518 37.191998 -14.797609 19.290910 -13.688037 -6.433727 -9.945244
5 -8.237290 16.499895 -16.678254 -4.362413 21.306365 -3.696503 2.619025 -7.450823
5 47.039811 -29.819239 -22.246791 -15.253173 49.111302 -12.411203 -9.405090 -7.015619
3 21.980973 10.102178 25.432126 -9.887538 -28.573389 -10.684388 3.938443 -12.308406
5 21.199149 1.157434 15.381193 -16.057336 61.980030 -29.320355 -25.455712 -28.884404
1 26.774933 -5.374263 -10.601543 -6.236596 1.192666 -5.445581 5.905260 -6.214877
1 29.948053 -1.496205 -7.533701 -9.549328 0.336187 -9.214289 5.279219 -7.769936
1 9.174909 4.155441 -2.961829 -5.912539 7.165312 -5.412272 -0.654784 -5.554239
1 30.767094 -3.362137 26.368140 -13.172829 -22.146068 -12.063035 1.386515 -7.777680
1 58.811588 21.884819 23.372979 -32.776965 -20.443232 -28.259416 -8.612440 -13.977336
1 14.038983 0.375526 -10.330712 -7.311479 12.387524 -5.784886 -2.398043 -0.976913
1 42.905763 -10.064561 -1.292319 -6.113759 -1.803821 -5.557688 -11.301265 -6.772350
3 10.283013 -4.647130 15.267183 -4.917106 -5.650521 -4.411924 -2.796336 -3.127178
5 23.431922 -10.217388 20.568154 -21.597141 33.921598 -12.467219 -18.983105 -14.656824
3 -1.775197 -2.991594 10.696028 -0.159466 -7.433763 -0.213994 2.748726 -0.870741
1 35.905570 5.711519 25.308461 -15.522307 -5.979111 -11.625051 -15.247324 -18.551758
5 -5.699659 -1.056545 -0.565552 -14.684253 24.252451 -12.968756 23.841680 -13.119367
2 6.946277 28.373817 -21.632574 -3.655702 2.461108 -1.757006 -11.241409 0.505490
3 2.932821 2.201234 7.539739 -9.360759 6.762038 -4.249970 -5.395598 -0.429505
5 28.332784 -25.193546 16.805711 -15.623902 36.845955 -13.781147 -12.895092 -14.490761
3 -0.082979 -5.487561 8.229032 -5.067511 6.039448 -4.262912 2.528630 -1.896149
1 30.892709 5.034291 -5.950347 -9.228138 -7.352001 -7.965418 -3.159171 -2.271926
3 -1.200913 -8.353520 14.752188 7.481840 11.754762 -5.889646 -10.208126 -8.336586
5 -22.455405 -4.276397 15.324530 -8.362785 32.042291 -5.308745 -3.686944 -3.276545
1 38.133740 -11.191198 7.070910 -7.072077 -1.327325 -6.785602 -10.553584 -8.274864
2 -27.730784 34.917709 1.982220 -9.146105 13.832355 -8.476797 1.783890 -7.162487
3 -1.322752 -17.247976 55.320477 -5.359178 -17.184044 -16.029758 12.915966 -11.092737
5 33.333371 -28.072161 -0.407860 -18.153668 35.224542 -15.711624 9.506619 -15.719219
1 29.431693 -8.526967 8.892835 -18.400977 26.626042 -17.955685 2.064251 -22.131193
3 7.549664 3.072190 17.177294 -4.524694 -8.906892 -3.821004 -1.752590 -8.793969
3 15.035060 5.296189 18.110702 -7.605695 -14.771998 -6.705472 -7.350611 -2.008175
2 7.967862 20.782622 -7.949070 6.477785 4.632387 -8.393997 -13.622505 -9.895083
1 13.981399 12.513951 -11.655727 -4.298311 4.095229 -4.444535 -5.577249 -4.614756
5 10.883064 -17.864279 27.466924 -23.213000 39.333108 -16.320614 -1.633803 -18.651401
3 10.033075 -6.075613 12.669582 -5.443337 7.081905 -5.557688 -6.627051 -6.080873
7 10.030886 -3.332016 11.497447 -11.102831 -25.317120 -8.175221 30.551212 -4.152358
3 12.263713 -14.951892 50.278603 -23.303518 33.337228 -18.187138 -24.013107 -15.423890
1 21.346122 -9.640162 18.333549 -7.212742 3.640132 -6.875814 -11.061907 -8.529177
1 82.181528 -37.204657 -24.690812 -25.876187 50.397449 -23.396774 -4.410385 -17.000162
2 0.424977 31.826189 -20.111038 -0.815240 -5.227970 -2.198635 -2.845708 -1.052574
1 77.562647 -24.224218 52.117105 -36.363096 25.428318 -26.812670 -50.949759 -16.758330
3 7.600431 10.954013 22.119119 -12.250097 -9.035133 -11.944552 2.147912 -9.591694
3 3.101093 -20.642573 36.693577 -15.009418 24.033039 -10.264799 -5.287895 -12.623025
3 7.426312 2.757816 26.751753 -18.773094 11.961077 -16.925878 -3.454617 -9.743369
1 21.938860 -5.525987 -8.155589 -4.670116 13.672152 -4.759654 -7.190916 -5.308750
1 32.570019 2.106667 21.269811 -13.312373 -6.752447 -9.869541 -11.786225 -14.225911
3 15.532361 -6.690211 25.762480 -10.053383 -23.149890 -9.288258 -11.579386 19.466286
1 16.237395 -9.453406 0.061642 8.997203 3.444557 -7.695438 -0.945954 -10.646000
3 34.057878 -24.662331 40.786940 -27.477332 29.209095 -19.849676 -8.178867 -23.885708
3 51.859273 -20.450339 63.200429 -23.355102 -23.766919 -23.141683 -1.080071 -23.265591
5 11.907144 -12.595576 -7.024506 -6.828217 24.610952 -4.882116 -1.575214 -3.612466
3 24.491126 -18.005137 52.388465 -23.560220 24.979925 -17.589363 -24.169919 -18.534876
1 45.918333 -19.544293 17.791270 -3.524102 15.977486 -20.924215 -20.036570 -15.657911
5 5.821316 5.220869 -0.720966 1.399316 33.005905 -16.131779 -16.728350 -11.866312
1 41.293156 7.408855 5.870492 -9.317037 -17.849755 -7.990921 -11.661221 -7.753569
3 16.529821 -6.730397 47.829021 -10.892314 -28.304588 -11.861177 9.672795 -16.243162
1 40.606437 -8.949866 11.880364 -13.215933 -4.721038 -13.102449 -2.346032 -10.151484
3 34.850939 -14.622505 60.979681 -27.339029 19.989139 -22.289803 -33.506517 -18.061909
3 0.302258 -1.568821 17.022460 -8.239958 -4.196874 -8.735836 15.652274 -10.235503
1 32.599347 2.039435 -2.200501 -4.588618 -16.054577 -3.204802 -8.964053 0.373769
1 7.693039 -3.177136 -7.145563 -0.067359 -1.542966 0.000000 -1.734317 5.974301
3 15.753481 -2.052928 18.631487 -6.173950 0.039280 -3.595242 -16.512038 -6.090090
3 11.288742 -11.523022 31.704247 -11.539963 0.830408 -7.402638 -1.633593 -11.724182
3 31.131082 -3.287396 37.750613 -17.786921 -23.221875 -15.536546 -0.060403 -8.988556
1 42.239516 -19.062289 15.765856 9.110445 -13.430584 -8.163351 -12.097874 -14.361718
3 18.396615 -7.546448 36.674367 -28.063577 29.237600 -17.336060 -20.548414 -10.814086
1 64.371428 -27.534359 45.675681 -28.553593 15.207252 -23.955648 -26.154469 -19.056294
1 31.387622 -4.846035 -7.094025 -5.657633 4.127578 -5.155583 -5.553824 -7.208100
1 16.238316 -5.578958 -4.233575 -5.862087 7.798160 -5.139865 1.693319 -4.915311
1 92.583643 -25.396752 11.139913 -16.282392 -26.848591 -14.042335 -8.003565 -13.149924
1 23.121833 -1.322166 2.278854 -12.347946 11.619879 -8.716911 -7.181176 -7.452367
1 22.699856 9.273988 -11.597160 -16.202693 14.359407 -16.016280 9.740378 -12.257497
3 10.235197 -32.132477 51.858331 -10.525735 35.608709 -18.049127 -17.399245 -19.595655
1 72.006331 34.633840 -26.830771 -35.799603 0.050356 -33.697891 14.086050 -24.448313
4 -4.257482 -3.208750 -2.025699 18.497613 2.125315 -2.126076 -6.031667 -2.973254
1 12.722707 -4.749440 -7.759439 -6.334431 11.352674 -5.388957 -0.317914 0.474799
3 29.322710 -15.160452 40.506938 -17.159037 7.325106 -13.133018 -19.838377 -11.863871
5 10.931959 -19.780094 32.716168 -22.900122 33.628443 -16.534608 1.114922 -19.176670
1 59.431571 10.076009 35.168257 -31.508502 -32.263594 -25.450912 -17.130147 1.677316
2 -1.413848 17.624834 -13.650378 0.000000 -1.239603 -0.835865 -0.485139 0.000000
3 0.619746 -2.345701 16.050701 -8.463512 8.562679 -3.853783 -5.896094 -4.674037
3 5.623865 -16.281950 25.409993 -11.239954 11.003356 -9.692581 1.042524 -5.865253
7 12.731237 -4.562077 4.352335 -8.507194 -8.145641 -7.478527 18.721574 -7.111708
1 52.660163 -17.978213 -6.534833 -13.724191 28.280945 -11.694295 -34.711165 3.701588
3 9.516443 2.932223 22.962324 -7.756436 -16.648566 -7.879710 5.410294 -8.536573
5 -14.779624 -16.410250 13.777432 -17.963688 70.384471 -12.483693 -14.969076 -7.555574
2 7.854884 12.356564 7.563925 -8.129058 5.594292 -7.203495 -14.265687 -3.771427
1 11.895871 -3.588106 5.663585 -2.550810 -11.161794 -1.462784 -2.491922 3.695958
1 80.554809 -0.907723 8.505957 -40.101367 36.358189 -37.139053 -17.221639 -30.049174
5 -3.895582 7.904670 -17.385177 -5.738045 33.278713 -4.315197 -0.477464 -9.371919
5 -19.458288 27.135225 19.747187 -21.522697 67.034135 -20.864685 -25.794829 -26.276050
3 2.272212 -6.194480 28.461834 -2.936652 -11.212608 -3.857686 0.774605 -7.307225
5 20.722526 -2.557514 -5.530648 -22.384697 49.207276 -15.347871 -3.283423 -20.825651
3 20.480301 -11.341769 56.100922 -13.731156 -29.836027 -11.482652 4.450067 -14.639688
5 3.515190 -12.694485 19.629121 -11.774874 29.248901 -12.195328 -8.692671 -7.035855
3 -1.775197 -2.991594 10.696028 -0.159466 -7.433763 -0.213994 2.748726 -0.870741
2 6.781250 14.100476 -0.433384 -7.254675 4.593993 -6.805148 -1.507455 -9.475056
5 14.557605 -5.536264 31.286803 -31.414349 32.529461 -21.476073 -9.701033 -10.246152
1 73.707278 -38.124382 -2.077728 -6.526472 48.853258 -24.268464 -28.977135 -22.586355
3 18.477653 2.026028 34.087683 -18.003374 5.985404 -12.170438 -14.705769 -15.697189
5 63.871658 -42.870285 40.885148 -38.568886 88.518624 -35.553034 -43.692488 -32.590742
5 -3.026383 48.721188 26.387328 -46.376174 61.527720 -33.446568 -20.075302 -33.711812
1 145.507521 -26.294111 -36.241011 -33.707122 25.096419 -28.527711 -22.471417 -23.362572
3 -0.739411 4.287437 14.259376 -8.233318 9.189580 -6.408651 -11.071270 -1.283743
3 6.108711 -4.497260 12.786881 -9.408200 10.124723 -3.853783 -5.896094 -5.364980
3 6.644241 -4.109189 11.916039 -6.340642 8.407709 -5.953617 -2.267335 -8.297208
3 13.031112 -17.711279 42.125200 -18.280057 19.523090 -12.836545 -13.837725 -12.013797
3 30.077590 -33.872840 62.766212 -3.625905 19.122001 -21.318295 -31.581689 -21.567076
1 20.053129 14.734135 -9.285307 -14.691120 1.202202 -11.397808 -1.468984 0.853753
3 6.623196 -8.888634 31.955660 -20.559454 31.879531 -18.987808 -5.347852 -16.674641
1 78.880062 -15.064681 -5.463192 -25.447093 10.917428 -21.507656 -4.306528 -18.008343
1 47.085999 -10.906992 10.263349 -9.534573 -2.107195 -7.644842 -17.522878 -9.632868
1 26.193932 11.836657 25.149793 -19.463886 -28.554430 -16.923922 11.366166 -9.604310
3 -12.774026 24.746895 63.027362 -26.073375 -17.501294 -24.796157 6.039544 -12.668951
3 21.767618 -7.333810 21.982596 -12.304878 1.653019 -10.865652 -5.190614 -9.708280
3 -5.596101 20.666010 44.196777 -19.912427 -18.924395 -14.599138 5.777963 -11.608692
3 28.037737 -20.271072 30.548578 -11.486750 -14.308332 -9.092464 -0.614764 -2.812934
5 19.495394 13.967579 -17.960946 -10.264992 21.562178 -6.577761 -12.527315 -7.694140
1 36.918403 -17.696186 28.401544 -20.155307 0.289818 -13.413150 -12.776605 -1.568519
2 8.275151 8.442250 -12.976613 -8.493604 7.233039 -5.711716 5.029559 -1.798067
1 43.401936 18.934666 -14.179899 -13.025407 3.081281 -13.245466 -15.144125 -9.822987
3 -7.826753 -10.457424 15.872772 -5.939156 13.488273 -5.194354 9.343130 -9.286489
2 -8.086143 20.711013 -9.319690 -1.323335 9.735449 -1.451290 -6.576998 -3.689005
5 24.361527 -18.482605 5.892702 -15.433540 30.434789 -13.694745 2.402283 -15.480412
5 23.431922 -10.217388 20.568154 -21.597141 33.921598 -12.467219 -18.983105 -14.656824
3 2.764966 8.972981 11.478342 -5.106670 -8.964211 -3.728425 -3.762077 -1.654906
2 2.279665 25.172951 9.549440 -15.134983 12.974542 -9.192377 -14.258819 -11.390420
1 49.868528 -10.397528 -8.783252 -10.242214 5.269569 -8.523411 -6.865626 -10.326067
5 34.133439 -39.176459 25.718923 -27.609356 45.546579 -21.560982 -9.783939 -7.268206
1 62.802297 -2.216509 0.711426 -14.776859 -13.995928 -12.192572 -12.979790 -7.352065
3 23.390501 -21.184150 47.995637 -14.226804 -6.526888 -10.816535 -5.214766 -13.416996
1 70.486260 2.811268 -41.944884 -14.771325 17.440178 -11.930419 -10.951313 -11.139763
1 49.102277 -0.376377 -13.732348 -12.547265 10.399223 -9.641067 -11.975171 -11.229273
5 -17.247027 1.023952 9.579019 -10.592029 27.943868 -8.087717 0.699601 -3.319667
3 -4.395367 -14.548572 75.078266 -17.571827 2.012881 -13.050886 -12.636622 -14.887875
1 23.812858 8.043732 -6.975893 -11.282345 3.223149 -9.083794 -0.569878 -7.167832
3 9.319365 -13.565905 61.566625 -22.923893 12.418911 -15.990166 -13.908906 -16.916033
3 23.736441 -20.808266 48.618885 -19.868031 6.256078 -18.640218 -3.577412 -15.717478
5 -21.765880 -17.670999 8.856097 -17.877343 81.209606 -11.715858 -13.962281 -7.073343
1 35.107367 4.062047 -38.900586 -15.766803 28.852551 -10.937859 -6.699381 4.282665
1 30.602849 -13.788793 17.406381 -5.190016 -9.856287 -5.880903 -2.945411 -10.347819
5 2.753135 -2.049817 -6.068715 -0.067359 5.432757 0.000000 -0.000000 0.000000
3 -12.279065 5.709496 9.625791 -7.465381 6.710855 -5.407491 6.796625 -3.690830
5 64.367699 -10.802686 21.624296 -45.811769 71.324296 -32.822013 -34.826002 -33.053829
3 29.982188 -21.716441 58.845097 -29.362207 34.393639 -19.757239 -35.618512 -16.766529
1 35.913361 16.711546 -20.671962 -6.765907 4.565239 -8.271346 -15.484531 -5.996400
3 -6.620765 -15.976946 36.882961 -6.122728 4.821686 -6.970523 2.154214 -8.167900
2 -33.206780 32.231094 -3.096528 -8.703359 7.731354 -8.282873 21.082619 -7.755527
1 57.992186 -15.168733 16.877586 -19.177406 17.628895 -17.433814 -26.864548 -13.854166
1 19.063829 15.665445 -18.100141 -6.783783 3.866499 -5.018927 -3.062168 -5.630754
1 10.647382 -2.699332 9.006771 -2.095791 -7.649732 -2.493633 -5.455224 0.739559
1 91.747798 -28.973417 -17.232842 -0.782031 2.734585 -14.729829 -29.537818 -3.226446
3 36.020029 -10.338858 38.893988 -13.199882 1.518026 -24.089051 -12.885803 -15.918451
5 -21.319521 -12.159317 4.784329 -9.225016 52.365000 -7.129730 -5.422362 -1.893383
1 35.264090 -21.216839 26.956491 -19.552297 0.389932 -12.947757 -1.260627 -7.632996
1 37.345398 -12.661688 16.493003 -13.645888 2.555502 -12.471225 -9.303461 -8.311642
3 15.345921 -17.544919 26.909181 -11.882770 10.134189 -8.246889 0.081936 -14.796651
5 -19.683156 7.453838 0.297562 -8.163830 31.075690 -6.554009 -0.081529 -4.344567
1 78.907576 -19.481510 -12.483543 -27.304142 19.508444 -18.453865 -2.097632 -18.595328
5 2.674080 -10.712887 10.255232 -17.297319 33.075626 -10.762926 4.993248 -12.225056
1 19.044412 14.373184 -0.207419 -13.466645 -9.975617 -10.133041 4.982003 -4.616876
1 28.205321 -6.753051 22.403277 5.638107 -26.570734 -11.791581 -2.107025 -9.024313
5 -3.504378 -4.685544 2.781034 -3.126648 18.153791 -2.680226 -7.309193 0.371163
2 0.948086 27.897504 -4.936428 -11.197778 16.585383 -7.402774 -14.310969 -7.583024
3 25.344950 -17.133864 30.959752 -9.256059 1.150465 -9.826848 -13.849819 -7.388578
3 3.103350 -6.166861 14.810785 -2.255257 -1.444930 -3.134256 -4.781650 -0.131181
3 28.263000 -3.248207 55.047595 -18.406221 4.204448 -17.429018 -30.473746 -17.957853
3 -12.956484 5.985359 17.336276 -6.037864 13.508951 -3.640593 -13.558043 -0.637601
5 -2.263309 -4.831572 -13.962652 -9.832962 29.923825 -7.703842 11.344489 -2.673978
5 1.019055 4.791775 1.921437 -9.390109 21.477469 -4.408591 -8.258288 -7.152750
1 41.879387 -17.989087 17.205015 -8.027889 -29.753042 -6.505854 -1.039842 4.231311
5 12.707156 -16.788500 22.020140 -22.740656 41.062205 -16.320614 -1.633803 -18.305930
5 -2.502229 27.109301 -14.307787 -17.679865 33.273501 -12.340005 -2.868885 -10.684034
1 7.693039 -4.675678 -7.535976 -0.067359 3.102389 -0.249092 -2.960312 4.692988
8 -4.258481 1.151401 0.942618 -2.039883 3.590793 -0.573626 -2.857575 4.044752
1 71.190761 -16.741753 -16.063063 -23.474109 18.770938 -15.731394 -6.831956 -11.119427
1 9.514375 -1.519640 -4.196670 0.000000 -2.146086 0.000000 -1.651979 0.000000
1 21.510123 -6.344539 7.484362 -5.883599 2.701575 -5.479575 -14.247675 0.259328
3 23.043585 -18.602029 37.374834 -15.003088 -2.811134 -13.033485 -7.968027 -3.000657
1 33.817815 -16.900089 12.870698 -4.675630 19.485975 -12.915650 -15.396051 -16.287069
1 117.264631 -42.219409 35.474227 -49.736399 87.953620 -43.182423 -62.861763 -42.692488
3 -3.366701 -9.211277 50.020367 -8.948849 -0.678080 -8.983110 -9.489253 -9.343097
1 99.357232 -2.018416 5.493458 -31.173480 1.072436 -27.276858 -24.007504 -21.446869
5 -3.149410 -20.179365 -8.237522 -11.280908 49.082983 -8.705349 6.579697 -4.110125
1 14.794842 7.682171 4.529834 -13.353183 2.766948 -11.902837 5.343552 -9.861329
1 19.423189 8.737725 -14.754747 -2.668491 -3.442663 -2.353451 0.186117 -5.127678
3 15.840555 3.545050 27.793174 -18.389626 1.071166 -15.430810 -1.191981 -13.237531
3 -12.788760 -9.991921 47.368435 -20.761035 35.874381 -13.615191 -8.499551 -17.586360
1 80.952928 10.379999 36.954294 -40.818822 8.405593 -36.202804 -21.479592 -38.191597
5 -6.889324 4.556045 -16.295794 -14.606637 25.054401 -12.051046 24.569857 -4.337501
3 3.197456 -1.672131 12.489997 2.512415 10.238855 -10.344281 -6.199935 -10.222378
1 38.400496 1.774218 14.053726 -13.257389 -9.402166 -10.871564 -11.027182 -9.670141
1 68.628713 1.909973 -24.428549 -18.135749 -4.966329 -15.121754 2.467327 -10.353635
5 34.725560 -11.163934 -42.539872 -16.941625 63.793905 -15.708394 0.283499 -12.449138
3 5.924633 26.021328 26.729509 -27.576225 19.671545 -20.225916 -23.626595 -6.918281
1 35.014204 25.616130 9.429989 -31.103930 32.722242 -26.983017 -30.130125 -14.565494
1 54.515081 -22.959001 41.934366 -13.175205 -23.107848 -12.274139 -18.120334 -6.812919
1 42.629623 10.581594 -5.155465 -19.049397 24.744596 -15.170650 -28.887830 -9.692472
1 26.032274 15.671751 -11.084706 -4.368630 -3.179952 -5.598421 -14.528588 -2.943728
1 75.763439 -19.286079 -11.720856 -10.441756 -4.544132 -8.274890 -11.213131 -10.282599
1 18.795954 -3.946871 8.901543 -17.007540 2.471458 -10.076205 7.069925 -6.208265
1 41.553587 9.780710 2.002703 -22.252015 -11.306180 -18.128005 5.893292 -7.544093
1 26.796022 -4.874324 25.150626 -14.578035 3.693033 -6.589784 -19.489855 -10.107683
5 29.117541 -9.146867 -4.433422 -13.726853 32.853629 -12.569129 -8.355827 -13.739073
2 5.864863 20.651642 12.341738 -9.188784 -9.104499 -9.454781 1.731827 -12.842005
1 36.822350 -8.028754 -17.925806 -1.826818 0.048991 -1.227914 -5.322052 -2.539995
1 16.266854 -8.852751 4.536612 -1.335741 -16.393386 -1.209637 11.628432 -4.640384
3 -11.628750 -5.574337 16.125077 -0.644677 6.281758 -0.731003 -2.435792 -1.392275
1 38.177176 -11.104945 -12.389164 -10.532203 21.470312 -9.899518 -5.497597 -10.224061
1 44.170720 4.356884 33.660190 -27.920051 8.409345 -20.786564 -21.069346 -20.821181
3 -6.561414 0.603745 36.109446 -17.879936 15.663795 -10.476427 -16.368054 -1.091155
3 13.105527 -37.844552 45.333631 19.907864 7.013592 -16.723314 -3.007187 -27.785561
3 4.479474 1.255745 36.408528 -12.296002 -20.742869 -9.109696 7.023769 -7.018951
3 3.918519 -10.833567 21.262846 -12.479805 9.313321 -6.790704 -8.141753 3.751141
3 7.952848 7.223214 22.168646 2.315984 2.222985 -24.183981 0.012535 -17.712234
3 -5.594594 3.950003 43.457997 -21.806237 10.545396 -12.162201 -7.156500 -11.233866
1 71.290494 28.191051 -19.630939 -34.790017 14.692331 -27.692356 -15.735315 -16.325252
3 16.607306 -6.706050 37.487132 -5.304353 6.800935 -16.884990 -14.285366 -17.714616
1 0.000000 0.000000 0.000000 0.000000 0.000000 0.000000 0.000000 0.000000
3 35.837100 -8.885006 54.299975 -19.114230 -7.152720 -16.701309 -20.377823 -17.905990
1 49.428390 -29.290467 19.297018 -20.038625 39.892600 -19.880448 -17.673298 -21.735171
3 9.112981 -6.922260 32.300646 -14.837589 6.238655 -12.497299 -0.304387 -13.090748
3 -3.910103 -20.271142 107.422465 -14.470438 10.780268 -20.285322 -38.708555 -20.557175
1 75.396990 -46.951771 28.331521 -22.673964 71.660820 -35.389286 -28.664524 -41.709791
2 10.533736 37.110824 8.184554 -12.701787 -17.242932 -12.037771 -7.956264 -5.890359
5 -2.713508 -3.468140 -2.533118 -0.199227 5.094886 -0.123781 4.342253 -0.399365
5 -5.767781 -14.695044 33.365178 -18.252212 41.829758 -11.520054 -8.996654 -15.963193
1 41.399676 -21.239103 -10.302509 8.143069 6.860169 -8.382081 -10.241981 -6.237240
7 -13.396294 22.627280 -25.965435 -5.717456 1.475278 -5.090039 26.440183 -0.373517
5 -8.106867 27.228250 -1.109698 -17.703274 59.708293 -13.550862 -25.978320 -20.487523
1 10.625706 -7.031400 8.930462 -1.315862 -7.936455 -1.441907 0.888718 -2.719260
3 23.280110 -24.277832 110.884076 -32.106827 -13.467447 -27.269179 -14.267323 -22.775580
2 28.950354 30.361339 8.115009 -31.080201 16.132797 -24.245277 -9.670945 -18.563079
3 14.107063 -11.268305 30.367891 -15.559122 23.479651 -9.453530 -22.917555 -8.756096
5 7.035356 -12.428390 17.555810 -10.184461 19.697549 -8.645093 -1.865884 -11.164886
5 42.293987 -26.066832 -11.078019 -21.409672 65.803823 -19.714543 -7.782952 -22.045792
1 35.874144 -9.873480 25.221453 -13.674608 -3.272527 -13.050472 -6.186976 -15.037535
5 -11.892853 -22.744470 12.484685 10.882361 28.090063 -5.503708 -3.977405 -7.338672
5 -19.590341 -10.465367 12.699323 -6.257833 26.777446 -4.663498 4.635556 -3.135286
1 26.239924 -12.590038 -6.611946 0.303100 13.252669 -13.790592 -2.262449 -4.540667
1 33.627950 -8.633946 -9.620201 -3.671033 -10.049539 -2.702413 6.121135 -5.071954
1 48.716330 -9.693058 19.267282 -13.942938 -18.669657 -12.336371 -4.315126 -9.026461
1 21.452982 -9.155097 6.697731 -3.455990 -11.091759 -2.610691 3.023014 -4.860191
3 18.123789 8.678352 44.788520 -19.889032 -4.885760 -17.450040 -15.546461 -13.819371
3 13.969122 -12.152052 28.087105 -5.515048 -12.986049 -6.224424 2.401937 -7.580591
3 8.945219 -5.600356 20.099115 -6.056346 4.142825 -5.647901 -9.201899 -6.680658
5 0.102720 -40.841828 37.909980 -22.317941 62.411110 -21.228861 -5.903914 -10.131269
2 -9.355555 8.226274 0.349100 -0.109014 -1.646659 -0.305974 3.625808 -0.783980
3 -6.508961 7.976860 33.479974 -17.217339 -3.357866 -12.401731 0.952361 -2.923299
3 14.170300 -17.421535 18.954877 -7.617518 3.532144 -7.631470 4.610558 -8.597357
1 29.993111 -6.529605 1.644881 -12.232021 16.330186 -11.003269 -6.009700 -12.193584
5 21.243121 -40.298188 14.426066 -15.682921 77.403923 -25.218163 -12.439899 -19.433942
5 -1.300622 -1.960015 -2.303411 -0.090213 6.281758 0.000000 -0.627498 0.000000
4 -1.947444 -6.007819 0.390316 15.945353 1.630038 -2.035863 -4.312031 -3.662549
3 10.033075 -6.075613 12.669582 -5.443337 7.081905 -5.557688 -6.627051 -6.080873
5 -3.504378 -4.685544 2.781034 -3.126648 18.153791 -2.680226 -7.309193 0.371163
3 -13.478469 -1.579817 62.118407 -15.732562 5.789001 -10.104536 -15.432516 -11.579509
1 12.840458 1.128008 9.115480 5.505199 5.803943 -10.173065 -14.462690 -9.757334
1 45.487506 8.999914 -9.166720 -23.955458 24.476410 -21.816333 -8.389286 -15.636038
5 10.131316 3.591310 14.524988 -14.374248 21.641083 -10.377124 -14.508366 -10.628959
1 56.618213 -21.369446 13.019670 -12.581584 27.502802 -24.639209 -15.391636 -23.158812
5 -8.514083 -4.436396 4.538507 11.918534 16.121423 -4.993208 -7.065440 -7.569340
5 -18.843810 -12.811068 27.061194 -14.721346 36.902169 -8.517281 -1.260538 -7.809323
2 8.673623 18.491727 -12.639790 -9.568513 -2.598890 -9.139429 14.070542 -7.289271
5 25.798538 -19.042590 27.305017 -13.882960 40.864791 -22.889642 -11.677824 -26.475332
1 94.815994 -46.353747 84.872275 -55.078571 26.442139 -45.494148 -16.034337 -43.169609
1 0.000000 0.000000 0.000000 0.000000 0.000000 0.000000 0.000000 0.000000
1 25.196848 -5.835533 19.613714 -9.383004 -1.420542 -6.875208 -18.725025 -2.571253
3 3.747608 2.456289 18.070310 -7.756436 -3.010002 -8.306339 3.335141 -8.536573
1 31.886771 10.876687 -21.621253 -12.537908 13.737888 -11.444311 2.179160 -13.077036
2 -1.540633 17.624834 -11.961549 0.000000 -2.801647 -0.835865 -0.485139 0.000000
2 -0.535872 23.823937 -25.646789 -9.900276 20.035217 -9.320242 7.116477 -5.572453
2 -9.425619 53.496858 -15.413942 -26.287947 35.815575 -19.715734 -2.002325 -16.466868
5 -0.542617 -19.788172 8.686864 23.702846 26.111908 -11.073374 -12.544379 -14.553075
1 71.318316 -22.474080 17.728410 -35.532466 18.664910 -28.467646 3.596846 -24.834294
3 10.179092 6.146473 28.597841 -12.155976 -4.266354 -8.641627 -7.482058 -12.377391
3 13.026582 13.646731 17.746946 4.650630 -17.085541 -12.601733 -8.757163 -10.626451
1 49.442818 -8.948946 15.656889 -28.024275 6.662745 -24.358168 5.800440 -16.231504
1 83.715689 -37.360412 44.621671 -34.308094 28.223389 -28.441265 -40.384283 -16.066700
1 13.846017 12.365684 -0.246296 -9.594854 4.925975 -8.388639 1.041454 -13.949341
5 4.159482 -15.857047 20.638599 -16.541561 28.768564 -13.326072 7.377318 -15.219286
3 13.375586 7.913509 18.195196 -8.297482 -13.425912 -7.369004 -1.488592 -8.903302
3 -5.361803 4.061418 20.323611 -3.854689 -6.547508 -1.292542 -5.432618 -1.895868
3 -0.583908 -14.254427 45.581666 -14.225781 5.495547 -9.839457 -6.533838 -5.639803
3 30.393582 -23.121878 53.152006 -7.683624 5.956548 -14.975529 -24.811935 -18.909169
1 14.166945 -5.709181 12.863462 -2.877224 -9.142753 -3.425075 0.774605 -6.650781
2 -1.413848 17.624834 -13.650378 0.000000 -1.239603 -0.835865 -0.485139 0.000000
5 11.703710 -8.818639 33.879894 -30.971134 82.449681 -29.049193 -34.604934 -24.589387
1 57.885460 -41.795908 27.386040 12.575095 -1.163909 -17.394536 -15.778376 -21.713864
3 20.266880 -4.167428 22.789716 0.975127 -17.815950 -15.570664 7.015369 -13.493050
1 46.865935 -13.896285 8.283180 -12.725664 -4.201055 -9.572971 -8.644181 -6.108959
1 23.400639 0.580221 -20.918534 -7.635536 8.565537 -6.000389 4.030228 -2.022166
3 17.194956 -10.754215 44.306156 -13.436527 -6.375910 -9.772491 -10.576713 -10.585258
1 71.947250 2.003429 -13.489042 -15.140860 -6.946298 -11.930594 -12.768576 -13.675312
5 22.408876 -30.732937 16.296135 -9.898835 28.761652 -8.462884 -11.818123 -6.553883
2 0.597197 37.168089 -9.633393 -9.893539 4.361132 -9.787350 -11.473771 -1.338366
3 1.322328 -1.524635 43.753263 -19.880572 5.619159 -14.728954 1.873239 -16.433832
3 -6.692461 -9.185264 13.247355 -3.395128 9.533157 -3.018000 0.409284 -0.898942
5 -3.012182 7.137475 -8.913520 -0.926596 11.110537 -0.554808 -2.362194 -2.478713
1 49.364466 -31.084110 0.212652 -17.798478 27.123645 -15.077709 -10.884214 -1.856255
3 -14.819211 15.394474 27.567566 -18.819564 17.463788 -16.953114 -0.460302 -9.373639
7 -6.532632 -3.141892 22.379765 -10.102354 -10.086351 -10.152622 31.090305 -13.454219
1 29.718505 -15.746865 -11.015159 11.329078 -7.981247 -4.645758 3.631466 -5.290018
3 31.658815 -33.760690 35.764004 -24.080920 10.507555 -18.484106 12.491247 -14.095907
5 8.067595 -15.671822 24.941754 -10.146763 25.969133 -9.772375 -15.265305 -8.122218
1 7.942543 6.628077 5.371261 -5.257056 -10.364528 -6.186764 4.325873 -2.459406
3 15.656864 -3.320109 36.674877 -26.639305 26.615169 -19.981704 -15.665500 -13.340294
2 -21.992634 19.882800 -6.768902 -4.204841 19.382338 -3.220569 3.246522 -6.324713
5 4.305879 -2.176506 9.073615 0.222674 19.151617 -11.602356 -14.394359 -4.580563
1 26.937742 -3.540519 13.191161 -6.358542 -5.398960 -4.980543 -16.205067 -3.645271
5 19.309153 -18.837491 -3.864915 -19.841834 46.059140 -22.761617 22.564747 -22.627184
5 9.484868 -4.726985 19.172840 -12.909069 21.879947 -14.023568 -4.918279 -13.959756
2 3.852823 8.497725 4.048809 -4.493661 -6.025132 -3.638212 -1.187229 -1.055122
1 72.872934 -11.738311 72.044156 -35.511078 -15.205534 -30.986609 -20.046715 -31.428846
1 45.716326 8.953545 3.579914 -9.003548 -27.294032 -8.996003 -8.327860 -4.628340
3 7.667519 -4.395518 11.101027 -8.530872 8.581758 -3.853783 -5.896094 -4.674037
1 70.324968 -13.936497 -3.829635 -25.299904 -7.045309 -20.865902 1.549698 -0.897422
3 -10.292401 -16.242522 64.355402 -20.539010 34.576158 -15.517118 -22.694540 -13.645971
5 -22.431627 14.261835 -16.993219 -4.277736 30.047883 -3.865288 6.933427 -3.675275
3 13.549928 -7.316152 41.265660 -20.224117 31.753666 -16.733718 -32.441296 -9.853972
2 3.852823 8.497725 4.048809 -4.493661 -6.025132 -3.638212 -1.187229 -1.055122
5 26.504229 6.258481 -6.884949 -16.067436 28.599640 -11.409409 -11.317297 -15.683261
1 28.147542 11.836657 24.806508 -19.531246 -30.097396 -16.923922 11.366166 -9.604310
3 7.207302 -9.091863 12.210168 -5.661365 4.708161 -5.805249 3.312449 -6.879603
5 3.444534 -9.466444 -12.091846 -9.344597 33.282298 -6.909144 9.224269 -8.139072
1 28.291694 -1.503827 11.854834 1.092032 -4.909856 -10.369967 -12.393229 -12.061683
1 28.321323 -16.882031 17.529366 8.361328 -9.661698 -8.795298 -9.858734 -9.014255
3 16.143822 -40.771731 122.489688 -24.825332 39.375259 -32.950127 -43.447389 -36.014194
1 89.007168 -17.658097 53.394717 -55.945152 59.120434 -49.621433 -28.438200 -49.859443
5 24.456777 -20.471854 36.045864 -39.206462 64.665490 -30.908919 -8.629328 -25.951569
3 11.384645 -8.540181 34.749655 -11.400164 -1.379736 -7.711469 -5.121489 -11.981262
3 27.473185 -27.636149 33.665979 -17.153708 -5.138148 -10.815144 7.859707 -8.255723
1 39.837007 8.584955 29.400728 -26.898949 -27.869012 -22.313226 5.344921 -6.086426
5 -1.870969 -11.246456 20.776599 -8.629414 29.943163 -8.670525 -13.936244 -6.366155
5 10.952198 2.415086 0.627261 -12.894870 24.132951 -12.723314 -9.588130 -2.921184
3 16.090181 8.309650 36.564200 -8.890607 -37.650544 -9.670467 6.895198 -11.647611
2 15.403601 26.480772 18.947095 -19.168233 0.242653 -12.886227 -19.087413 -9.932250
1 21.449332 14.771148 -5.120666 -6.246598 -12.690448 -6.196654 -1.449609 -4.516505
1 0.000000 0.000000 0.000000 0.000000 0.000000 0.000000 0.000000 0.000000
1 46.529741 -19.441662 19.192144 -15.893134 9.728407 -10.853378 -15.096472 -14.165646
5 -11.455443 -2.293571 -1.416860 -2.602811 24.568525 -2.571573 -1.728827 -2.499440
3 40.641885 -22.347573 55.364466 -22.054810 -9.622388 -15.632244 -10.354948 -15.994389
5 15.283284 -8.996927 -8.835495 9.097241 15.492336 -7.914056 -3.694680 -10.431703
3 28.626773 -13.408418 29.633078 -14.468837 -0.866840 -8.834326 -12.374784 -8.306650
3 11.225355 -12.482264 30.325805 11.281426 -15.575812 -7.023130 -15.222478 -2.528902
1 51.744343 -19.194473 -10.842430 -15.581784 39.818456 -13.040113 -21.965866 -10.938135
1 51.843517 -28.359384 16.415875 -19.618937 46.626110 -19.399340 -35.751584 -11.756258
3 29.185668 -19.150674 44.388488 -18.752705 14.373165 -14.527544 -13.981727 -21.534673
1 25.181191 0.968317 7.688396 -7.807653 -21.306145 -6.528852 1.006425 0.798320
1 24.765181 -12.053836 -18.985850 -11.680722 21.024609 -9.291736 15.857111 -9.634759
1 25.541007 -15.131467 -13.435631 -10.906712 21.228103 -10.205235 0.399773 2.510161
