1 52.049601 -12.120697 -15.149498 -9.707162 16.075989 -9.768062 -9.977533 -11.402637
5 2.739400 -11.045001 8.578732 -6.995089 32.549719 -7.070901 -8.754295 -10.002566
2 6.058113 11.792674 -11.316710 -2.848114 -8.027060 -2.968333 0.294026 7.015404
3 -1.169303 -27.268872 67.543740 -9.839258 4.192487 -9.351535 -14.179931 -9.927327
1 64.575381 -15.087067 -12.567908 -22.023439 24.489822 -22.349701 -13.343519 -3.693569
1 84.280453 -30.771980 21.922870 -22.768872 17.954661 -22.373199 -25.512078 -22.731854
5 15.980207 -17.296844 14.256712 -11.468320 37.254734 -11.429752 -15.580997 -11.715740
5 3.849604 5.407286 11.968116 -12.116119 30.140235 -11.773957 -12.284597 -15.190569
1 10.185740 2.618456 -2.628284 -3.434197 6.938280 -3.538473 -6.166198 -3.975323
3 -2.239577 -0.538609 89.640590 -21.664709 -1.261209 -21.526319 -19.463780 -22.946387
1 22.054228 8.176821 0.238966 -7.819970 -10.301818 -7.959925 -6.257178 1.868875
1 78.027838 10.865622 -30.437076 -10.880449 -24.391319 -10.743135 2.128832 -14.570312
5 24.148874 -26.076061 0.283001 -16.441688 69.585994 -16.747330 -23.048258 -11.704534
1 29.818201 4.433571 1.687720 -6.359366 -19.447238 -6.122850 6.488105 -10.498142
1 51.259314 -25.294415 -12.942111 -12.851471 44.436785 -13.049043 -17.836247 -13.722812
3 5.260028 -6.992257 14.924469 -3.909904 4.843635 -3.830080 -6.603258 -3.692633
5 22.517640 15.223704 -26.997307 -15.583552 39.835097 -15.665471 -9.563732 -9.766379
5 7.001908 5.163063 9.237954 -18.923548 51.275844 -19.129434 -14.169635 -20.456153
1 44.807940 -18.335249 11.993214 -16.244720 9.984887 -16.234860 -20.385899 4.414689
1 58.531637 -11.396814 -23.199466 -19.822020 47.617885 -20.094917 -19.984926 -11.651382
2 10.854865 16.179092 11.076771 -12.204656 -6.463297 -12.470804 -1.626855 -5.345117
1 37.505106 -0.527045 15.831148 -13.115740 -9.539689 -13.254652 -1.568514 -15.330615
3 2.949677 -9.359902 19.627235 -6.074538 12.257121 -6.017493 -6.790854 -6.591246
3 -1.571437 -0.690475 4.502240 -0.513112 -0.227496 -0.546949 -0.144121 -0.808651
2 10.052356 22.605264 -2.886794 -9.409239 11.616532 -9.538558 -12.460014 -9.979549
5 42.959137 -20.762670 7.075915 -21.256818 44.101418 -21.391474 -28.383364 -2.342144
1 42.171453 11.938538 -7.156457 -8.645917 -31.135712 -8.739855 3.296234 -1.728285
3 -0.000000 -0.853997 9.586369 -1.247186 -4.202915 -1.278459 -0.934136 -1.069676
1 20.476903 -9.734589 20.459755 -5.576953 -10.676552 -5.950370 -10.485943 1.487748
3 -5.777292 -0.877814 6.591502 -0.864623 4.614791 -0.991539 -1.670929 -1.024096
5 -8.704354 -0.823770 -5.632295 -7.848071 49.092399 -7.855373 -8.426568 -9.801969
2 19.293987 20.041174 -10.646169 -5.159163 -8.696503 -5.191349 -5.054002 -4.587975
1 24.721873 3.589126 -5.050459 -2.107832 -17.843205 -2.165954 1.854675 -2.998223
5 10.216591 -8.178590 0.416040 -9.000222 31.396828 -9.410264 -1.994087 -13.446296
1 85.964503 0.512470 -5.489057 -20.077493 -9.562941 -20.192293 -2.940447 -28.214744
1 50.250389 1.260389 -17.723304 -14.180304 10.889820 -14.720446 2.066653 -17.843198
1 67.271554 -13.737048 4.352322 -12.476196 -16.760110 -12.579264 -11.089725 -4.981534
2 -18.846735 39.023808 5.132523 -6.378815 -0.103841 -6.312078 -6.156866 -6.357994
1 31.210568 -7.093775 0.066689 -5.602647 1.735354 -5.784162 -8.001320 -6.530707
1 20.765416 -17.244843 13.335896 -11.666896 14.892305 -12.068313 -5.764483 -2.249083
5 -7.669901 -5.350901 12.765137 -11.369114 31.365053 -11.732466 -4.647563 -3.360246
5 3.015784 2.148115 -4.182980 -3.816926 14.749931 -3.901886 -4.272148 -3.739891
1 78.551691 -8.707007 -6.146256 -14.867268 0.942603 -15.236861 -16.174910 -18.361993
5 -8.083053 -17.259330 29.628925 -14.198223 51.252809 -13.980181 -14.152839 -13.208108
5 5.462684 -0.587798 5.291060 -10.216618 29.576951 -10.166574 -8.126471 -11.233235
3 -2.233719 -0.340680 38.578729 -15.526255 27.375346 -15.628164 -13.887727 -18.337531
1 49.719852 -17.516604 15.341625 -12.278695 6.570281 -12.154821 -16.184842 -13.496797
5 33.333485 -23.884039 -2.872845 -13.888222 60.229707 -14.161413 -18.934918 -19.821756
5 -2.183671 -3.968189 -9.016344 -3.118887 26.569212 -3.006909 -2.750451 -2.524762
3 47.962303 -30.203986 84.454725 -28.555276 16.798505 -28.672889 -29.877854 -31.905528
5 23.950626 -20.007015 -7.818653 -16.102572 70.849655 -16.219243 -22.892562 -11.760237
3 -38.377078 -5.248175 69.519787 -14.808531 36.544867 -14.904450 -15.425110 -17.301309
5 -5.850276 1.257620 14.312337 -10.705472 40.709462 -10.392351 -14.326437 -15.004881
5 9.058322 -8.690311 -5.572285 -3.428227 24.028734 -3.592292 -6.532255 -5.271686
5 11.035844 -1.413114 -6.684816 -9.039757 32.825286 -9.066216 -2.285015 -15.372213
5 16.195192 3.388952 -32.372359 -11.793238 51.560757 -12.118474 -5.060899 -9.799931
1 24.294358 5.619802 8.773986 -10.708212 -1.672282 -10.665181 -5.879550 -9.762923
5 -25.456175 -16.369051 11.543830 -16.833117 87.196853 -16.817968 -7.282078 -15.982296
5 13.914763 -7.974156 4.597237 -9.060124 20.990410 -9.135714 -4.040770 -9.291647
1 44.331608 -13.384600 6.755448 -9.000611 -2.047077 -9.190970 -8.531892 -8.931907
5 -1.691617 -3.369354 30.520486 -15.006426 37.118823 -14.609012 -18.538321 -14.424579
1 45.828132 -4.144430 -25.463885 -12.678340 29.591596 -12.625084 -6.766877 -13.741113
1 68.445848 -4.136624 4.881594 -20.536975 16.688970 -20.764174 -24.364302 -20.214338
5 -8.625871 -12.626303 -2.803904 -9.758706 58.798558 -9.656822 -5.851125 -9.475827
1 132.391290 -25.625484 -19.233155 -23.204875 -0.745218 -22.958834 -13.353768 -27.269960
1 54.236195 -1.581468 3.325389 -16.595773 5.623948 -16.855435 -6.854661 -21.298194
5 34.854611 -12.226835 -10.493626 -13.651735 42.390421 -13.907321 -9.082669 -17.882846
5 -0.764587 -5.283065 -4.138826 -2.622054 24.900827 -2.798493 -4.042684 -5.251117
1 89.991928 -9.844071 16.220102 -32.334994 24.276939 -31.644321 -40.527988 -16.137597
3 5.031569 -8.917860 18.538691 -6.961288 15.039775 -7.107717 -9.510641 -6.112530
1 60.523386 -19.506561 37.932816 -21.138441 12.735679 -20.764895 -23.395907 -26.386077
3 31.900426 -27.216352 65.865029 -23.777387 22.684586 -23.242943 -20.492571 -25.720789
1 30.692551 -5.367302 -6.249791 -3.588099 -8.447698 -3.272504 0.302876 -4.070034
1 29.602127 6.757739 -4.719714 -4.716184 -11.727396 -4.919930 -3.783152 -6.493491
5 5.531419 -14.321487 25.622546 -13.508013 36.246187 -13.694701 -5.640540 -20.235411
3 -4.156770 14.207929 28.583805 -12.395904 15.551200 -12.042884 -14.676147 -15.071226
3 19.852164 34.733621 35.348058 -18.296550 -26.279802 -18.066968 -7.329412 -19.961111
1 100.215284 -27.334150 90.044750 -37.021027 -9.236831 -36.855190 -41.653444 -38.159394
1 70.314113 -22.970052 -20.147650 -15.376598 39.073077 -15.505081 -18.011818 -17.375992
5 -5.554047 -17.925947 6.996029 -10.063348 54.654044 -9.633340 -7.736787 -10.736603
3 39.288987 -21.113704 49.027807 -18.274291 9.881007 -18.435024 -21.475026 -18.899755
1 49.667250 21.369780 -17.438810 -15.486071 -10.506128 -15.781845 -1.106478 -10.717697
1 35.652086 -12.179632 8.029295 -14.179744 26.623179 -14.475726 -12.260486 -17.208975
5 9.159349 -10.127136 11.202537 -6.939161 19.790567 -7.009032 -8.461782 -7.615342
3 -7.815720 -17.704483 59.618775 -17.127222 49.103278 -16.886904 -24.573134 -24.614590
1 22.923546 5.750140 -3.147619 -10.672438 18.578243 -10.274508 -9.358704 -13.798659
3 -4.024518 -12.685049 32.283722 -6.943362 19.432202 -6.766232 -14.694295 -6.602467
3 -23.020724 -9.513842 42.125218 -4.046994 5.869565 -4.103249 -1.428344 -5.881629
1 82.736280 29.244855 -48.820190 -21.444153 -14.028197 -21.772836 0.200863 -6.116624
1 0.000000 0.000000 0.000000 0.000000 0.000000 0.000000 0.000000 0.000000
2 -11.640965 29.352133 25.215677 -14.947433 4.488583 -14.981120 -12.609330 -4.877544
3 -9.558266 -7.373196 28.689160 -4.396889 7.626064 -4.251262 -5.836420 -4.899192
5 -21.492486 -20.636487 31.353333 -25.083314 118.817933 -24.880060 -31.989167 -26.089753
1 56.554843 -8.259887 36.550099 -27.912179 -4.092307 -28.311579 -14.334853 -10.194141
1 32.451560 -2.790463 -10.293183 -6.282898 6.776384 -6.133842 -4.293299 -9.434259
5 6.312777 -3.210643 -0.760793 -8.590420 39.713732 -8.859289 -10.693690 -13.911673
3 18.156232 -0.893672 22.735308 -15.494703 14.857155 -15.489985 -3.460694 -20.409643
3 6.919092 -2.952751 10.360789 -1.011048 -10.870063 -0.777043 -1.190521 -0.478454
5 18.408512 -16.789965 20.108041 -10.849065 25.498711 -10.839112 -14.229147 -11.307975
3 22.177052 -27.873195 73.271223 -26.137782 26.100540 -25.611885 -25.672512 -16.253439
3 3.425919 -4.623656 25.888723 -6.345675 4.955275 -6.442596 -7.376230 -9.481760
1 29.575544 -10.970815 21.704894 -14.490729 7.728438 -14.752807 -23.526630 4.732107
1 35.850657 -22.704747 4.034665 -10.992243 35.596713 -11.061242 -15.937236 -14.786568
1 0.000000 0.000000 0.000000 0.000000 0.000000 0.000000 0.000000 0.000000
8 -3.376158 -0.284839 -3.577551 -1.335027 3.247850 -1.305149 -2.308821 8.939694
1 33.802820 -5.354933 -18.260664 -8.635102 21.881386 -8.590419 -5.588064 -9.255024
1 21.758118 -2.051357 -0.952008 -6.252685 6.026173 -6.269569 -5.036528 -7.222143
1 38.813268 -26.339156 29.643553 -15.226063 30.441946 -15.438545 -24.804058 -17.090944
1 34.648846 -3.501172 -0.847409 -12.623739 0.677117 -12.351573 -12.253352 6.251281
3 -9.384576 3.615519 8.101031 -3.022676 7.235493 -3.021320 0.562885 -4.086356
1 28.169318 -1.307975 23.419775 -17.119127 20.126735 -16.746431 -18.015048 -18.527247
5 44.352504 -32.021555 45.428680 -38.051917 91.099798 -37.319159 -44.293750 -29.194603
5 43.455182 -20.686344 -17.320413 -13.330678 45.498131 -13.829317 -8.607617 -15.178943
5 51.152905 -42.291296 32.936723 -26.500734 63.557529 -25.914602 -33.793098 -19.147429
3 -2.092181 -8.193374 21.235010 -3.005232 2.875211 -2.664364 -6.217974 -1.937095
3 7.004732 -25.432562 64.020071 -15.969382 20.785881 -15.525050 -16.782239 -18.101450
1 0.000000 0.000000 0.000000 0.000000 0.000000 0.000000 0.000000 0.000000
3 30.092258 -32.547626 46.902172 -19.576405 42.720797 -19.158895 -27.451601 -20.980699
5 7.768849 -23.423598 40.022135 -17.897634 44.359401 -18.006164 -15.168328 -17.654663
1 81.302300 -5.050660 -43.519217 -25.466426 60.995230 -25.852322 -11.522255 -30.886653
1 26.787534 -11.849959 14.356559 -5.970349 -10.448494 -4.990198 -3.072935 -4.812157
1 53.731571 9.310352 7.505562 -13.961417 -18.925124 -14.079078 -6.608108 -16.973756
5 10.344227 -11.343376 -14.684084 -13.943611 64.064232 -13.883617 -15.963959 -4.589813
5 -11.014983 -10.743778 -5.104191 -7.367588 59.377504 -7.346405 -9.778633 -8.021927
3 -13.761229 -0.055408 78.501293 -20.245096 19.148861 -20.472833 -22.253536 -20.862052
1 27.868756 -15.059861 26.419551 -10.067832 9.892195 -10.053738 -14.057036 -14.942034
3 1.897274 -8.295133 24.560833 -9.589876 18.662948 -9.819934 -4.962374 -12.453740
1 19.129078 -9.534984 -5.291220 -3.950182 8.922682 -3.770980 -0.232710 -5.271686
2 -12.267269 23.628468 14.375152 -6.285349 2.266360 -6.071605 -6.575913 -9.069843
5 -4.039722 5.957783 10.659358 -11.987660 34.338589 -12.163024 -10.073392 -12.691934
3 -17.034487 -20.417550 71.138649 -12.981104 23.903241 -13.126644 -17.789408 -13.692698
2 14.568428 21.230249 17.479027 -6.073243 -32.535681 -6.150434 -0.984502 -7.533841
2 17.219865 38.894751 -24.971933 -16.714562 34.122245 -16.989341 -14.379644 -17.181381
5 48.024415 -20.986732 49.643145 -36.568629 67.204491 -36.367557 -44.538000 -26.411134
5 -3.276335 -8.675694 -10.098287 -7.808613 32.811700 -8.035292 -5.691160 10.773679
1 61.578999 0.076507 -12.335520 -17.041705 15.031468 -17.272402 -10.499362 -19.537988
3 -9.177094 17.764995 32.483940 -12.816611 14.854997 -12.813171 -14.547801 -15.749253
3 -2.469371 -9.449743 23.025534 -5.369309 9.360433 -5.336627 -2.594892 -7.166024
5 -15.102381 -11.629604 16.099823 -6.840527 33.196340 -6.783845 -0.371123 -8.568684
1 16.088080 3.206047 3.367932 -2.946641 -14.116226 -3.036576 1.439370 -4.001985
3 29.728392 -11.155862 32.478194 -14.867808 -3.985911 -14.875846 -10.424466 -6.896692
1 46.334646 3.219957 -11.467867 -18.215808 2.590753 -18.312583 11.086008 -15.235108
5 -3.219872 -12.544500 14.382997 -5.318737 28.467337 -5.325914 -10.384494 -6.056817
3 1.962293 -29.707614 98.020415 -19.976663 23.761402 -20.034439 -34.596604 -19.428787
1 90.785829 -21.846629 1.907643 -20.562632 12.252801 -20.593127 -18.439065 -23.504822
1 0.000000 0.000000 0.000000 0.000000 0.000000 0.000000 0.000000 0.000000
5 -19.234747 -9.462991 -4.873204 -10.342514 73.855575 -10.716612 -10.369848 -8.855657
5 12.523178 -23.684689 33.459873 -15.200593 44.462177 -15.136175 -20.280088 -16.143684
5 10.282826 -40.987646 47.768743 -23.474511 93.268543 -23.909897 -32.988663 -29.959395
2 -2.993174 15.565923 15.453104 -5.105267 -8.108606 -4.863978 -4.450331 -5.497670
1 49.527853 -5.177876 14.767825 -21.208045 -1.815635 -21.752511 -1.865087 -12.476524
1 102.976868 -54.508677 44.741002 -36.287407 65.188079 -36.249879 -45.247301 -40.612686
5 -17.871736 -21.333078 37.467426 -14.762329 60.117416 -14.946080 -17.978667 -10.692950
1 40.628214 -7.852618 -22.487155 -9.694205 26.143089 -9.558706 -7.370942 -9.807678
5 -3.149878 10.056284 -12.262218 -12.047649 53.513316 -11.820599 -12.236482 -12.052777
3 -6.654776 0.000000 6.019947 0.000000 0.857780 0.000000 0.000000 -0.222951
5 11.569830 4.740015 -19.489004 -17.557467 50.915457 -17.460637 -8.514193 -4.204001
3 3.220165 -0.547792 5.406714 -1.239181 -2.614476 -1.212332 -1.629748 -1.383350
2 -12.239361 17.634465 6.144506 -4.891549 6.357250 -4.578317 -4.652421 -3.774573
5 -10.821087 6.682398 18.336746 -10.720611 18.580183 -10.811388 -0.670845 -10.575394
1 26.097710 -11.188693 5.270258 -6.467078 6.686604 -6.356925 -8.344687 -5.697187
3 -5.894517 -11.431715 40.268433 -8.919368 12.015972 -8.955731 -7.606510 -9.476566
5 7.065492 -10.631018 -0.110840 -7.028791 32.277356 -6.836989 -8.517816 -6.217395
1 30.806539 -3.536097 20.331874 -18.649005 14.321659 -18.871103 -12.953404 -11.450466
5 -0.365736 -5.833912 7.070231 -2.814764 14.518970 -3.020821 -3.824398 -5.729570
1 35.353611 -8.657977 24.792101 -21.627457 14.018065 -20.749435 -10.050413 -13.078497
5 9.315687 -11.160948 7.931363 -6.760005 20.858641 -6.620662 -6.790854 -6.773223
5 8.719245 15.391635 -9.862065 -8.986711 24.016641 -9.224674 -7.234537 -12.819536
3 1.536977 -15.430260 48.703274 -10.935055 14.311292 -10.814036 -15.486674 -11.885518
5 32.365822 -11.479763 -26.121859 -19.924958 72.785839 -19.646769 -17.546195 -10.432120
1 18.067370 9.870144 2.794583 -2.405500 -23.321031 -2.719222 1.547421 -3.833765
1 30.233948 -4.648945 -9.066044 -10.249673 9.588013 -9.836391 5.384824 -11.405732
1 12.306613 -2.020300 -5.070209 -2.543978 4.469597 -2.638873 -2.330838 -2.172013
1 0.000000 0.000000 0.000000 0.000000 0.000000 0.000000 0.000000 0.000000
5 17.160237 8.335393 1.505888 -10.705687 20.008715 -10.872361 -14.116211 -11.315974
1 38.061300 6.095325 -24.628066 -11.400439 9.495013 -11.543684 -2.205872 -3.873579
5 -15.640478 -13.867238 31.468796 -8.432639 31.872125 -8.378486 -8.965595 -8.056485
1 46.926151 -16.255570 22.284553 -15.212619 6.971725 -15.139878 -13.780010 -15.794351
5 2.402328 -3.658780 -3.997967 -7.377366 34.024889 -7.772724 -0.956268 -12.664113
3 -47.383339 8.270464 43.503817 -13.292569 32.174580 -13.175568 -5.289952 -4.807432
5 19.742651 -6.377069 -17.123949 -10.317626 46.585267 -10.386341 -11.024358 -11.098577
3 17.662282 -8.270344 36.548022 -15.190694 15.300882 -15.356439 -13.234298 -17.459408
1 39.064235 -1.315213 -5.712967 -6.032414 -17.232751 -6.056106 3.322170 -6.036955
3 -2.405363 -3.064999 72.873251 -21.548075 31.378844 -21.835164 -34.010381 -21.388111
3 24.919676 -21.561049 27.823337 -14.626725 10.165740 -14.115359 -7.353355 -5.252265
5 29.454710 -6.498702 -21.337276 -13.573648 29.815414 -13.937649 -6.989510 3.066662
5 31.221001 -31.957194 54.443556 -31.561633 72.199648 -31.455797 -36.269152 -26.620427
5 36.994923 -26.859022 19.995026 -26.062823 80.174854 -26.379796 -28.509201 -29.353964
3 19.127167 -14.783242 21.222597 -8.208891 9.631643 -7.887302 -11.534730 -7.567242
5 6.347232 6.898259 1.345268 -6.436645 11.021437 -6.672708 -2.606999 -9.895843
5 2.999145 -23.664583 3.587536 -16.957469 76.927072 -16.746211 -23.956836 -2.188653
1 36.380919 -3.068919 2.402382 -7.553191 -8.081985 -7.997119 -1.298404 -10.783682
5 16.477263 -9.767335 -11.460476 -9.632542 48.497172 -9.700720 -12.178307 -12.235055
5 -0.703836 -23.116560 36.079831 -14.507177 47.047900 -14.395979 -15.756448 -14.647731
1 36.829487 -10.540550 4.523512 -9.870893 9.573902 -9.756671 -10.779637 -9.979150
5 -2.998314 -10.409715 7.825858 -7.341407 35.784446 -7.548570 -3.943378 -11.368921
5 -4.067665 -9.559007 13.822495 -6.245745 22.376290 -6.268837 -3.938142 -6.119389
3 2.845096 -1.755628 9.330432 -2.425251 0.841694 -2.914563 -3.341857 -2.579921
3 -10.528801 -15.456399 34.016272 -6.376070 24.499569 -6.539781 -12.055423 -7.559366
1 31.600600 -6.546164 -7.403324 -5.101152 1.482199 -5.165718 -4.689874 -4.176567
5 -4.567873 -3.882610 17.081612 -8.516396 32.476102 -8.246319 -11.808618 -12.535898
5 -2.603121 10.272007 -8.998103 -11.196784 20.123954 -11.083700 -6.881575 10.367323
5 13.237429 -6.765599 -11.590160 -7.555952 36.899028 -7.689036 -7.064694 -9.471017
1 97.029966 -19.743038 10.395265 -25.223282 14.681129 -25.757263 -18.093576 -33.289202
3 -8.042084 -1.425606 10.259589 -2.103804 9.665137 -2.203871 -3.518964 -2.630396
1 0.000000 0.000000 0.000000 0.000000 0.000000 0.000000 0.000000 0.000000
5 -5.487801 -18.305517 12.930671 -9.701962 51.439540 -9.873745 -9.381663 -11.619523
5 -4.067665 -9.559007 13.822495 -6.245745 22.376290 -6.268837 -3.938142 -6.119389
3 -24.343982 16.605097 91.562447 -17.563255 -8.203714 -17.134103 -23.016733 -17.905754
5 -26.423519 3.329978 28.737695 -15.782836 60.874510 -15.364639 -20.008316 -15.362873
1 116.719665 2.124684 20.321820 -33.804887 -6.788321 -33.928649 -29.999057 -34.645256
1 15.035137 -4.068587 -1.810490 -2.569575 3.183993 -2.546934 -4.495269 -2.728276
5 1.417093 -17.676907 26.803162 -20.604739 70.074932 -20.293532 -27.707140 -12.012868
5 11.860924 -20.486634 6.581236 -13.106678 55.825599 -12.595704 -15.077749 -13.000996
1 49.536559 1.284712 -17.087810 -9.769510 -8.605255 -10.196672 -1.581761 -3.580266
5 16.841208 -47.911314 65.477407 -39.006324 118.271197 -38.417383 -47.902447 -27.352346
5 16.469165 -13.200091 1.908752 -8.182337 30.192726 -8.028236 -10.367435 -8.792545
5 -2.476625 -18.306380 13.282832 -11.897056 57.393682 -12.246282 -10.456957 -15.293216
5 25.578416 -22.696985 23.458623 -16.879618 40.563354 -16.571949 -21.055226 -12.396617
1 64.992972 -5.325536 -18.969738 -10.184332 -0.927679 -10.462214 -6.545234 -12.578241
1 35.456495 -17.413659 7.939575 -10.594138 20.495110 -10.735731 -14.374622 -10.773031
1 10.325264 -1.134001 -6.339529 -0.818338 -5.650708 -0.554715 5.323992 -1.151964
1 38.636864 -21.657889 28.954338 -16.596673 28.281407 -16.926130 -23.185373 -17.506547
1 78.391025 -38.334585 47.506687 -30.706026 18.945108 -31.216571 -41.112533 -3.473108
5 -9.832526 -1.909100 1.727093 -0.594782 8.730216 -0.515008 4.843401 -2.449295
1 0.000000 0.000000 0.000000 0.000000 0.000000 0.000000 0.000000 0.000000
3 -3.989135 -0.329428 6.018965 0.000000 -0.864509 0.000000 -0.835894 0.000000
1 51.308706 -3.980623 -20.910407 -9.177849 9.190672 -9.390082 -4.693500 -12.346916
3 16.382954 -11.094608 35.982361 -10.198576 7.368983 -10.188055 -18.430906 -9.822150
5 3.363829 -13.557553 22.257336 -8.261432 24.671610 -8.127142 -11.818306 -8.528341
1 0.000000 0.000000 0.000000 0.000000 0.000000 0.000000 0.000000 0.000000
5 1.441706 0.000000 -7.824475 0.000000 6.828670 0.000000 0.000000 -0.445901
5 5.829521 -8.919186 -2.295746 -7.623573 33.978468 -7.351997 -4.950797 -8.666690
5 0.266481 1.106955 -5.593882 -2.895942 13.297733 -2.927332 0.555543 -3.809555
1 26.552134 -15.020329 18.419623 -12.822763 14.283934 -12.526463 -0.963790 -17.922348
3 -20.408096 -12.658782 41.252752 -3.710864 3.196326 -3.592682 0.249100 -4.327754
3 4.375829 -16.964477 50.768920 -10.013696 8.546784 -10.086615 -11.730354 -14.896390
1 54.655956 -19.159460 32.342366 -22.529496 17.987381 -22.727598 -17.522840 -23.046309
5 1.503910 -11.434062 7.119496 -7.148923 33.020622 -7.481701 -4.547330 -11.032012
5 12.949017 -8.714964 -0.792030 -4.886808 21.615423 -4.907383 -5.856241 -9.407014
1 25.967029 -6.099618 4.312432 -4.627094 -3.811605 -4.313981 -7.315538 -4.111626
5 1.680853 -5.283065 -2.836695 -2.622054 20.934969 -2.798493 -3.824398 -5.251117
5 37.269183 -4.542826 -21.389618 -15.764111 51.223983 -15.997735 -10.816841 -19.982036
1 74.727311 -12.140984 -27.302958 -19.123064 43.991880 -19.464699 -15.073472 -25.614017
5 -7.305784 -6.031092 -12.121276 -8.896098 57.744974 -9.162437 -9.528526 -4.699760
3 5.045122 -8.730530 13.787762 -4.209311 10.069882 -4.328029 -6.276419 -5.358477
3 -19.925461 -9.164254 40.699317 -5.612969 16.377193 -5.431630 -11.684653 -5.257540
5 28.830636 -4.574722 30.202724 -22.676907 38.843666 -22.186232 -32.759822 -15.679342
3 -5.941241 -1.909100 7.528528 -0.594782 -0.962503 -0.515008 4.843401 -2.449295
3 -10.907563 -16.362116 32.075420 -7.718573 24.145679 -7.793456 -15.108378 1.668988
5 20.217064 -14.397054 13.023964 -15.635932 32.812882 -15.690997 -1.424229 -18.905701
5 5.305400 3.857520 -15.464411 -4.064748 26.027483 -4.027780 -4.967609 -6.665855
5 -10.910521 -8.363855 15.829104 -4.093014 22.715959 -4.237483 -6.833814 -4.106375
5 -15.083177 -2.490414 48.371567 -19.746049 49.814707 -20.003437 -20.094399 -20.768799
1 23.524472 -9.670334 15.786641 -8.779013 10.336564 -9.113522 -10.742981 -11.341828
5 7.721174 -9.149236 4.650432 -4.744068 17.499978 -4.636495 -7.386488 -3.955295
1 37.673424 0.476721 -14.158388 -5.036668 -4.540301 -4.750522 -4.196111 -5.468155
5 14.213148 -9.559007 3.619400 -6.941750 16.457793 -7.200322 -3.938142 -6.651118
5 7.740988 -12.529041 16.859806 -6.939161 17.953563 -7.009032 -8.461782 -7.615342
3 -10.474580 11.585051 26.218942 -11.623157 6.013414 -11.883241 3.674353 -13.510783
5 28.079445 -29.937458 20.121745 -17.530080 34.500526 -17.626469 -21.291992 3.684283
5 13.091647 -15.447147 19.905476 -14.869833 40.908198 -15.549119 -8.632133 -19.407091
5 9.502771 -23.426517 29.562820 -18.221311 63.468064 -18.914442 -19.203969 -22.767419
5 7.392749 0.976408 -1.395768 -5.432522 12.972356 -5.523285 -2.627029 -6.362910
3 10.375546 -11.560798 43.957514 -8.664877 -4.925091 -8.601848 -11.988992 -8.591453
1 39.508966 -6.715426 19.112254 -13.038519 -0.222025 -13.338523 -7.787566 -17.519161
3 -5.530197 -5.004620 17.233963 -2.503767 -2.324566 -2.635290 3.270888 -2.506411
5 -13.125980 -22.348894 39.311185 -13.608097 54.512935 -13.872154 -13.934892 -16.934102
5 14.936642 -9.249322 4.611035 -6.074538 15.175776 -6.017493 -6.790854 -6.591246
1 57.981564 -1.797986 -14.534550 -5.791379 -21.360836 -5.857379 -2.760793 -5.878641
3 34.981846 -21.127628 51.376481 -18.787420 16.740184 -19.146249 -23.816848 -20.220366
3 -7.288111 7.961371 31.351032 -10.715988 12.661900 -10.656606 -11.923682 -11.389915
3 -1.826852 -2.726704 36.032307 -3.920809 -14.563233 -3.965353 -4.602504 -4.426853
1 151.982363 -36.897959 18.164428 -32.796675 -1.633417 -33.355527 -33.002739 -32.460479
3 28.080363 -9.801221 47.161685 -19.118817 18.166702 -19.389454 -22.289303 -22.809954
1 21.526986 0.806288 -6.783581 -7.393756 19.464247 -7.556358 -8.769722 -11.294104
5 10.618010 -15.424901 19.476823 -9.228642 29.616012 -9.155994 -16.151859 -9.749449
1 72.141987 -13.289400 0.106375 -16.612179 -11.034687 -16.909640 -4.559004 -9.843454
3 3.220165 -0.547792 5.406714 -1.239181 -2.614476 -1.212332 -1.629748 -1.383350
3 -16.105468 -19.659312 46.698039 -10.110688 40.338391 -10.336193 -16.709234 -14.115534
3 13.069845 -24.506168 29.612551 -17.673360 12.952534 -18.374660 -21.723276 26.642535
5 -10.526676 -25.401525 34.409572 -16.239360 68.322271 -16.793964 -12.311937 -21.458382
1 57.039701 -36.374652 50.805278 -25.621594 35.523776 -25.815359 -21.070886 -34.486263
5 3.270661 -14.564800 19.432767 -7.931770 28.990484 -8.026038 -12.715333 -8.455971
3 21.639479 -14.223759 50.977843 -11.420166 -16.775712 -11.520767 -8.078378 -10.598542
3 25.593967 -31.715806 41.746722 -17.777943 33.135481 -17.643793 -13.131630 -20.207000
1 78.802938 -23.762451 14.410683 -17.082661 4.453728 -17.194092 -22.380257 -17.247887
1 47.457284 -24.265531 33.281280 -16.932798 9.385595 -16.609442 -14.710699 -17.605692
5 12.600297 -3.689851 -7.350687 -6.490679 17.056166 -6.216339 3.338332 -9.247240
1 52.376739 -19.375936 -9.069945 -10.713551 20.482176 -10.695690 -9.963912 -13.039882
5 22.529083 -29.836426 24.967171 -21.175764 73.251121 -21.287955 -26.492090 -21.955141
1 23.281868 -11.495071 -0.505353 -6.519756 20.272758 -6.317913 -11.111887 -7.604646
5 9.556235 26.506078 -19.854059 -32.844150 94.462412 -33.458901 -8.401992 -35.965622
5 11.073245 -6.267746 -24.895925 -6.303667 43.415816 -6.295023 -5.369531 -5.357170
3 5.792527 -3.296511 15.447056 -1.265318 -12.459629 -1.478592 -1.244293 -1.495239
1 16.414996 13.379138 9.448624 -7.066590 -11.682848 -7.274055 -5.694625 -7.524638
5 9.550833 -13.678501 9.345599 -6.137076 18.850771 -5.880629 -4.842216 -7.208781
1 46.220112 7.320305 -9.170581 -12.418435 1.831755 -12.936789 -4.202837 -16.643531
1 39.709984 -15.738758 -6.025684 -7.313842 15.582901 -7.335541 -9.879722 -8.999337
5 17.126325 -17.906090 16.570512 -18.067656 63.933571 -18.006705 -24.174859 -19.475099
3 -0.747293 14.108816 19.440149 -7.280761 -2.114802 -6.968796 -7.123491 -9.313820
1 112.465621 -36.664428 -0.321863 -29.468026 48.099121 -29.660534 -29.951862 -34.498034
5 1.680853 -5.283065 -2.836695 -2.622054 20.934969 -2.798493 -3.824398 -5.251117
1 66.008588 -19.196219 -24.004181 -11.506605 22.878059 -11.586262 -7.255269 -15.338112
3 -12.044978 0.619338 34.261590 -7.972281 14.548596 -8.269378 -13.095680 -8.047207
5 13.625312 -15.872964 24.803596 -11.808124 29.276480 -11.960513 -11.848695 -16.215093
3 29.987508 -1.053093 32.426593 -19.344109 20.700241 -19.442749 -23.461034 -19.813355
5 47.423181 -26.038311 -13.138792 -23.491909 57.570902 -23.953746 0.095367 -18.466693
5 -6.562393 -10.053326 -8.913824 -5.031536 39.836578 -5.305512 -5.523338 1.553351
5 -9.821764 -17.674719 24.609783 -12.101594 56.886076 -12.113434 -17.430700 -12.353648
1 36.918523 -12.728261 28.335065 -13.147363 2.217274 -13.655722 -19.140808 -8.798711
5 -16.771812 -25.103481 38.062518 -14.203191 59.930073 -14.106542 -8.970080 -18.837486
1 75.397218 7.615218 -11.578951 -21.504325 -1.230191 -21.906429 -0.421123 -26.371421
3 -2.445440 -0.853997 8.284238 -1.247186 -0.237057 -1.278459 -1.152423 -1.069676
5 -19.953420 -5.937925 8.563356 -5.558016 40.727576 -5.248251 -7.778115 -4.815205
5 -19.663435 3.175984 24.576923 -14.207604 34.452554 -14.270536 -10.952077 -3.111809
1 23.812021 -10.940325 14.653455 -5.841284 -15.285715 -5.675846 -2.673130 1.950825
1 23.388079 -12.304856 -5.073794 -5.701418 22.155495 -5.763198 -9.852311 -6.847997
5 -33.714984 -12.031404 40.752880 -14.031072 54.968657 -14.080073 -16.578792 -5.285212
1 72.902679 -0.148817 -24.687485 -9.424938 -18.899841 -9.529317 -0.535461 -9.676819
5 -18.879076 27.202342 4.964836 -12.232080 37.408862 -12.073832 -10.669409 -15.721644
3 6.839748 -2.020300 10.206537 -2.723229 -2.431084 -2.768849 -3.712987 -3.389838
1 82.407070 -23.834134 14.141222 -31.232110 55.546911 -31.326924 -29.360822 -36.341216
5 -14.353445 -1.561012 0.976013 -10.863836 44.065025 -10.985524 -6.049566 -1.227654
1 63.096654 -22.349911 24.896528 -19.067315 6.573046 -19.238557 -14.632555 -19.277892
1 13.545641 -7.420318 6.960864 -4.193794 6.179184 -4.377777 -5.653880 -5.039921
1 58.847676 -24.783929 -34.970097 -11.935335 41.892382 -11.998720 -3.465369 -13.586610
5 11.770900 -15.479655 7.732521 -12.959982 51.363314 -12.842326 -16.499684 -13.085089
3 82.202937 -52.321872 88.326162 -39.712390 55.902695 -39.537743 -51.350142 -43.509646
3 -5.941241 -1.909100 7.528528 -0.594782 -0.962503 -0.515008 4.843401 -2.449295
5 -1.373679 -7.356879 5.289931 -3.417022 17.957341 -3.484356 0.274869 -7.890205
2 -1.108381 44.887118 34.893064 -24.151583 10.417409 -24.522088 -13.345716 -27.069824
1 79.872681 -28.358140 11.826030 -20.258048 6.882506 -20.284631 -20.879519 -8.800880
5 5.545485 -17.272679 21.511371 -16.652250 61.213237 -16.577890 -19.353271 -18.414006
5 13.492012 -27.207096 65.346332 -33.498484 79.940683 -33.005628 -38.099919 -26.967903
1 68.765793 -34.294790 17.227706 -23.287824 29.378875 -23.218265 -24.899709 -9.671786
2 0.374564 16.135700 8.934868 -9.135301 9.658583 -8.955672 -6.995451 -10.017291
1 54.038780 -15.839261 -5.750996 -12.837194 22.329517 -13.295608 -15.659548 -12.985691
3 7.071908 -3.389655 23.787144 -4.480525 -13.230772 -4.752787 -0.984810 -4.020503
5 9.097576 -9.038421 15.773832 -9.026462 22.670578 -8.718420 -9.148884 -11.609799
5 16.039379 -24.107724 21.476875 -11.982544 41.055073 -11.741404 -17.719822 -13.019833
1 53.213461 -36.476694 47.248547 -22.450517 20.571978 -22.374549 -27.698471 -12.033757
1 37.912626 26.685867 -4.641211 -10.111050 -34.538624 -10.567128 8.539302 -13.279782
3 33.517826 -1.738034 36.700201 -22.923522 25.358931 -22.634410 -23.598894 -24.682098
1 48.969067 -12.475975 -5.562355 -9.552826 7.668081 -10.063481 -9.283444 -9.699069
1 56.037517 0.869028 -24.232638 -10.306018 5.425032 -10.543479 -2.459687 -14.789755
1 59.197806 -28.236868 45.318141 -25.108525 32.631971 -25.209788 -27.678094 -30.914641
1 47.675619 -8.201308 21.214018 -16.780399 -19.765840 -16.753244 5.480455 -12.869303
5 28.846735 1.513574 -6.918136 -12.509695 35.467201 -12.633810 -19.489855 -14.276016
1 52.101357 -20.250330 23.799831 -26.011515 49.407316 -25.901992 -21.698584 -31.446085
1 19.819080 8.663625 18.603960 -14.697585 4.530948 -14.643192 -4.671072 -17.605763
3 -16.799013 6.573350 39.688218 -5.104285 -3.034950 -5.111685 -9.777990 -6.433645
5 -17.854727 -15.379525 23.509217 -10.923247 56.819492 -11.056776 -10.280753 -14.833681
5 5.920982 -3.045312 -11.936486 -8.782176 41.882262 -8.692012 -6.087851 -9.259408
5 6.075401 -5.016144 1.262437 -6.165723 23.205150 -6.549999 -5.049516 -7.761607
1 89.776949 -11.726286 -21.381045 -13.276727 -6.569302 -14.085124 -5.174716 -17.563751
5 -6.995665 -3.045766 -2.060756 -1.453891 20.511475 -1.502702 -1.585456 -3.867238
5 -2.476625 -18.306380 13.282832 -11.897056 57.393682 -12.246282 -10.456957 -15.293216
3 -19.925461 -9.164254 40.699317 -5.612969 16.377193 -5.431630 -11.684653 -5.257540
2 -4.983314 22.798529 5.830799 -5.225396 -5.742280 -5.125592 -1.228086 -6.324658
3 4.926473 1.155654 20.495225 -5.433275 -9.950117 -5.470175 0.504869 -6.228654
3 10.723637 -8.850757 26.437509 -5.220673 -3.540048 -5.348990 -5.732206 -8.468473
1 54.668343 -0.979107 -3.388807 -13.093137 2.266130 -13.564028 -10.880586 -15.028811
5 16.160166 -13.058084 5.968928 -9.349348 36.927303 -9.415583 -16.322835 -10.910546
5 27.172630 -29.776360 35.578314 -17.106649 40.195341 -17.375353 -27.454598 -11.233325
1 109.552549 -17.737611 26.368592 -18.017477 -41.493719 -18.549235 -21.190348 -18.932753
1 13.555642 9.002846 -3.521288 -8.191628 11.083507 -8.323152 -2.565979 -11.039950
5 1.990448 2.233666 2.505785 -9.093859 14.349231 -9.237170 -3.644117 0.896015
3 -7.253827 -15.466653 46.840693 -8.856214 11.330693 -8.642150 -6.974905 -10.977636
5 10.304997 3.134048 -24.449489 -7.935186 46.742798 -8.133436 -5.595773 -14.067959
1 29.873191 -7.974978 7.971003 -12.237840 24.787942 -12.557036 -16.006921 -13.855360
5 -13.138719 -12.128946 39.019123 -12.586312 41.110835 -12.523708 -15.884184 -13.868089
1 30.727722 -9.973420 27.340117 -23.177809 27.436870 -23.076287 -19.384687 -9.892505
3 -36.719422 5.499387 56.403959 -14.875486 22.278548 -14.973375 -11.279756 -6.333855
5 -3.201643 -9.991897 9.919699 -4.861089 28.201085 -5.199342 -8.698899 -6.167914
2 2.103235 8.971860 -3.654284 -0.443954 -3.753336 -0.485997 -1.408357 -1.329166
5 -3.949293 0.441045 -6.816882 -5.398604 26.284716 -5.574637 1.621346 -6.607692
1 69.923924 -34.955342 37.684992 -25.323096 46.582514 -25.621445 -37.429172 -30.862374
3 -23.571009 -10.557272 68.389763 -21.975219 62.859843 -21.700737 -31.687417 -21.757949
5 -3.708322 -4.641142 13.106684 -5.461906 18.168102 -5.485544 -6.723637 -5.254236
1 21.569017 2.702911 -12.458989 -4.051758 -13.012509 -4.330450 14.668516 -5.086738
1 72.728319 -25.575378 13.671005 -20.760238 12.990740 -20.771196 -20.245742 -12.037514
1 86.736845 16.915136 -15.616862 -22.235055 -3.457034 -22.584665 -12.330857 -27.427509
1 26.806176 26.726478 -17.128855 -11.195500 7.743113 -11.236866 -7.710846 -14.003699
5 -4.483047 -3.239352 -0.584268 -2.975539 21.019634 -2.994753 -3.941465 -2.801210
1 64.676779 -17.963984 5.448447 -14.839403 -3.397931 -15.366998 -13.209564 -5.347345
3 24.337683 0.154658 95.673321 -24.373130 -41.705270 -24.457654 -11.803772 -17.825838
3 -0.634583 -16.221836 32.847977 -10.224704 24.137985 -10.160168 -9.705507 -10.039164
1 34.722391 -15.420625 20.410287 -14.977810 21.656447 -14.870004 -13.856004 -17.664682
3 -1.746876 -9.656678 29.352723 -6.653110 14.977684 -6.865757 -11.628788 -7.779198
5 -4.067665 -9.559007 13.822495 -6.245745 22.376290 -6.268837 -3.938142 -6.119389
1 58.558806 -2.616151 13.016921 -27.663907 20.949815 -27.648215 -14.489911 -20.107359
2 14.613484 40.494175 12.229580 -25.880157 37.089152 -25.564763 -22.785837 -30.195632
3 -27.775697 -21.514626 47.752064 -8.319627 36.769892 -8.329969 -7.789561 -10.792475
2 30.730825 41.752400 -12.614520 -12.980400 -11.513707 -13.092031 -7.271802 -15.010763
1 57.402749 -19.475690 -3.551791 -11.107905 14.490015 -11.245224 -15.260447 -11.251706
1 9.249163 -6.662829 8.905504 -3.909904 5.708144 -3.830080 -5.767365 -3.692633
3 -30.308938 9.595988 73.448353 -10.273612 -9.099718 -9.949718 -13.091856 -10.320498
5 -0.127857 -6.205113 3.009644 -4.625393 18.624182 -4.604677 0.080274 -6.151060
5 13.872313 -10.838718 23.878397 -27.571777 67.283537 -27.536505 -31.474925 -7.612324
1 45.351377 -1.598249 -7.122864 -11.977300 7.102080 -12.469890 -3.150177 -16.134978
1 43.017908 -7.091587 -8.475867 -5.282328 -4.065815 -5.828112 -6.835530 -5.438670
1 32.051076 -10.478558 27.037070 -12.321146 -9.102344 -12.265447 -0.917713 -14.002938
5 -12.937510 3.496431 11.277728 -6.051456 27.404230 -5.966574 -9.032640 -8.190206
1 38.132097 -2.124568 -15.425301 -8.123918 11.120387 -8.346463 -5.919030 -9.313205
5 -8.272146 -21.736797 24.337632 -13.219327 62.274725 -13.364393 -13.813481 -16.206215
5 -14.608122 -1.629542 12.170340 -10.136385 43.464754 -10.282927 -15.253234 -3.724882
3 2.508261 -0.494261 6.931088 -1.008413 -4.955170 -1.050513 -0.919377 -1.011614
3 32.058451 1.222532 33.939134 -16.031792 -8.240439 -15.747125 -18.086348 -9.114412
1 0.000000 0.000000 0.000000 0.000000 0.000000 0.000000 0.000000 0.000000
1 0.000000 0.000000 0.000000 0.000000 0.000000 0.000000 0.000000 0.000000
5 -7.212065 -8.317846 8.425083 -8.019920 42.928537 -7.857282 -11.814809 -8.131698
5 22.395617 -31.059990 30.812158 -16.392345 46.190979 -16.254120 -17.414905 -18.277394
5 0.431816 -8.014012 18.480122 -17.105240 66.473004 -17.120329 -25.134941 -18.010418
1 99.699765 -45.928153 68.968270 -38.272609 28.961166 -38.235473 -44.054041 -31.138929
3 10.260228 -9.249322 21.665864 -6.074538 2.797361 -6.017493 -6.790854 -6.591246
3 8.232984 -6.682982 17.724658 -8.817828 10.929863 -9.084620 -2.539953 -9.762121
1 26.719899 9.425397 2.392823 -5.598027 -20.260481 -5.231207 -0.282473 -7.165933
3 4.158001 -1.869707 42.310485 -16.072503 19.490102 -16.492810 -13.339420 -18.184149
5 8.980168 -5.499255 -16.777020 -9.619586 52.395917 -9.491364 -9.571716 -10.417145
5 19.664868 -22.039328 1.514458 -12.513353 57.699704 -12.641379 -16.044657 -15.640315
3 6.819497 -20.552133 49.575600 -14.680388 9.064455 -15.012571 -8.190641 -7.023817
3 18.739601 -22.868299 81.727454 -28.838844 42.027744 -28.371929 -27.817128 -34.598599
1 55.891537 -4.134675 -0.374418 -13.112836 -14.591434 -13.258710 4.259918 -14.679384
1 46.919890 -10.369909 6.523416 -9.123943 -0.000092 -9.264219 -16.044315 -8.640826
1 49.080090 -3.876799 21.707146 -11.599192 -15.020821 -11.967947 -11.429045 -16.893432
1 44.091328 -7.738607 17.920888 -12.205816 -4.358571 -12.079923 -12.668903 -12.960394
5 -11.963543 -8.340740 -7.936810 -4.957895 49.385668 -5.237250 -3.271557 -7.677873
3 29.608244 -16.725273 44.013793 -14.351898 -8.338526 -14.161460 -4.483146 -15.561733
1 56.123922 17.881868 -4.983427 -19.234187 2.492754 -19.475437 -6.826762 -25.978732
5 -6.943187 3.697232 28.127668 -17.694909 45.688304 -17.796779 -15.241800 -19.836530
3 17.545388 7.275668 25.870625 -13.124489 -16.691615 -13.016713 9.820071 -17.678936
3 11.973565 -10.957299 24.181167 -13.450711 21.278786 -13.608564 -16.730889 -2.686057
1 41.154917 -3.497099 4.805503 -8.039937 -12.204560 -8.647541 -11.568041 -2.003244
1 34.265798 11.885280 -24.654031 -9.719323 10.040283 -10.143336 5.316526 -16.991199
3 -16.979250 12.401463 30.027456 -9.326517 13.621714 -9.047389 -11.508722 -9.188754
1 28.904324 0.231604 -20.868240 -8.599426 -1.151326 -8.868873 -1.769346 12.121282
5 5.554960 -11.515042 6.248340 -13.050249 59.227623 -13.271267 -14.620439 -18.573927
1 50.899450 -13.768285 -12.524772 -7.120313 4.182349 -6.830478 -6.268609 -8.569343
3 17.472083 -8.194786 20.889814 -6.165124 -15.381274 -6.585765 -6.556360 4.521412
3 -2.871356 -1.608633 17.863929 -6.072650 6.313703 -5.612511 3.329012 -11.341494
1 0.000000 0.000000 0.000000 0.000000 0.000000 0.000000 0.000000 0.000000
5 6.142943 -6.687176 2.570019 -3.861235 17.934887 -4.010825 -5.454146 -6.634466
3 -16.287722 9.918369 39.474637 -11.916977 12.198159 -11.580329 -7.179502 -14.626632
1 54.993515 -35.929900 52.771271 -20.500425 9.172707 -20.415776 -29.512938 -10.578452
5 13.038527 -7.805649 -0.956978 -3.950495 15.476535 -4.014897 -4.812829 -6.974214
5 18.600628 -3.210761 -11.494066 -7.535059 22.782610 -7.796986 -0.988247 -10.358119
8 -6.289155 -2.592671 10.082337 -7.675275 8.292345 -7.641151 -10.155696 15.979267
5 35.762923 -12.399358 28.594033 -27.559979 38.644962 -28.159587 -19.488722 -15.394268
3 1.127526 -12.807551 30.702479 -7.335483 17.544460 -7.337098 -14.792996 -7.101334
1 58.235512 -27.164770 25.735495 -23.808674 28.601968 -23.996470 -20.545086 -17.057978
1 68.744471 -23.286004 2.873237 -14.902525 9.333142 -14.687122 -13.130332 -14.944865
1 32.754984 6.599075 19.357421 -18.436424 13.581014 -18.322091 -15.106631 -20.427350
1 55.119955 -12.263719 41.464579 -25.609114 15.879857 -24.777231 -21.371243 -28.443085
5 10.114053 7.451129 23.663058 -23.433878 64.109551 -23.491606 -27.502932 -30.909374
5 -18.973318 7.866114 23.677420 -15.095180 39.446649 -15.088389 -3.017245 -18.816052
1 70.162481 -30.290611 24.782255 -21.005005 25.678207 -21.529607 -28.196962 -19.600756
5 -6.160049 -28.916759 37.441710 -19.327525 88.486024 -19.822412 -27.234316 -24.466671
1 22.806334 -2.762631 -9.539248 -7.193869 19.096394 -7.190560 -6.947055 -8.269366
1 6.971114 -2.566619 3.463345 -0.818338 -4.886319 -0.554715 -1.608468 0.000000
3 -26.099378 21.675470 40.968275 -18.241405 36.252181 -18.356569 -17.390243 -18.808331
8 14.509655 -5.082381 2.220197 -7.205444 -37.174534 -7.210102 13.693589 26.249020
5 4.420989 -4.095343 16.245396 -9.647435 24.169178 -9.691731 -10.836133 -10.564921
5 25.830513 -20.980905 55.249615 -34.517568 67.101174 -34.428328 -16.706053 -41.548449
3 -11.718534 -2.786914 14.120030 -1.459405 3.652288 -1.506547 3.172473 -3.473391
1 58.966178 -14.784464 41.982117 -32.977698 21.819132 -32.486389 -17.675433 -24.843445
1 48.810431 1.565850 36.714401 -14.476190 -42.301748 -14.857656 -7.933822 -7.521266
3 2.548191 6.894053 46.309461 -12.264017 -3.932884 -11.965220 -15.541987 -12.047597
5 -18.508327 5.065192 29.692914 -13.051828 33.808542 -13.095363 -10.094459 -13.816672
3 3.603577 -22.116842 40.371539 -16.650522 39.136545 -16.959068 -17.370973 -10.014257
1 23.653800 7.343247 13.027636 -10.672262 -4.349561 -10.586951 -6.897342 -11.518566
5 -10.008906 -11.468107 21.351023 -6.840527 21.413787 -6.783845 0.905259 -8.568684
1 29.374194 -7.099138 -7.867895 -12.079898 23.833444 -12.072748 -8.683141 -5.404820
5 20.796812 -13.350076 2.954490 -9.102135 27.317215 -8.855735 -11.910808 -7.849761
5 14.048648 -10.318773 1.981736 -5.665238 19.774041 -5.211856 -5.052118 -9.556439
1 18.733859 -1.862031 -4.969254 -9.740365 16.209997 -9.537003 4.883391 -13.718594
5 -0.918011 -2.454558 1.509668 -2.888321 9.096899 -2.612015 2.946914 -4.680575
1 59.093022 -15.917395 -5.441017 -13.443404 20.381536 -13.382617 -15.265011 -16.025115
5 -7.188691 -3.302180 2.015360 -8.286680 39.927200 -8.545938 -5.076452 -9.542619
1 51.364050 -22.699811 22.182526 -17.966627 21.488010 -17.860166 -16.824428 -19.683555
3 -1.994567 -0.164714 3.009483 0.000000 -0.432255 0.000000 -0.417947 0.000000
5 19.019261 -8.108080 -0.481625 -10.498647 31.836294 -10.490264 -9.334399 -11.942542
5 6.507386 6.678552 9.506663 -17.450619 28.070649 -17.674770 -19.011331 3.373472
1 33.483125 -19.317933 10.041313 -13.857010 27.799358 -14.313900 -18.271031 -5.563924
5 17.309796 -10.510154 -9.085767 -12.561155 60.454389 -12.672911 -14.838726 -18.095474
1 90.848497 -37.566573 31.920083 -28.836814 25.682328 -28.426465 -29.074666 -24.546389
1 0.000000 0.000000 0.000000 0.000000 0.000000 0.000000 0.000000 0.000000
1 19.293987 -4.525864 -2.333116 -2.557174 -2.987398 -2.526845 -2.359036 -2.004554
5 6.323909 -6.662829 5.250717 -3.909904 12.288185 -3.830080 -5.767365 -3.692633
1 20.229445 12.542597 13.867780 -11.998509 3.415937 -12.282346 -10.794506 -14.980398
1 32.637241 -18.967685 3.831710 -9.611322 27.863640 -9.593278 -15.619676 -10.540630
1 52.207605 -4.605121 -8.765406 -8.550739 -13.543961 -8.711983 -9.851578 1.821185
3 13.471234 -0.337289 45.387480 -19.391494 18.155934 -19.242131 -24.995107 -13.048629
3 9.436541 -10.730338 44.682068 -13.151445 13.187394 -12.965899 -17.836662 -12.621660
5 53.484590 -37.529796 26.227204 -22.184894 58.598315 -21.938385 -30.296217 -26.360819
2 -7.426881 5.162952 4.100934 0.000000 -1.837004 0.000000 0.000000 0.000000
3 -21.581719 -15.776338 38.997324 -9.027421 30.909622 -8.893494 -4.122193 -10.505779
3 4.336302 -26.163353 69.854471 -30.102942 52.603353 -29.766345 -44.043989 3.282503
5 34.921017 -45.796592 74.123478 -39.563065 92.811780 -40.133202 -39.811128 -36.552290
5 7.986209 -7.663664 4.467514 -9.368358 36.266573 -10.158943 -9.803605 -11.725724
3 -9.785541 0.000000 16.277756 -0.166583 -5.886405 -0.096561 0.000000 -0.342665
1 23.046929 -9.902181 -1.881859 -7.581449 20.809281 -7.756318 -9.708830 -7.025572
5 14.937493 -12.875594 2.201906 -5.701418 24.726822 -5.763198 -9.921365 -7.604646
3 -3.861070 14.329006 27.706333 -9.713091 6.837007 -9.787477 -11.389339 -14.121372
3 -0.000000 -0.853997 9.586369 -1.247186 -4.202915 -1.278459 -0.934136 -1.069676
3 7.914565 -5.362075 30.653005 -8.338861 6.132820 -7.898749 -9.207488 -13.893215
1 45.382732 22.783328 17.232173 -19.674237 -13.957545 -19.725809 -14.825251 -17.215393
5 20.813441 -27.225345 33.429812 -19.241980 57.397584 -19.601854 -17.720780 -27.850878
3 -1.747472 -4.291520 13.651944 -1.639145 -7.371612 -1.643751 4.523870 -1.482315
5 -14.929098 -17.298259 38.170081 -9.246066 40.633618 -9.344654 -14.894184 -13.091437
1 41.512988 -7.852618 -20.902538 -9.694205 23.673698 -9.558706 -7.370942 -9.807678
1 82.218566 15.288467 -5.683918 -15.387833 -42.242427 -16.294695 6.333533 -24.231694
5 37.428383 -42.878632 33.509456 -28.768032 87.921093 -28.761211 -38.704671 -19.746388
1 38.737006 -6.946075 34.977481 -6.144651 -43.304293 -5.553222 -5.846477 -5.919771
5 21.581480 -17.428566 -3.511765 -11.728438 46.860393 -12.186229 -8.786029 -14.800848
3 -22.980556 15.686602 22.694432 -3.776827 -0.521318 -3.647574 -3.680186 -3.774573
3 -3.732521 -17.355861 24.669873 -10.011990 24.353119 -9.817323 -7.832522 -0.272774
5 -4.338954 3.755144 23.882890 -17.546603 41.119191 -17.564373 -11.168510 -18.138784
3 -1.361609 -0.872724 34.287674 -15.460055 33.341551 -15.293101 -19.310170 -15.331565
5 8.352942 -8.236269 -3.263304 -3.131843 18.971502 -3.216264 -5.357042 -4.119721
3 -0.000000 -0.853997 9.586369 -1.247186 -4.202915 -1.278459 -0.934136 -1.069676
1 74.954967 -4.889372 34.303280 -31.778649 18.159122 -32.048841 -22.649485 -36.051026
1 54.073746 -22.550438 16.700083 -17.135413 19.754323 -17.263680 -12.645213 -20.933405
1 67.617873 -9.261464 -8.526854 -12.679939 -0.409495 -13.070898 -8.152709 -15.516512
5 -3.065469 -5.680562 -13.237733 -11.160852 64.831971 -11.271327 -11.560369 -8.855658
5 -7.702919 -15.783852 13.798730 -8.294276 49.486971 -8.320667 -14.325960 -8.858027
5 4.297978 -12.984017 14.905390 -9.178199 31.802770 -8.971835 -11.515120 -8.356968
1 32.719747 -3.589888 -6.097889 -6.407477 3.730292 -6.543429 -3.498393 -10.312963
3 -0.577063 10.851674 31.200682 -16.123589 27.176454 -16.185966 -16.139003 -20.203190
5 1.477092 -25.868672 -1.197947 -21.970739 84.562704 -22.198647 -8.746980 -6.056811
3 16.598457 -14.700930 22.908771 -13.662092 22.117445 -13.549085 -12.692129 -7.020437
3 11.313507 -9.562209 15.071852 -4.892213 0.964010 -4.752579 -2.000441 -6.141927
5 -1.364697 7.804662 -6.368574 -3.864562 17.908396 -3.856925 -4.005188 -6.253111
5 5.993524 1.357958 18.442504 -21.265439 55.413830 -21.031051 -17.303757 -21.607572
1 17.593361 17.130936 -2.284885 -9.478245 10.386386 -9.410772 -13.314210 -10.622570
3 -11.572813 -4.308231 17.646301 -2.186894 9.495834 -2.109649 -5.027452 -1.937095
1 32.161902 -0.772024 -4.371897 -4.264634 -14.489148 -4.351090 0.710082 -4.623190
1 27.915001 3.325252 17.217001 -14.419903 5.900207 -14.779541 -6.645991 -18.512025
1 32.313537 -21.193337 28.625411 -13.084191 18.855646 -13.083105 -18.701865 -13.732094
1 15.297506 6.627529 8.759972 -10.413561 8.082514 -10.080199 -6.584682 -11.689078
3 32.962275 -20.227306 54.000684 -20.272996 17.899796 -20.401771 -21.204038 -22.756644
5 -10.430118 -3.060892 5.515089 -2.536026 14.653021 -2.609612 1.085088 -2.616550
3 -7.476221 12.326571 14.868836 -8.080806 12.911029 -7.858731 -8.391797 -8.298881
1 30.457878 12.126541 21.327264 -16.490258 -13.973572 -17.188510 -20.331004 4.071660
5 2.320676 -9.902181 7.019106 -6.885443 30.693636 -6.824833 -9.927117 -6.493843
3 30.820285 -21.204233 37.699999 -14.097416 20.584219 -14.588222 -20.435707 -18.778927
1 9.367535 4.710022 -7.742588 -1.448570 -3.092109 -1.478018 2.233813 -2.550086
5 56.334252 -30.748153 26.153282 -35.968875 85.842360 -35.706790 -27.829537 -38.076544
5 8.189026 -11.730170 -15.304700 -8.960384 58.299462 -8.924623 -12.362398 -9.206213
3 -5.473735 -13.960053 40.763602 -3.798198 -3.651466 -3.518630 -7.057122 -3.304395
1 89.078608 -23.204598 57.614606 -22.881927 -34.494090 -23.202340 -14.370143 -28.540115
3 -13.410791 3.167763 13.288163 -4.982571 2.538557 -5.207530 -1.462648 6.069057
1 74.137888 -2.320947 1.911511 -22.618303 18.685393 -22.818540 -23.444035 -23.532966
1 75.190231 -28.347968 8.695884 -18.901065 24.725834 -18.813773 -20.930481 -21.618663
1 9.367535 4.710022 -7.742588 -1.448570 -3.092109 -1.478018 2.233813 -2.550086
3 -8.337270 -7.580524 52.776922 -12.848731 25.956914 -13.185609 -18.487961 -18.293739
1 54.991063 0.869028 -22.597752 -10.306018 4.469528 -10.543479 -2.315566 -14.566804
1 34.849457 -15.792902 -1.304369 -9.098201 19.312454 -9.052514 -10.683408 -8.230518
5 -17.047043 -8.749982 9.792492 -4.957895 36.475477 -5.237250 -2.064230 -8.211571
1 17.088709 -4.124073 7.570598 -6.192638 3.416327 -6.114513 -5.152675 -6.491735
3 52.722601 -35.079118 103.184495 -35.853286 28.971879 -35.192139 -40.367128 -38.387302
5 92.022793 -49.458533 8.821393 -41.509900 133.034091 -41.110903 -49.311254 -52.487690
1 53.594151 -18.804506 12.815173 -14.283698 11.940794 -14.812003 -16.641735 -13.808177
5 49.761944 -16.543290 49.619472 -36.452637 51.641577 -36.043174 -24.011598 -37.972296
3 1.972828 -11.728549 24.607165 -6.380688 15.675018 -6.487426 -10.681332 -6.977016
1 26.543375 -7.028532 3.462329 -9.570175 16.875715 -9.789031 -9.646215 -10.847466
1 37.531084 -1.058609 -35.052807 -12.205710 34.794364 -12.632727 -2.481862 -8.893732
1 35.411269 -16.053016 24.876791 -12.394880 -2.193108 -12.406586 -14.887887 -2.352584
1 36.827516 -13.537164 34.240565 -12.006519 -26.015574 -12.104427 -17.440388 10.035992
5 3.785035 3.094393 15.391062 -13.845193 38.052190 -14.057725 -14.989354 -17.430408
5 12.851466 -8.036776 -10.826834 -5.688461 29.753205 -5.553842 -7.245720 -5.253038
5 0.420677 4.399059 -36.721259 -12.000326 81.356048 -12.088660 -9.638504 -15.727035
1 0.000000 0.000000 0.000000 0.000000 0.000000 0.000000 0.000000 0.000000
3 17.065484 -18.693306 35.617005 -11.638497 12.427191 -11.756652 -9.467495 -13.553730
1 0.000000 0.000000 0.000000 0.000000 0.000000 0.000000 0.000000 0.000000
5 -2.538371 -1.265222 35.256333 -16.576940 44.227024 -17.071666 -22.090808 -19.940348
1 28.096464 -3.487506 -4.072711 -10.105741 24.827710 -10.343776 -10.485459 -14.428981
3 6.487345 7.140526 27.257824 -12.027691 10.173203 -12.024870 -15.168729 -11.837607
3 23.148190 -18.112646 27.010869 -9.381550 11.881572 -9.283709 -11.637681 -13.625046
3 31.252868 -31.275271 59.319245 -21.477457 35.425865 -21.511567 -30.042104 -21.691579
3 -2.557127 -1.425606 11.998216 -2.103804 2.000316 -2.203871 -3.300677 -2.407446
5 3.738027 -1.934702 30.960401 -16.853063 35.991166 -16.537235 -16.765898 -18.598696
1 27.341750 -6.088887 -6.880699 -5.113552 7.653590 -5.185807 -6.826107 -4.900289
5 12.172538 -3.562553 -4.018898 -7.720426 22.610335 -8.156411 0.183226 -11.507811
1 17.055532 -5.830858 -3.824525 -4.061421 13.591666 -4.181680 -5.924454 -6.824260
