3 7.574209 -9.049052 29.647343 -10.152116 -4.868848 -9.825326 -3.326212
5 -3.349182 13.257806 -9.710776 -6.073657 17.100039 -6.414544 -4.809688
3 -30.741815 -9.650131 71.104153 -19.290192 -0.287341 -19.109287 7.974611
7 -0.378874 -0.688923 1.242463 -5.320277 -5.949619 -4.804409 15.899639
5 11.335752 8.723851 6.023079 -13.252835 21.223410 -13.049553 -21.003705
3 -35.530784 -5.699131 50.074814 -19.242573 30.749861 -18.824318 -1.527868
5 17.045638 19.442620 -14.909142 -20.584341 35.576713 -20.377499 -16.193989
7 -28.420396 -11.384280 14.331405 -12.902224 8.230466 -12.990913 43.135941
3 -11.900195 7.199665 20.640165 -6.040222 5.231216 -5.537933 -9.592697
3 -5.178165 -1.284989 54.027422 -23.401335 27.121354 -22.842693 -28.441594
5 -13.676069 -2.905570 -1.369522 -9.341598 25.971365 -9.405827 10.727221
5 53.388898 32.048277 -44.528098 -34.624834 61.596876 -34.715444 -33.165678
5 -27.902599 1.749874 13.948497 -19.321749 29.857280 -18.971793 20.640486
5 13.312450 0.381587 -9.485519 -14.406192 31.960146 -14.864056 -6.898417
7 -3.168276 2.957433 -8.247062 -10.617460 6.980372 -10.913115 23.008106
1 38.013033 -7.880523 8.342904 -7.301112 -4.897809 -7.236461 -19.040032
5 -8.271522 2.940254 -0.645274 -5.348329 20.650574 -5.550927 -3.774776
3 -16.221578 -10.559846 59.019065 -17.728347 12.580841 -17.434419 -9.655716
1 23.680742 5.072501 10.579693 -10.269766 0.983440 -9.817543 -20.229068
1 25.649620 7.687605 13.801844 -14.659809 -29.257888 -13.945454 10.724082
3 27.126477 -25.144289 49.710677 -18.201312 9.294515 -18.051366 -24.734701
3 -9.620296 -16.622167 48.809706 -12.449091 3.255960 -12.265492 -1.108623
7 6.554709 -23.016550 26.658713 -9.416280 -19.187275 -9.262513 27.669195
2 2.027351 5.724163 5.254976 -5.396511 3.622807 -5.063438 -6.169348
3 -7.252391 0.000000 11.539222 -0.512172 0.758213 -0.436478 -4.096394
3 -14.190330 13.800543 51.949206 -5.798201 -24.367834 -5.362909 -16.030474
3 -47.018297 8.130799 26.077054 -12.166990 15.119307 -13.026360 22.884485
7 24.006771 -2.375499 -14.007771 -9.190752 -13.434038 -9.212589 24.213881
1 24.838417 -5.610227 -24.994375 -4.191569 11.634598 -4.830719 3.153874
1 18.358101 -13.497571 -12.567238 -2.589436 8.723238 -2.722313 4.295219
5 3.563405 5.121737 1.254856 -3.881106 7.662269 -3.870581 -9.850581
3 15.303143 -5.829699 23.338158 -7.091693 -26.440280 -6.531502 7.251870
5 -0.676748 -3.520293 0.982888 -0.414989 6.174480 -0.371500 -2.173839
5 -8.250130 -9.441762 7.368288 -0.943842 9.690517 -1.316615 2.893543
3 2.232736 -13.708992 27.484859 -16.550871 12.504850 -16.721619 4.759036
3 1.610216 -2.499915 42.117959 -13.983556 -22.718477 -14.621210 10.094981
3 5.821183 -21.756427 55.083010 -13.017634 6.585787 -13.263377 -19.452544
3 -6.735969 -7.193026 27.504828 -3.907317 5.824566 -3.987486 -11.505596
5 17.643772 -30.093474 9.943779 -14.249416 18.973195 -14.987915 12.770058
3 -11.549241 -8.352774 30.010298 -7.981971 1.707460 -6.490164 2.656392
3 5.439024 0.806148 23.863694 -11.405750 11.254820 -11.461916 -18.496022
3 -4.258838 -8.537344 29.038117 -16.460780 10.047803 -16.392631 6.563672
7 -12.113830 7.662757 -4.314397 -3.696210 -1.243362 -3.453460 17.158502
5 1.792212 7.634020 1.344826 -15.735861 22.355350 -15.812312 -1.578234
7 -0.549984 11.106910 2.699745 -7.367922 -21.546956 -6.903058 22.561263
1 21.856194 9.188833 -9.752015 -7.658787 -4.215286 -7.136604 -2.282335
5 9.915683 7.992126 -11.782447 -11.198236 23.102349 -11.227689 -6.801786
5 -5.982260 11.486165 5.437169 -13.237311 20.466291 -13.288292 -4.881761
1 19.643473 -4.425406 -0.257981 -15.614382 19.037014 -15.799667 -2.583052
7 2.184332 -8.759562 0.360351 -1.954199 -10.939363 -1.644339 20.752779
3 -4.457560 10.341493 49.962380 -34.389050 35.094204 -33.296377 -23.255093
1 40.135140 -16.124516 21.802299 -15.411232 -0.246172 -15.879978 -14.275542
3 19.156926 -32.306783 71.322119 -20.391403 10.800543 -20.032169 -28.549233
1 21.348269 -5.270625 5.757708 -3.443062 -7.486625 -3.432480 -7.473184
3 22.903274 -17.962375 36.778200 -11.910343 -16.850739 -11.816651 -1.141365
3 -2.071672 -5.669034 34.486838 -14.934774 -5.562748 -15.105065 8.856453
3 11.923195 -11.517476 21.875051 -12.846011 5.764467 -13.246311 -1.952915
5 -15.546903 -6.130077 12.946576 -6.333443 33.363879 -6.682279 -11.617755
5 -8.856783 4.147462 9.595259 -14.977656 18.638180 -15.057648 6.511185
1 28.903742 -9.824248 2.626224 -7.058984 -19.284735 -6.621693 11.259694
1 10.631381 0.767398 5.234313 -7.062292 5.348333 -7.113010 -7.806125
5 -7.282270 -17.290246 35.217488 -16.381157 50.216752 -15.886119 -28.594449
3 -6.412201 0.684711 33.447124 -15.102854 20.757010 -15.638369 -17.735420
7 -0.760547 -12.724705 6.711580 -8.490370 5.956359 -8.245274 17.552955
1 42.036462 -10.307363 25.358513 -21.943887 4.313322 -21.467903 -17.989145
7 7.465887 -10.573458 2.279871 -18.362492 18.522501 -18.006576 18.674267
3 -35.104236 -7.481868 68.981868 -23.448561 17.823680 -24.509365 3.738482
3 21.250710 -7.818711 22.606728 -14.618619 9.171705 -14.932412 -15.659401
1 11.598552 -1.672488 -11.489697 -4.024430 7.787814 -4.348177 2.148427
1 27.527729 19.941670 3.839144 -22.464009 25.376972 -22.405587 -31.815919
3 -3.465211 -8.885225 58.535774 -9.174502 -6.348067 -8.760271 -21.902498
5 8.469579 -9.407601 20.251650 -19.441904 28.376777 -19.570000 -8.678502
3 -6.488220 -4.043930 35.575775 -4.426075 -10.500358 -3.801329 -6.315861
2 -24.230633 19.437529 19.329336 -6.294065 -7.533940 -6.021345 5.313119
3 -17.087388 1.992627 43.205763 -11.260997 22.637233 -10.484436 -29.002802
1 56.276375 -6.903220 -57.294904 -16.183826 38.262543 -16.943141 2.786173
3 -9.514802 -21.729570 77.814196 -14.141433 14.489744 -13.437625 -33.480512
3 -44.290481 11.742746 70.528897 -16.714107 20.293921 -16.120266 -25.440710
1 85.006022 15.663884 -52.993851 -38.702729 24.152108 -37.629101 4.503667
1 27.301346 -19.159706 22.090995 -21.199141 17.985177 -20.373704 -6.644967
3 -40.701543 11.586971 63.869974 -22.674675 36.081866 -22.617337 -25.545256
3 -31.880583 -18.485912 64.529655 -17.338458 2.020008 -17.811049 18.966336
3 -19.545788 -2.956269 58.937500 -20.877530 12.087626 -21.165289 -6.480250
1 17.983868 9.583578 6.557342 -9.713559 1.432443 -9.377058 -16.466616
5 6.101800 7.120470 4.591934 -8.309309 9.079942 -7.479150 -11.105688
3 16.664709 -16.281715 53.661557 -19.835530 23.346040 -19.498491 -38.056571
3 13.146906 -9.459705 22.765052 -11.669535 20.486844 -11.879148 -23.390416
3 -13.912554 -7.448742 45.263917 -11.640324 23.834515 -10.851753 -25.245060
1 17.891998 -12.381407 16.104887 -7.189863 1.720364 -6.671262 -9.474716
1 13.934696 -2.037958 0.000000 0.000000 -9.668632 0.000000 -2.228107
5 34.138029 1.052157 -52.986225 -12.321919 58.817854 -13.279477 -15.420423
5 -4.976871 -2.278202 9.995169 -5.290375 13.414105 -5.227554 -5.636273
1 41.857430 -14.586551 0.503841 -14.928259 16.114913 -14.345959 -14.615417
3 9.406703 20.763333 70.965056 -24.498336 -6.750254 -24.639124 -45.247378
3 -11.729118 -17.960664 87.924803 -24.104557 26.716843 -25.185318 -35.661990
3 -9.665148 3.711997 14.538837 -7.582030 0.707382 -7.182613 5.471575
3 19.169766 -0.709357 25.746651 -9.297073 -13.312860 -9.449362 -12.147767
5 -46.778434 -1.318617 54.783498 -28.051927 56.204321 -28.099847 -6.738995
5 -1.342041 8.226909 12.682216 -12.439784 22.481314 -12.400495 -17.208120
5 36.598089 -24.592114 16.264873 -25.424504 54.774567 -24.843755 -32.777157
3 -11.912753 6.790467 26.405038 -8.914722 4.515919 -8.435806 -8.448141
5 -8.359976 -5.713987 31.482080 -27.940667 35.106411 -28.504856 3.930993
5 4.109680 1.355480 15.138732 -19.892686 19.852123 -19.128043 -1.435285
5 18.896429 -10.808507 6.076043 -15.512775 19.090978 -15.267683 -2.474484
1 0.000000 0.000000 0.000000 0.000000 0.000000 0.000000 0.000000
3 0.800496 -10.730518 35.843911 -2.712772 -14.815820 -2.930323 -5.454974
3 -7.443459 -17.548129 26.871730 -5.511202 -14.028545 -5.276158 22.935762
3 -15.270343 -4.178729 32.274624 -18.345155 30.532105 -17.070543 -7.941958
5 1.048216 -16.192869 12.238485 -15.012875 34.928793 -14.757166 -2.252585
2 5.597338 7.424282 5.470883 -6.264150 -4.580383 -6.042931 -1.605039
1 29.497899 20.921478 -25.030160 -6.972033 -21.132247 -6.845607 9.560671
3 -2.143059 0.713713 39.191842 -15.926909 26.519002 -15.926304 -32.428287
5 31.080743 12.207100 16.389790 -36.859818 67.267598 -35.082216 -55.003198
3 21.317644 -19.358983 25.197554 -14.365563 12.123017 -14.634640 -10.279030
5 -3.823764 1.118021 36.392187 -24.385596 45.170112 -23.273305 -31.197655
5 -3.186362 -4.525252 15.369902 -7.323791 23.009115 -6.565989 -16.777623
1 0.000000 0.000000 0.000000 0.000000 0.000000 0.000000 0.000000
5 -6.390275 -10.548251 32.103873 -21.972818 72.857429 -21.321428 -44.728530
3 24.612068 -17.527513 45.879313 -24.378189 11.932236 -24.283075 -16.234841
5 4.566254 1.611941 35.888016 -27.799035 44.388618 -27.363375 -31.292419
3 -46.757493 -4.879654 66.038906 -22.723988 23.562359 -22.605030 7.364899
7 -44.420717 -19.020516 26.864819 -14.341974 27.789108 -13.555978 36.685255
3 -34.132575 -6.182823 54.797149 -19.372714 34.614539 -19.253498 -10.470077
1 22.219157 -12.209572 -2.862320 -8.379658 -1.250395 -7.692770 10.175557
1 28.893637 3.124457 7.292778 -5.582157 -13.497594 -5.493941 -14.737181
5 3.099386 -10.209546 29.714337 -13.149889 30.138702 -13.345345 -26.247647
1 36.126904 -17.814402 16.866052 -11.835084 -8.082598 -11.953403 -3.307468
1 23.237217 -7.410054 9.365752 -3.955233 -8.402907 -3.868959 -8.965815
5 -9.685506 -18.532441 6.922982 -21.386971 63.698548 -20.237322 -0.779291
3 6.027727 -2.093089 11.257944 -5.069308 3.020132 -4.664233 -8.479173
3 2.143264 6.637220 10.706186 -4.998301 7.528216 -5.257065 -16.759520
1 122.963245 -18.863188 -35.741596 -36.197224 -45.498018 -35.894067 49.230856
3 -7.972454 -24.304855 38.606321 -7.426015 2.818488 -7.151643 5.430156
3 -33.477296 20.413799 44.750604 -10.887559 -3.118880 -10.916604 -6.764064
1 19.938127 -5.657614 -16.239486 -7.872473 9.216500 -8.536860 9.151805
3 -15.355562 15.625634 27.379112 -16.208998 6.104466 -15.814393 -1.730260
3 3.703058 -19.875315 63.896149 -14.628521 -4.752109 -14.205260 -14.138002
3 -22.262910 0.085883 56.911668 -15.043817 35.790940 -14.643020 -40.838744
5 5.194303 -3.353894 6.704633 -9.923131 14.201849 -9.334446 -3.489314
5 10.041080 -18.923017 5.591881 -11.053127 20.475857 -11.177971 5.045299
1 9.215195 -3.380571 -13.695443 -2.411515 6.935906 -2.965121 6.301547
3 -25.086406 -14.581891 74.493534 -16.822607 21.464825 -16.976458 -22.490999
3 -3.731690 -3.210453 57.964479 -25.085645 -2.650135 -24.860239 1.573682
5 19.518035 9.199671 13.360086 -22.594040 50.768010 -21.861409 -48.390353
7 -7.825069 -25.376350 31.931972 -36.112228 13.987575 -35.969641 59.363738
1 0.000000 0.000000 0.000000 0.000000 0.000000 0.000000 0.000000
1 40.437522 5.745895 10.008807 -10.061945 -24.848615 -9.974398 -11.307266
1 17.491642 -1.905697 9.758093 -7.881969 -2.210595 -7.754093 -7.497382
3 2.195147 13.832598 31.512582 -16.557396 16.792959 -15.905949 -31.869942
1 83.725286 32.115684 -21.015556 -28.572820 8.791118 -28.116754 -46.926962
3 -7.559888 -7.689628 29.509973 -5.386418 6.980270 -5.294001 -10.560308
3 -12.935966 -10.796922 63.578921 -15.906621 -0.400254 -16.846487 -6.692673
3 12.724976 -4.149373 29.256528 -12.395550 16.663793 -12.022367 -30.078009
7 -11.589727 -12.537988 24.249986 -8.663253 -8.321585 -8.037184 24.899751
3 -4.533040 0.331356 14.569350 -5.522485 12.120197 -5.547959 -11.417419
3 19.675469 -14.488132 34.890625 -13.198516 12.866625 -12.424889 -27.321182
2 -4.549021 9.680653 -3.549682 0.000000 -0.846442 0.000000 -0.735507
3 8.407313 -4.014467 48.430719 -12.726199 -38.650985 -12.225788 10.779405
5 11.993153 0.724486 -28.198383 -4.334094 23.662908 -4.454773 0.606703
3 -2.084796 -8.817616 23.207009 -3.337192 -5.703231 -3.294252 0.030077
3 16.891498 -18.636218 21.782673 -14.869789 20.775731 -14.935213 -11.008682
5 19.722876 -17.066221 -4.661557 -10.707176 23.409863 -10.235440 -0.462344
7 -1.352915 -9.652835 4.261921 -6.732403 2.673713 -6.435415 17.237932
3 -33.568234 5.266633 50.210706 -22.047719 25.901891 -21.784299 -3.978980
1 24.208902 2.064435 -2.970035 -9.169934 0.524848 -8.915361 -5.742855
1 35.083442 -5.540795 -20.846362 -5.721754 3.013390 -5.970261 -0.017661
3 38.652627 -33.684649 53.705592 -26.277935 -19.652012 -25.745037 13.001416
7 -11.090427 7.219781 4.772379 -6.170213 -6.797515 -5.484308 17.550304
3 -20.591308 17.433541 26.941067 -8.179761 -14.067408 -8.224394 6.688263
3 12.918939 -6.394964 19.307822 -9.690115 13.929450 -9.336596 -20.734536
2 -16.172485 12.753658 7.303045 -0.943842 -3.509612 -1.316615 1.885850
7 12.550709 -6.653913 -0.054834 -12.275446 4.841337 -11.456206 13.048354
3 0.085910 -2.183894 16.621214 -1.340747 -5.142839 -1.247662 -6.791983
1 71.255213 -12.210337 -33.136741 -9.639099 -26.114018 -9.773017 19.618004
5 -2.478566 -2.040744 -4.033627 -1.217854 8.072716 -0.629583 2.327656
3 9.201039 -6.575617 25.111426 -9.015564 9.992937 -9.263621 -19.450599
3 -24.984154 2.499277 48.575891 -12.774771 -6.961549 -13.360286 7.005591
5 -1.279698 -14.157763 26.547925 -13.778729 29.980316 -13.827808 -13.484243
3 -5.452539 -15.380063 45.252421 -11.048945 22.874132 -11.256157 -24.988852
3 -0.779197 -27.189865 53.889581 -14.208720 17.911658 -14.088452 -15.535007
1 20.014483 -9.520743 8.728183 -5.846695 -27.309391 -5.448324 19.382486
3 18.008242 -25.997759 46.058234 -18.578391 12.882647 -19.340808 -13.032168
5 6.640411 -14.491165 15.854202 -13.778729 32.128511 -13.593918 -12.759312
5 -9.578548 3.161937 -2.731628 -4.666018 9.614012 -4.837492 9.037736
3 28.983000 0.698574 95.223206 -25.887940 -8.637212 -24.606874 -65.772753
1 30.598207 12.289840 0.231197 -13.314292 -0.289871 -12.266963 -17.248118
3 2.999908 -14.169117 24.017209 -16.051864 17.032316 -16.525452 2.696999
5 36.100330 17.611683 11.198241 -35.740992 51.114443 -34.571037 -45.712671
5 -1.533626 -3.126540 7.216966 -10.000558 25.703347 -9.857482 -8.402107
3 7.262525 -4.012143 34.675387 -6.081335 -15.033292 -6.203778 -10.607366
1 48.793650 -13.587243 22.862913 -16.063456 -1.932023 -15.937389 -24.136451
7 -1.352915 -9.652835 4.261921 -6.732403 2.673713 -6.435415 17.237932
3 12.877681 -13.258572 29.240284 -9.177794 -9.392849 -9.654176 -0.634576
1 21.710282 -7.800991 17.045982 -8.685748 1.279266 -8.131260 -15.417531
5 -2.717902 -13.144050 22.496706 -20.019054 51.934458 -19.543293 -19.006865
1 18.944277 0.309788 -15.616961 -7.885534 17.506920 -7.797711 -5.460779
1 8.941693 -1.394197 5.343099 -12.564685 7.848326 -13.360225 5.185987
2 15.090737 16.790163 3.070141 -4.278190 -12.021938 -4.122921 -14.527993
3 22.476121 0.880780 26.153962 -10.095738 -0.044717 -9.762215 -29.608194
3 0.226285 -5.704187 16.786979 -1.755735 1.031641 -1.619161 -8.965822
3 12.744609 8.057889 15.263141 -14.915166 10.275449 -15.188753 -16.237170
3 1.267522 -3.796703 44.729724 -10.100687 0.671105 -9.304892 -23.466069
7 12.217830 -20.670521 14.435291 -7.465326 -11.204453 -7.010812 19.697991
3 6.381460 2.498822 11.329501 -7.123966 -3.585557 -7.138621 -2.361638
3 -12.752205 -28.725335 138.288717 -37.069206 1.535189 -37.786276 -23.490885
1 22.616850 11.956517 -23.857952 -3.606768 0.457311 -3.709966 -3.855993
5 12.136357 -17.582620 18.427031 -15.489171 29.066185 -15.588886 -10.968897
5 0.654454 -12.340834 11.078896 -9.331766 19.888075 -9.456764 -0.492062
3 12.384871 -5.807732 28.394249 -15.335100 26.584528 -15.250886 -30.969931
7 11.704406 -8.346552 14.320969 -5.396749 -22.052570 -4.745372 14.515867
3 5.518439 3.448489 32.792752 -12.803133 12.905030 -12.284016 -29.577560
3 -56.331035 -23.376818 84.154701 -34.593655 78.909616 -35.175219 -13.587590
3 -3.771504 -1.846561 14.813800 -2.613161 -3.556808 -2.315205 -0.710559
3 8.960258 5.456934 55.887950 -25.592644 22.112954 -24.305074 -42.520378
3 5.034253 2.650369 35.161217 -9.769557 5.295986 -9.186879 -29.185386
5 20.284733 8.593307 11.522034 -33.961060 77.773685 -33.330633 -50.882069
3 13.717695 -7.094130 29.361920 -6.280397 -12.278949 -6.027899 -11.398240
5 17.313801 -1.808123 -3.982710 -16.743080 31.254117 -17.252016 -8.781990
5 -11.485401 -0.702415 -3.617629 -1.140251 19.264089 -1.519703 -0.798691
5 16.511574 -3.557815 -4.233971 -25.794906 47.991042 -25.756435 -5.159492
3 -1.500781 -15.307713 38.373797 -13.547390 6.618926 -13.576707 -1.060131
5 7.613664 -12.514931 23.049161 -12.015697 31.386939 -12.209996 -25.309140
7 -35.659521 -13.563887 2.828036 -4.968957 -1.477713 -4.923622 57.765662
3 -6.101474 15.836144 40.056223 -17.001547 15.261875 -16.181280 -31.869942
1 6.124493 -8.814959 0.667684 -1.787979 0.125728 -1.852327 5.537361
1 0.000000 0.000000 0.000000 0.000000 0.000000 0.000000 0.000000
1 4.095028 -1.159544 -1.725819 0.000000 -1.209665 0.000000 0.000000
3 7.577558 -2.279195 40.793150 -9.562012 -6.049630 -9.938998 -20.540871
3 -14.537792 -19.994366 85.100423 -17.395465 -18.395358 -16.606102 1.828660
3 -21.846414 9.841456 41.221208 -12.055313 22.488907 -11.223253 -28.426591
3 -3.731669 -1.477545 23.225702 -9.465941 18.942432 -9.056382 -18.436598
1 0.000000 0.000000 0.000000 0.000000 0.000000 0.000000 0.000000
5 -6.109399 -5.886751 -11.306385 -2.575930 28.357412 -2.322536 -0.156411
3 -2.435615 1.530488 16.405039 -4.981646 -8.681178 -4.755787 2.918700
3 -3.049744 -10.019701 20.898818 -16.987425 17.726134 -16.989979 8.421898
3 -2.646784 -3.394496 24.027369 -6.231838 -2.201055 -5.859545 -3.693650
2 -10.533505 16.211845 14.741579 -14.381913 7.429653 -15.720771 2.253112
1 46.877930 -6.305552 16.883454 -10.207471 -25.098356 -9.941686 -12.208318
5 -28.298402 27.012532 28.130378 -24.853056 29.738012 -24.516885 -7.212582
3 16.458889 -14.904236 20.944464 -13.719814 9.834628 -14.214419 -4.399513
1 15.847838 2.297643 -20.674730 -5.312395 12.051898 -5.509445 1.299192
1 11.299977 1.714874 -10.579223 -4.080834 2.911471 -3.963711 2.697444
3 9.228124 -4.030174 37.804822 -11.510357 -14.231139 -11.556269 -5.705008
3 -6.506123 -8.275751 59.133897 -27.692261 0.787827 -27.955974 10.508383
1 18.187509 -11.057270 8.587422 -9.179828 10.230252 -9.287883 -7.480203
2 -0.338245 12.656222 6.154232 -7.956390 -2.221603 -8.091292 -0.202925
3 11.204272 -11.826056 13.151577 -4.731027 6.976102 -5.061529 -9.713338
5 -2.974612 -7.101741 -4.026693 -11.770226 58.666177 -11.666409 -21.126496
3 13.807475 -19.556700 65.463943 -28.606869 58.109768 -27.804781 -61.412838
3 0.650979 -11.592948 13.542121 -2.012153 -2.584677 -2.132541 4.129220
3 29.585582 -3.159613 40.228959 -11.563619 -13.480778 -11.294404 -30.316128
3 -2.725293 -10.820932 35.727259 -6.552232 1.461337 -5.860403 -11.229734
3 -11.392630 -9.446423 28.994509 -6.767764 24.076409 -6.513873 -18.950229
3 12.569143 20.758961 42.548476 -24.866082 1.034498 -24.737939 -27.307059
3 -0.882717 -4.771225 15.907230 -5.757892 4.901868 -5.712537 -3.684727
1 30.932316 -15.895491 21.927016 -8.674445 -9.678149 -9.013541 -9.597707
5 -5.470610 -7.804713 10.633103 -6.146424 26.171432 -5.269357 -12.113433
3 -18.520098 -0.316073 40.877801 -7.594808 -9.583970 -7.070992 2.208140
5 -2.444028 -13.984948 19.943175 -12.532228 21.385664 -12.021593 -0.346042
1 14.176198 6.961707 12.087847 -7.506443 -4.955176 -7.154450 -13.609683
3 26.393815 -25.396713 36.233817 -12.095773 5.413112 -12.186616 -18.361642
3 19.537335 -5.239332 19.793507 -18.595898 6.415054 -19.115294 -2.795373
1 61.854469 10.323479 -13.668984 -28.236643 -9.365807 -28.377383 7.470872
3 24.492421 -7.627473 33.808053 -7.909955 -18.032421 -7.406470 -17.324154
3 -16.213551 5.963419 11.877433 -3.680904 1.607019 -3.940031 4.386614
1 31.762594 -17.117370 4.954795 -16.902408 11.023010 -16.471814 2.751197
3 -15.756784 -21.054757 83.773981 -21.277062 15.660159 -21.956726 -19.388813
2 4.574378 8.428728 -1.003512 -3.153372 3.425591 -3.096642 -9.175172
5 15.229209 -13.915804 20.035233 -18.392305 29.212016 -18.244009 -13.924341
3 -17.837276 -13.124469 41.702752 -5.606229 -5.046704 -5.698186 5.610112
3 -0.267000 7.666175 54.840927 -25.606449 17.142974 -25.397088 -28.379541
3 3.310215 2.402962 37.972103 -10.428646 -0.884800 -10.077202 -22.294632
7 8.429351 -8.049375 -4.785502 -17.769300 -3.840138 -17.947118 43.962076
1 41.474503 -7.292918 -18.742774 -9.414926 -18.447020 -9.492803 21.915942
3 -8.125014 -2.406754 74.983940 -35.489623 44.562573 -34.909047 -38.616075
1 33.749588 22.404871 -12.170509 -18.191427 11.930004 -17.892063 -19.830466
3 15.114344 -6.778199 32.356505 -10.847113 -14.954092 -10.652766 -4.238678
1 25.082332 6.248719 17.129591 -15.940816 3.926438 -15.386278 -21.059986
1 24.355369 2.318308 -30.274591 -1.467673 3.309089 -1.648506 3.408004
1 37.960005 0.726762 15.037165 -10.764063 -3.339740 -10.317759 -29.302369
5 4.580657 -11.366518 3.203988 -6.018599 34.631012 -5.981189 -19.049352
1 23.436862 -19.472959 10.786489 -9.225796 4.598074 -9.397708 -0.724963
3 27.417059 5.530697 31.060907 -26.981014 13.941406 -26.531402 -24.437654
1 85.552666 10.746380 17.969954 -21.431309 -30.047875 -20.508362 -42.281453
3 12.961025 -11.504223 49.453710 -9.297390 -4.597978 -9.182306 -27.832837
5 11.717767 -8.277708 4.735668 -11.599254 19.738800 -11.696869 -4.618405
5 7.678142 -2.080717 27.952481 -21.106993 30.438118 -20.698724 -22.182306
7 8.848417 1.714424 5.721444 -23.017208 10.215119 -22.869413 19.387218
7 -7.408939 -16.917470 18.604985 -9.472309 -4.555822 -9.269174 29.018727
3 36.954912 -14.504184 38.727672 -10.235630 -20.681856 -9.896857 -20.364056
1 30.659583 -16.648622 26.218821 -13.671297 4.510456 -12.921541 -18.147400
3 -2.885628 14.234533 38.202104 -18.164851 18.940102 -17.532939 -32.793320
1 35.265352 -13.527061 18.686848 -11.086405 -2.632489 -10.443281 -16.262964
3 33.215632 -30.559535 70.271936 -38.150125 24.042936 -38.390772 -20.430073
3 -2.666056 -12.328385 24.977692 -3.807118 -15.315820 -3.328479 12.468165
3 -2.619853 -1.384929 7.686327 0.000000 -1.077781 -0.000000 -2.603763
3 19.287674 -9.653731 24.683841 -8.468815 3.521329 -8.137233 -21.233065
3 -21.180697 15.034879 33.848257 -11.748711 -9.389112 -12.395267 5.830651
1 15.913810 -9.722295 14.590354 -5.907277 4.945561 -5.870347 -13.949807
3 -26.142520 16.510066 44.916979 -16.418527 31.068020 -15.642829 -34.291187
2 -1.508204 25.936655 15.848795 -20.635104 21.205427 -20.168487 -20.679080
1 17.335713 0.773316 -13.734963 -6.092830 11.454928 -6.037409 -3.698756
1 26.461746 -3.544916 13.229247 -36.476259 23.104399 -36.037446 13.263230
7 9.797240 -2.846679 -14.601257 -4.474377 5.680856 -5.051129 11.495346
1 29.346845 -12.197814 23.164149 -11.369637 0.499774 -11.531164 -17.912154
7 32.718531 -0.912688 -12.912009 -24.983568 -8.197855 -25.283787 39.571376
3 -4.865751 -22.339978 67.610948 -19.401557 41.750018 -19.488285 -43.265396
5 35.818057 -10.999064 -33.863537 -27.329147 43.130582 -28.122470 21.365576
3 -6.735969 -7.193026 27.504828 -3.907317 5.824566 -3.987486 -11.505596
1 16.596030 -2.318706 -12.575102 -4.439419 6.046962 -4.653060 1.343293
3 -1.010179 13.098556 21.422495 -11.605036 16.832425 -11.117842 -27.620419
1 36.034890 4.103900 1.812256 -10.132204 -6.676424 -10.889994 -14.252423
5 26.979974 -21.883038 8.418968 -20.335420 41.454039 -20.782752 -13.851771
3 -35.904900 5.264710 47.137045 -22.616385 12.389339 -22.789679 16.519868
3 -3.949543 -2.243676 15.318089 -4.513581 11.924236 -4.268274 -12.267250
3 18.050442 -10.482662 30.231750 -14.915591 8.921510 -14.611770 -17.193680
3 5.887597 -17.450434 20.838114 -8.145310 8.708324 -8.020029 -1.818261
3 -16.053637 -17.989684 35.484720 -16.188544 30.502580 -15.701787 -0.053650
3 17.576764 -7.117186 20.571508 -6.056223 -11.043434 -5.747685 -8.183744
5 7.350831 -13.443354 18.649924 -16.273708 23.425944 -15.904983 -3.804654
3 1.062016 9.939180 28.624283 -9.946259 -15.458252 -9.601323 -4.619645
3 -10.458852 -7.846182 55.290252 -11.067006 -7.260650 -10.749076 -7.908486
3 -1.750516 3.965036 15.465410 -1.340747 -8.299538 -1.247662 -6.791983
3 20.059004 -29.302907 33.391715 -10.905044 -19.297780 -10.299090 16.354100
5 14.406495 11.607364 -2.811423 -16.409772 24.767804 -15.152464 -16.408006
1 17.489199 -5.247568 14.548120 -3.667235 -8.722140 -3.712694 -10.687681
2 -19.626536 58.398932 48.260575 -19.675177 -34.600154 -19.430607 -13.327033
1 60.877915 -22.904959 20.395439 -13.816700 -6.118962 -13.295369 -25.137362
5 -11.777423 11.757856 15.026109 -10.435837 25.657572 -10.784503 -19.443772
3 15.089887 -28.126812 112.188139 -38.947433 47.773752 -38.319614 -69.657920
1 6.124493 -8.814959 0.667684 -1.787979 0.125728 -1.852327 5.537361
1 13.117381 -10.545386 6.331917 -7.113152 1.886275 -7.250151 3.573117
1 41.341997 10.340423 -46.016451 -15.364986 34.168722 -15.335738 -9.133968
2 0.839660 13.451745 9.137936 -12.932279 4.400385 -12.142203 -2.755244
5 22.627911 9.044548 15.934682 -28.530516 36.579803 -28.329200 -27.327230
1 81.337586 -43.224005 31.377761 -42.553302 51.425253 -42.604186 -35.759109
3 -1.729742 -36.181813 56.644081 -26.348027 31.226310 -27.465251 3.854439
3 -16.117024 -6.877807 33.654733 -11.796299 15.602248 -11.724851 -2.741000
3 1.810466 -2.970158 32.686705 -10.944611 -0.352241 -11.273089 -8.957070
5 2.723824 -4.383106 10.930006 -4.513581 11.778382 -4.268274 -12.267250
1 15.033310 -1.656821 2.537681 -7.426617 1.458995 -7.600466 -2.346082
1 25.067383 5.485576 13.099917 -17.848296 15.149676 -17.558123 -23.396134
3 -40.247401 -6.246239 41.727315 -9.445900 15.895135 -10.248599 8.565687
3 -21.107766 1.924272 61.960402 -21.701018 16.850445 -21.301066 -16.625269
5 8.088586 -4.552849 23.287437 -20.953557 25.801866 -20.810188 -10.861295
3 14.724320 9.132362 20.333471 -11.250613 -5.405768 -11.006946 -16.526826
3 -5.424141 -11.511611 43.804900 -14.361872 -11.540947 -14.476581 13.510252
3 20.388248 -17.646364 49.778078 -26.979454 29.590911 -26.695857 -28.435565
3 -9.004386 -15.803281 44.100534 -20.992530 11.987426 -21.046444 10.758680
3 6.188839 -9.326100 39.753479 -12.455064 5.073719 -12.288210 -16.946662
3 -1.631380 -23.932977 60.710672 -12.362119 1.530372 -12.432346 -11.882222
1 22.296282 -11.017768 15.889781 -6.232419 1.340739 -5.813416 -16.463198
5 2.419926 -12.792201 6.924480 -12.954702 42.788279 -12.877709 -13.508073
3 -13.000005 -13.439636 36.815455 -8.505635 -5.409452 -8.757069 12.296340
7 -1.383848 14.869180 -21.772488 -7.102776 -6.883413 -6.998986 29.272328
1 16.851657 5.210253 4.020047 -7.930006 -4.726809 -7.967048 -5.458092
3 11.069670 -22.118065 41.968254 -16.934549 8.260555 -17.601074 -4.644793
3 -6.815521 5.820289 14.501292 -1.744894 -6.323518 -1.324977 -4.112671
5 22.064714 -1.767092 -2.503548 -16.172955 23.393106 -16.492164 -8.522061
3 -12.127985 -5.169823 29.753162 -7.018095 0.722670 -6.933775 0.773847
3 -18.166103 5.923267 39.903803 -9.495227 1.424996 -9.024062 -10.566673
3 -3.730914 -6.974494 24.738246 -6.333796 11.680731 -6.882325 -12.497450
5 -11.216474 10.581301 34.899623 -22.446579 42.944198 -22.496182 -32.265888
3 9.383110 14.247599 22.927345 -14.223037 -4.334833 -13.894382 -14.105802
3 3.315906 9.761760 17.361252 -10.753253 13.717907 -10.134386 -23.269184
1 50.502776 -10.143023 14.264938 -17.389264 -1.731930 -17.711154 -17.792341
1 34.915259 2.481786 -19.687430 -15.297041 2.248286 -13.732577 9.071719
5 -5.461683 -3.700025 1.700451 -7.213907 30.550599 -7.934247 -7.941190
3 4.202301 -5.334472 21.240748 -11.698072 15.672772 -11.184039 -12.899237
3 7.029064 -5.549280 18.863111 -10.703732 -1.702029 -10.880021 2.942886
3 -0.238754 15.939524 52.302545 -22.112717 -3.226534 -21.598162 -21.065902
3 9.346856 -3.353347 36.372647 -18.042962 12.506595 -17.750018 -19.079772
5 5.150635 -18.597368 25.550422 -20.954884 52.625567 -20.745202 -23.029170
3 -0.640160 -17.614722 27.499251 -18.422440 10.287465 -18.294025 17.184629
3 33.968788 8.709576 37.555238 -20.446322 -2.382617 -19.920132 -37.484533
1 36.439006 11.519538 8.827849 -7.721252 -19.508564 -7.555401 -22.001177
1 4.095028 -1.159544 -1.725819 0.000000 -1.209665 0.000000 0.000000
5 27.737794 -8.586624 40.998904 -33.299921 41.861789 -32.711219 -36.000724
3 -9.294763 3.162324 58.150092 -24.804138 47.965401 -24.164678 -51.014239
7 -5.095408 -5.231694 -40.719987 -15.565156 -8.053335 -16.051191 90.716770
1 20.625319 -8.280271 9.918376 -8.445439 8.888313 -8.503770 -14.202528
1 18.004817 12.116126 -2.846150 -11.151937 -15.353905 -10.260018 9.491068
3 1.318288 1.211801 26.550745 -20.640897 22.649585 -20.646985 -10.442536
3 5.394474 -24.374211 76.104121 -25.283471 7.415335 -25.390892 -13.865358
3 6.393028 -18.729344 43.444189 -8.337396 1.248325 -8.446480 -15.572322
2 -4.823879 6.181019 -3.338277 -0.000000 3.900962 -0.000000 -1.919825
3 17.558791 -33.553561 71.982763 -16.332360 8.076327 -16.983001 -30.748961
5 -8.920594 -1.361711 3.796924 -14.613477 40.977773 -14.876571 -5.002344
3 -0.440594 -10.073533 51.705714 -13.262668 15.820898 -13.293586 -30.456232
5 -9.159483 -11.830126 18.527620 -10.247404 31.329377 -10.736500 -7.883483
3 8.054296 4.973920 44.611221 -11.514514 -15.378785 -11.273375 -19.472761
5 3.916587 -10.108059 4.924197 -9.265148 20.350129 -9.325644 -0.492062
3 13.261801 -23.095677 35.233402 -18.284640 -4.506982 -16.938021 14.330115
3 -5.401069 -1.703547 72.299716 -21.971594 -4.477030 -21.438583 -17.307896
5 9.607889 -7.252722 10.701829 -13.469108 23.538262 -13.426350 -9.699801
3 12.614808 -15.247753 53.471159 -7.811958 -16.833297 -7.600737 -18.592221
5 -3.537246 -0.893273 3.901570 -4.778203 13.613075 -4.791076 -3.514847
1 31.461514 -11.260743 16.076542 -17.265699 -5.414068 -16.988712 3.391168
1 20.532512 8.412203 7.856071 -10.360360 4.016443 -10.285016 -20.171852
5 -0.909243 3.244289 -5.323232 -2.232131 3.730439 -2.127658 3.617536
3 2.831551 9.347871 53.173625 -20.186412 -1.749267 -20.412521 -23.004848
3 -15.840234 -6.588067 39.311009 -12.648604 -10.729671 -13.567280 20.062847
3 -5.174603 -2.601454 11.700632 -5.328341 10.717601 -5.309979 -4.003855
3 17.416980 -24.106913 21.405467 -10.945335 12.568341 -11.358950 -4.979589
3 -16.943384 -6.506601 28.450286 -2.419737 6.328666 -2.778297 -6.130935
5 15.320716 -12.364819 12.758631 -17.977316 33.467299 -17.939127 -13.265386
1 24.503200 4.359343 3.756723 -9.367989 2.553598 -9.226216 -16.578658
3 15.791588 -6.361316 24.579516 -4.987206 -18.107878 -4.902143 -6.012561
5 -5.620385 -4.749403 -4.362831 -1.287965 18.355478 -1.395158 -0.939735
5 -14.561662 10.796705 24.701513 -13.279946 35.886206 -13.016875 -30.525942
1 0.000000 0.000000 0.000000 0.000000 0.000000 0.000000 0.000000
1 0.000000 0.000000 0.000000 0.000000 0.000000 0.000000 0.000000
2 6.290137 19.842389 -17.208482 -4.778203 5.041316 -4.791076 -4.396080
3 -10.801548 16.871892 44.766937 -14.379365 13.740054 -13.274010 -36.923960
5 12.304047 21.495234 6.156842 -39.212397 54.848965 -38.418069 -17.174622
2 2.027351 5.724163 5.254976 -5.396511 3.622807 -5.063438 -6.169348
5 -13.213204 12.773790 1.113848 -31.122788 75.152580 -30.307721 -14.396506
3 -4.880239 -12.662458 33.795703 -13.701088 4.587660 -13.547322 6.407743
2 -50.945337 34.368465 19.135188 -11.153045 16.318980 -11.287769 3.563516
3 29.053001 -3.813348 37.049244 -17.759009 5.172582 -17.303884 -32.398588
7 11.704406 -8.346552 14.320969 -5.396749 -22.052570 -4.745372 14.515867
1 20.357900 -2.752918 1.572754 -11.589951 8.595185 -11.451489 -4.731480
1 45.263094 23.431136 12.839690 -27.614272 13.066479 -26.524993 -40.461136
7 -18.191760 -37.827683 31.339271 -31.578848 0.772682 -31.897428 87.383767
3 -19.413176 11.326560 36.001979 -7.801870 8.714808 -6.954979 -21.873321
3 3.407447 -1.109281 33.612201 -11.724679 -2.951607 -11.260691 -9.973389
3 3.547461 3.385812 14.559024 -9.854833 1.966118 -10.326577 -3.277003
5 -5.489174 -2.124939 10.264913 -13.268664 30.458937 -13.596919 -6.244155
1 19.052385 -10.887274 -10.467071 -8.511375 14.524867 -8.882745 5.171212
3 -41.090996 1.727142 58.353559 -20.670621 22.301035 -19.659388 -0.960733
3 -36.873713 -1.757942 52.617899 -26.875419 11.654897 -26.294124 27.528399
3 -19.187806 -17.335630 57.973024 -14.838431 25.290986 -15.850189 -16.051957
1 19.885988 11.574176 -22.899834 -4.732457 -12.545681 -4.290895 13.008705
2 -2.932990 12.907015 0.789552 -6.464969 7.359993 -7.177300 -4.481301
3 -6.903967 -13.171673 43.352036 -8.070584 6.369050 -7.900094 -13.674768
3 -29.949884 -2.646399 39.466422 -17.254020 5.099058 -17.832861 23.117682
3 3.645087 -7.150235 42.151136 -11.949225 8.286432 -11.628642 -23.354553
3 -4.615514 -3.196032 24.368213 -8.637933 3.303173 -9.215087 -2.006821
3 11.722389 -9.311806 32.386331 -13.025701 -2.179016 -13.018203 -6.573995
3 12.466205 -11.814311 37.004191 -7.869137 -8.764092 -7.233810 -13.789046
3 17.670548 -24.480065 22.778105 -6.574357 -7.701683 -6.530358 4.837809
1 0.000000 0.000000 0.000000 0.000000 0.000000 0.000000 0.000000
1 26.670033 1.888947 -36.882720 -5.492103 14.256094 -5.996683 5.556431
5 14.601095 -2.289628 13.079948 -19.809719 43.421681 -18.806250 -30.197126
3 -19.110667 -21.871135 45.277674 -19.385825 44.741188 -19.240611 -10.410624
1 54.092613 -9.342675 22.472538 -15.215526 -6.519090 -15.247920 -30.239938
5 6.023718 -2.603866 -2.822817 -6.073657 14.045520 -6.414544 -2.154356
1 17.662031 -10.624203 16.706396 -8.067807 -9.672910 -8.455236 2.451729
3 -14.879672 -0.688788 26.054815 -7.908704 18.199309 -7.473816 -13.303145
3 -11.670590 -6.333914 45.449977 -11.640324 20.291664 -10.851753 -25.245060
1 51.139954 -16.721129 15.342840 -30.079723 9.745858 -29.997365 0.569564
3 -10.173022 -10.819974 61.683039 -15.055489 13.606641 -14.245931 -24.995264
1 0.000000 0.000000 0.000000 0.000000 0.000000 0.000000 0.000000
3 -25.178525 -8.379820 81.468834 -22.441446 16.661330 -22.319656 -19.810718
5 33.844290 -5.860095 -6.079992 -22.397910 39.323585 -22.040118 -16.789760
1 31.987956 -17.132625 31.237260 -23.903298 12.708216 -23.654713 -11.242799
3 9.213584 -14.038354 40.886157 -20.384474 8.592678 -20.170238 -4.099353
3 -2.704773 -22.724867 115.888422 -25.376016 9.268720 -24.858580 -49.492906
3 -23.343977 5.864946 37.539524 -7.594808 -5.683008 -7.070992 0.288315
5 0.763181 -2.281575 0.051814 -2.810210 11.084879 -2.297715 -4.510373
3 -2.599384 -20.605552 57.886045 -19.909429 29.219316 -19.644802 -24.346193
1 15.297767 -2.142752 -8.606044 -3.223408 7.499921 -3.267667 -5.557818
3 -5.434362 -2.020621 18.830449 -3.137754 -3.468564 -3.404347 -1.364799
3 -14.209128 -3.448036 88.478162 -16.255732 -31.472399 -15.974858 -7.118009
3 39.562578 -51.168643 84.958590 -46.917518 34.445415 -45.435280 -15.445142
1 13.669861 -0.419877 2.202754 -3.927074 -5.885241 -3.913788 -1.726636
5 5.238916 -12.544480 56.195422 -34.505255 56.699312 -32.863380 -38.220533
3 -18.905747 -10.803521 57.520043 -14.902376 31.282067 -14.633565 -29.556901
3 7.684425 -8.778555 45.566943 -15.050740 2.867088 -14.825791 -17.463369
1 34.701793 12.685834 -26.801161 -19.659544 19.244740 -20.379121 0.207457
3 22.421603 -12.504130 25.830383 -14.283440 3.656590 -14.149337 -10.971667
5 -3.270034 -15.469328 17.702395 -7.551297 22.721236 -8.008645 -6.124328
5 8.379637 -20.963761 0.741131 -12.270981 28.548573 -11.807554 7.372955
5 -18.116770 -3.070926 11.189210 -18.213668 34.750988 -18.617901 12.079066
5 13.446646 -10.962096 -9.548819 -8.350442 13.627634 -7.932619 9.719694
5 1.999360 8.213721 -8.178137 -4.351468 18.086552 -4.494263 -11.275765
1 16.608701 -4.243071 1.396799 -3.837205 -4.277493 -3.918694 -1.729036
3 -7.885879 1.560703 46.286282 -17.458654 -3.270637 -17.523440 -1.708374
2 6.538238 17.883808 2.442875 -5.521832 -5.220330 -5.464696 -10.658062
3 -7.262135 -0.113891 34.601517 -8.733703 4.829919 -8.291072 -15.030635
3 -23.038623 -1.683410 65.985050 -18.568490 23.680179 -18.586030 -27.788677
7 3.445598 -1.765097 -4.572894 -0.312365 -5.514750 -0.148759 8.868268
3 -28.172776 6.665657 25.272870 -12.068257 21.264842 -12.055967 -0.906370
3 -20.237688 8.654579 41.450719 -12.485939 -4.928981 -11.653181 -0.799511
3 11.325793 -12.930866 35.516944 -9.883525 3.230906 -10.164281 -17.094970
5 2.010712 -16.849779 21.759279 -31.280362 59.763569 -32.120132 -3.283287
1 0.000000 0.000000 0.000000 0.000000 0.000000 0.000000 0.000000
5 0.140375 -3.520293 0.165765 -0.414989 6.174480 -0.371500 -2.173839
3 0.217874 0.766132 7.907614 -4.952360 7.018196 -4.788107 -6.169348
5 -3.537246 -0.893273 3.901570 -4.778203 13.613075 -4.791076 -3.514847
3 -0.405906 4.122972 33.912904 -12.046579 4.521538 -12.165595 -17.939332
3 14.039518 -8.010459 24.473078 -10.834426 2.569642 -10.538761 -11.698590
3 -8.142971 -10.804080 44.361148 -8.548954 -5.111150 -8.167137 -3.586855
1 22.381111 18.641572 -2.167467 -18.020135 8.547159 -17.797311 -11.584929
5 4.947793 -5.440029 21.432107 -22.584690 47.225077 -22.043607 -23.536651
3 1.879817 -5.427183 3.920462 -1.050513 2.192612 -0.989598 -0.525596
5 -4.132891 -23.985715 32.305245 -16.361008 37.550700 -16.486311 -8.890021
5 -0.407336 -3.190708 13.190195 -12.001711 24.488948 -11.001742 -11.077646
3 24.950228 -25.850553 40.429090 -25.357256 39.822606 -25.089627 -28.904487
3 2.305649 46.382494 67.930451 -38.492629 17.979846 -38.295460 -57.810352
1 49.605733 24.540142 14.493682 -15.653542 -31.315223 -15.474339 -26.196455
1 0.000000 0.000000 0.000000 0.000000 0.000000 0.000000 0.000000
3 -17.936602 -1.272684 49.022214 -11.551762 5.753628 -11.627043 -12.387751
1 24.301906 -12.684336 12.230029 -9.289780 8.799220 -9.460898 -13.896140
7 24.006771 -2.375499 -14.007771 -9.190752 -13.434038 -9.212589 24.213881
5 -3.750448 1.319493 -0.838418 -8.191447 19.342430 -7.532821 -0.348789
3 -2.088922 -27.405605 53.671926 -21.010688 28.973721 -21.142863 -10.997568
5 -18.159864 -0.426523 34.838557 -10.350151 37.924844 -10.710848 -33.116016
3 24.351236 -14.150645 36.246652 -25.443030 22.229031 -25.573674 -17.659572
5 -11.485401 -0.702415 -3.617629 -1.140251 19.264089 -1.519703 -0.798691
1 32.656600 -6.553492 13.688154 -8.624968 -0.871622 -8.256299 -22.038372
7 -11.589727 -12.537988 24.249986 -8.663253 -8.321585 -8.037184 24.899751
5 14.611837 16.071168 -1.175545 -21.912458 49.000617 -22.595225 -34.000395
3 -10.785602 -4.547838 58.314653 -12.488754 8.942935 -10.972670 -28.462722
3 9.097573 -14.735277 30.184708 -15.737135 11.795476 -16.017433 -4.587912
3 20.725413 -3.269188 28.628397 -10.566515 -18.599726 -10.239654 -6.678726
7 -31.675000 -19.040967 22.308133 -8.238128 -6.992287 -7.990108 51.628356
3 3.191911 -13.043145 22.816733 -11.253920 22.621964 -10.908709 -13.424833
3 -12.114291 -26.228732 74.350698 -20.283145 25.436466 -20.201566 -20.959431
3 0.132593 2.787923 44.613825 -15.357216 16.671808 -14.716976 -34.131958
1 21.348269 -5.270625 5.757708 -3.443062 -7.486625 -3.432480 -7.473184
3 -21.402112 15.698196 56.985452 -31.142749 41.849644 -31.399523 -30.588910
3 10.235055 -19.074581 35.545687 -15.166834 25.107825 -15.029784 -21.617369
3 0.813400 -18.711253 46.605763 -13.145184 -4.358369 -13.208307 2.003949
3 4.862886 -6.593788 20.104037 -7.414403 6.608632 -7.896096 -9.671270
1 26.418759 -3.813794 -0.317397 -8.725782 0.821098 -8.640030 -5.742855
3 12.574847 -1.333282 17.737519 -7.956643 8.338573 -7.700755 -21.660259
3 -7.254134 -14.118509 40.966534 -9.857753 2.099741 -9.226642 -2.609238
3 -7.167266 -3.995657 15.191985 -10.204507 7.324470 -11.057527 9.908501
3 3.320897 11.655167 24.340475 -16.861027 18.900176 -16.872795 -24.482894
3 -3.882930 12.065137 31.624148 -21.991465 3.896978 -21.646959 -0.064908
5 1.922616 -10.328584 8.925227 -6.566183 10.810049 -6.643403 1.880279
3 5.843582 -9.462932 26.028292 -4.361276 -16.189367 -3.964060 2.105760
3 27.052320 -13.781142 53.849166 -22.807628 -21.326110 -22.408669 -0.577936
3 -14.507507 -0.659409 37.006395 -21.434144 30.290388 -19.927822 -10.767900
3 -0.943946 6.733528 57.876972 -10.902060 -25.667081 -10.247683 -16.849729
3 -6.603093 3.905254 14.979407 -4.513581 8.767537 -4.268274 -12.267250
3 -10.592216 -15.186584 40.452538 -6.083162 1.918877 -6.457715 -4.051739
3 -13.597767 -5.173842 85.245322 -16.816383 -7.245987 -17.583517 -24.827827
7 9.660637 -30.698904 10.170201 -22.601967 -14.032805 -21.701239 69.204077
3 17.609646 -23.232866 33.891172 -23.784321 25.694023 -24.167465 -6.010190
3 2.848170 -9.272724 18.176557 -5.787687 0.709786 -5.584214 -1.089886
5 -16.502344 -3.495678 25.765151 -8.343337 38.428444 -8.068356 -27.783881
3 -12.383767 -1.508609 26.171695 -5.386418 10.881232 -5.294001 -12.480132
2 5.252498 74.245216 -24.424069 -11.530589 -12.849575 -11.740210 -18.953272
3 -13.237430 0.563461 29.152486 -9.502535 12.790809 -9.560676 -10.206114
1 48.488888 -8.101960 2.447278 -14.248181 3.458752 -14.606432 -17.438344
3 -10.142930 1.588427 8.910070 -3.680904 0.000106 -3.706141 7.031371
7 9.546202 -7.807660 2.566221 -4.567361 -13.900254 -3.959544 18.122395
7 -30.181443 -9.518783 15.420311 -11.111842 3.823394 -10.652832 42.221191
3 -80.412001 -19.696784 75.380701 -24.556393 6.590761 -24.785290 67.479002
5 -5.459439 2.587214 24.474634 -14.688296 29.160119 -14.122788 -21.951444
7 24.603947 -15.051292 -13.634780 -15.207916 -14.354936 -14.525499 48.170477
3 -16.138408 0.368698 66.868715 -25.715183 21.918866 -25.431861 -21.870827
5 12.573779 5.463127 12.465054 -15.915778 15.367854 -15.143699 -14.810337
3 -10.142930 1.588427 8.910070 -3.680904 0.000106 -3.706141 7.031371
3 17.247792 -12.135931 46.410418 -14.033984 -4.712626 -14.068949 -18.706720
3 0.209221 5.582396 8.224556 -5.531660 3.274963 -5.277459 -6.482017
1 22.549059 -10.887274 -12.369599 -8.511375 13.559516 -8.882745 4.542417
3 -18.828402 -8.899827 52.983117 -13.333806 13.375594 -13.115515 -12.181161
3 16.723900 -13.075208 23.429443 -5.768922 -5.019767 -5.878111 -10.411334
3 -11.484406 -10.242975 76.505946 -34.646756 63.999424 -33.418739 -50.712495
5 21.121077 -7.281356 23.732980 -49.671286 70.368207 -47.670525 -10.599099
3 10.860687 4.704792 52.272774 -17.104941 1.375629 -16.522882 -35.586059
3 -13.915748 -21.397803 70.371206 -43.441849 63.713352 -42.671504 -12.657656
3 13.539656 -7.491245 29.866209 -8.180817 3.202096 -7.980969 -22.954931
3 -13.317621 -7.930418 31.756418 -15.358230 2.957992 -15.697160 17.589018
5 -0.971820 -7.520068 11.636153 -12.937646 37.919351 -12.806795 -15.319176
5 12.010878 -8.937713 0.524948 -11.228101 20.297426 -11.524082 -1.143357
1 50.827494 -26.338503 15.232558 -10.023493 -21.971242 -10.215096 2.488284
3 -0.239148 -10.809093 67.975668 -14.960948 -8.105874 -14.411627 -19.448978
7 -1.587173 -10.606123 15.174150 -4.567361 -14.496171 -3.959544 20.042220
3 -23.916772 3.815808 32.463348 -13.961113 -7.249003 -12.887347 21.735078
1 0.000000 0.000000 0.000000 0.000000 0.000000 0.000000 0.000000
1 33.280844 -0.947214 10.811860 -16.829955 10.770235 -16.010690 -21.075079
3 30.692924 -11.261782 64.652489 -19.437269 -3.696617 -19.170785 -41.778962
1 25.055114 -12.524288 14.027648 -8.076980 -0.697860 -8.130476 -9.653160
3 -9.659944 -5.891715 32.958470 -9.899999 26.802846 -9.562276 -24.747383
5 -6.102216 7.290760 -1.136716 -0.829977 8.755770 -0.676382 -7.301239
5 2.124175 -5.677956 16.163656 -14.011073 31.534178 -14.470927 -15.662055
5 10.655144 13.949000 -8.892910 -18.282673 38.456078 -18.562767 -17.321873
1 30.399681 11.731350 -24.258067 -4.050919 -4.608344 -3.985296 -5.228406
3 14.822161 -12.765733 54.593174 -22.306078 26.651526 -21.353319 -39.641731
3 -3.685594 -4.030456 31.435014 -3.953908 -8.699647 -3.562866 -7.502543
1 24.428070 0.774119 -41.212011 -5.492103 21.942176 -5.996683 5.556431
