5 -7.224609 -10.626075 18.546802 -15.905494 47.023872 -16.118743 -15.695753
3 15.783015 -6.046061 35.893960 -9.634483 -16.399930 -9.734223 -9.862280
5 -15.452823 1.746938 14.102033 -27.222101 63.586268 -27.555068 -9.205246
1 34.145283 -5.117898 -3.498020 -10.992296 3.103025 -10.842995 -6.797098
1 74.587474 3.234631 -8.053734 -33.533290 36.392233 -34.040188 -38.587127
1 18.665220 -4.463349 7.998986 -14.607485 11.980467 -14.114917 -5.458922
5 3.916039 -4.610602 -0.907841 -14.992171 40.117815 -15.312329 -8.210910
1 51.264359 -24.484239 -20.512353 -16.484399 46.064980 -16.487364 -19.360986
1 38.726625 -7.029940 6.682336 -17.330163 19.338876 -16.940279 -23.447456
5 -4.842653 -11.708434 36.275678 -22.007954 51.109457 -22.173706 -26.652385
3 -4.259356 2.792291 20.978563 -10.776010 2.616333 -11.142340 -0.209481
3 20.060249 -9.255582 41.034495 -29.477014 36.943159 -29.150258 -30.155051
3 0.762488 -11.375908 84.430766 -22.769088 -2.252553 -22.851698 -25.944012
2 -30.637730 32.300422 12.661080 -10.103679 23.975673 -10.348813 -17.846952
5 -3.601998 -10.205019 15.319627 -16.153764 38.816511 -16.404984 -7.770372
1 8.935807 -1.107868 -4.895840 -5.881320 2.256539 -5.580844 6.273527
3 5.697608 10.868321 53.316743 -20.116693 1.311937 -21.066660 -30.011254
5 -30.236022 -6.254056 12.214486 -14.694395 62.608036 -15.141150 -8.496899
5 -5.532346 5.545192 17.725693 -20.529609 38.026505 -20.489549 -14.745887
1 26.195598 -1.292743 -3.090136 -12.007242 12.063481 -12.515600 -9.353358
5 -11.577132 -14.005575 -0.917917 -16.140836 57.398687 -16.659189 1.901963
5 9.966736 -2.423418 -11.564171 -14.863728 51.492569 -15.001163 -17.606827
1 11.722725 -7.520176 5.041625 -2.295286 -2.039962 -2.407193 -2.501733
3 10.731791 -0.540148 15.581517 -0.934356 -22.218027 -1.126000 -1.494775
3 -28.059350 0.216505 34.049708 -11.615723 24.143055 -11.754632 -6.979563
5 -6.997251 0.862371 9.284609 -20.838123 57.499969 -21.134779 -18.676797
7 -10.052261 3.530105 5.327198 -14.194595 6.553741 -14.740790 23.576605
5 -8.440187 -2.158507 -3.690831 -4.037453 14.755002 -4.236629 7.808606
3 -0.405647 -10.037392 25.774200 -6.333840 -8.077204 -6.256526 5.336408
7 24.370858 -7.912597 -23.979109 -7.837224 -17.490024 -8.145416 40.993511
3 -0.368673 5.070958 24.954530 -7.449676 -6.724631 -7.375650 -8.106858
5 -5.445605 -14.023416 9.509058 -6.194636 25.602315 -6.103199 -3.344519
1 16.694553 -2.456977 3.129206 -1.191872 -13.198137 -1.344764 -1.632009
3 -0.025408 -11.456205 43.279379 -13.340724 1.601902 -13.594196 -6.464749
1 71.889854 1.661859 26.511630 -28.244525 -18.845305 -29.529667 -23.443845
3 18.255392 -4.045885 27.767800 -15.974971 12.127842 -16.510087 -21.620090
1 78.527183 -23.929420 -23.878418 -18.129040 18.731246 -18.634688 -12.686865
5 -8.671328 -8.853006 2.412057 -5.009186 28.096624 -5.186837 -2.788325
5 -24.591686 5.471922 10.141165 -12.093579 28.614128 -12.081983 4.540032
1 26.232965 -12.295518 21.193003 -10.471351 -0.273888 -10.018580 -14.366631
5 19.919653 0.893399 -29.302084 -13.520692 43.479042 -13.646495 -7.822824
1 11.483257 0.030960 11.034457 -3.537028 -18.305600 -3.553619 2.847572
5 -4.350798 -11.629900 21.191494 -24.017264 65.195778 -23.976425 -22.412885
5 -2.498585 7.200387 -29.810534 -10.519507 48.073268 -10.286748 -2.158281
5 -6.879070 7.493676 13.588734 -11.788036 21.062651 -11.720171 -11.757783
5 -1.656202 10.765617 -12.192313 -23.077261 72.275465 -23.235319 -22.879986
1 13.281818 2.055194 -5.806998 -7.027303 12.260867 -6.905248 -7.858330
5 0.079010 14.305132 5.479153 -15.235545 32.160959 -15.265281 -21.523426
2 0.812497 5.154676 -4.336973 -0.526476 -5.329007 -0.459701 4.684983
3 35.988607 -22.367555 54.980360 -25.483921 -1.273468 -26.289267 -15.554753
3 19.695207 -20.073510 32.221309 -17.998897 10.329528 -18.137445 -6.036194
5 18.272024 -31.109847 -4.264848 -18.077427 55.920994 -18.653498 -2.087398
3 -9.744014 -11.321045 60.658755 -9.609545 -21.109591 -10.384355 1.509795
5 3.635395 -10.862883 -2.297545 -6.190130 26.371563 -6.447277 -4.209123
5 -10.317562 9.805114 18.717989 -12.487094 22.682726 -13.095212 -15.305961
3 21.311610 -1.515190 57.675703 -18.518745 -12.515768 -19.217363 -27.220248
5 25.931616 -5.831347 1.017942 -15.671985 26.978238 -15.798378 -16.626085
3 -8.462743 -2.919562 19.808381 -11.121963 17.237180 -10.894877 -3.646416
5 1.472819 -11.504062 3.602311 -10.519462 36.674139 -9.922608 -9.803138
1 63.895281 -17.785216 -7.322340 -11.097392 -6.534727 -10.916786 -10.238820
5 21.013345 -18.457933 -1.417308 -14.423556 37.443920 -14.379693 -9.778773
5 -17.731368 17.769582 10.702271 -15.642697 37.228961 -15.773296 -16.553452
5 8.665264 -14.241710 20.371690 -17.332297 25.108049 -17.286034 -5.284961
5 -1.806845 4.069726 -12.582116 -6.126023 13.421344 -6.202299 9.226213
1 44.848120 -8.080439 4.769095 -21.263049 22.352844 -21.125595 -21.500975
3 -17.086483 -14.677776 44.495272 -13.284003 20.132648 -13.599465 -5.980195
3 -6.796982 -21.993715 73.858731 -15.243548 6.232678 -14.848154 -21.209011
3 -1.450430 -9.104580 40.149323 -5.516811 -13.259050 -5.485281 -5.333172
5 20.636538 -13.432635 -14.524852 -21.479315 42.265866 -21.526267 8.060665
3 4.359549 -8.375537 32.249004 -4.871057 -16.175357 -4.875432 -2.311169
5 -9.601044 -2.981810 21.811854 -26.323283 50.678969 -26.296732 -7.287953
5 8.298781 -10.020824 -23.820158 -16.063075 56.503724 -16.487853 1.589406
5 -7.718392 -2.535657 12.507115 -6.832079 15.833488 -6.965979 -4.288495
5 5.599609 3.547913 0.167989 -8.867051 23.233826 -9.038392 -14.643893
5 16.011457 -20.103359 -9.395665 -10.580565 31.980174 -10.778472 2.866431
5 8.084537 -17.857828 14.345528 -10.396375 26.047779 -11.160162 -9.063479
5 -3.361826 -12.977087 22.376277 -24.468967 64.924067 -24.515808 -21.976654
5 23.534613 -20.657327 -29.619187 -28.572644 99.364431 -28.186741 -15.863146
5 25.831386 -9.976363 -13.107803 -20.621159 60.277546 -20.625474 -21.778130
1 30.353441 -11.704068 5.164921 -8.493532 -9.925911 -8.769893 3.375042
3 14.277359 -8.334528 33.656599 -19.626222 19.950929 -20.107235 -19.816898
3 18.177762 3.544284 39.722542 -19.303521 -6.601785 -20.409584 -15.129699
5 8.539891 5.787370 11.167044 -21.038095 44.023367 -21.891749 -26.587826
1 23.530857 -7.562987 7.415105 -8.811625 5.320629 -8.416413 -11.475565
3 33.558469 -38.105855 57.780923 -20.193667 2.517034 -20.621069 -14.935833
3 23.307735 -22.348922 60.176478 -11.659174 -30.697355 -12.029743 -6.749020
5 12.022280 -16.987693 17.047724 -12.636132 21.569041 -13.138748 -7.876470
1 14.742635 3.030917 3.434798 -11.198235 8.503124 -11.139102 -7.374136
3 -2.043491 12.335272 65.946268 -31.496161 2.848244 -32.347246 -15.242885
1 0.000000 0.000000 0.000000 0.000000 0.000000 0.000000 0.000000
5 -23.815367 9.538148 4.369776 -7.550026 24.415490 -7.658712 0.700692
5 8.253666 1.725229 -6.756029 -4.205541 9.843532 -4.038354 -4.822502
3 -11.339602 -20.816386 59.181751 -14.581675 21.642501 -14.944155 -19.142437
5 -22.616024 -28.995995 52.960473 -27.388048 54.026389 -28.188389 0.201600
5 -1.557337 -1.891388 -1.784454 -11.491318 41.584594 -11.601262 -13.258835
3 -13.266233 -11.617658 68.178940 -12.483268 5.030937 -12.401230 -23.441490
5 -26.702064 -14.491248 36.219757 -25.634033 74.302415 -26.720213 -16.974612
5 -4.250056 6.251797 -18.566411 -0.784277 20.080538 -0.880511 -1.851080
5 -4.236883 -25.079920 0.081433 -20.468440 94.841782 -20.389901 -24.748071
5 26.401394 -25.723038 -18.718043 -19.245489 48.671585 -19.499432 8.113024
5 -9.559313 6.230989 6.627370 -9.197608 25.142133 -9.488307 -9.755263
5 6.005796 8.293489 9.582942 -30.902630 66.137542 -31.339782 -27.777354
1 47.625799 -24.538435 14.141666 -18.813932 6.121596 -18.995391 -5.541304
1 0.000000 0.000000 0.000000 0.000000 0.000000 0.000000 0.000000
1 17.655278 -3.014198 -28.041610 -0.948322 4.997919 -0.859827 10.210760
5 8.663365 1.971540 -4.578232 -6.564148 11.301983 -6.629522 -4.164988
3 -16.286168 -0.344827 30.746810 -10.922184 19.826902 -11.267896 -11.752638
5 7.319939 -9.384562 20.070727 -19.601238 29.398826 -19.463444 -8.340246
5 -23.068719 15.820395 7.821311 -13.198575 35.762777 -13.671137 -9.466052
5 -1.018072 3.027297 -22.882783 -13.697333 68.489743 -13.476452 -20.442398
1 13.869475 1.456777 2.465392 -6.383909 -0.015539 -5.857528 -5.534667
5 30.602456 -17.514498 17.230792 -24.361154 44.367512 -24.714450 -25.610657
1 56.890361 -25.509517 25.676062 -14.591640 -27.786999 -14.176998 -0.501269
5 18.285080 -30.313177 9.854331 -22.111894 70.538859 -22.425391 -23.827806
3 -2.405840 0.843853 6.109497 -2.561203 -0.860349 -2.743426 1.617469
1 29.657334 7.896096 -6.666676 -9.820560 -1.867060 -10.311600 -8.887533
1 0.000000 0.000000 0.000000 0.000000 0.000000 0.000000 0.000000
1 54.532853 -35.709532 21.875158 -24.025949 4.413435 -24.397505 3.311541
5 -23.467228 -29.656360 39.477725 -20.655613 41.919473 -21.161411 13.543416
3 22.212151 -20.132830 61.119140 -30.104802 28.507460 -29.546885 -32.054234
1 39.175375 -3.686765 2.531279 -5.941185 -23.341039 -6.132911 -2.604752
1 65.929829 -17.348170 55.662166 -26.170710 -32.295523 -26.579816 -19.197776
3 -3.872751 7.955116 11.615522 -5.806611 1.297831 -5.876748 -5.312360
5 9.135270 0.043226 8.562561 -11.221854 17.057040 -10.949154 -12.627090
5 -3.884849 -35.189596 6.534531 -26.414274 88.693867 -26.176907 -3.562771
1 44.734491 -27.265605 14.277821 -12.385961 2.484262 -12.895484 -8.949526
5 -5.644328 -17.351631 -17.244214 -14.718957 76.228071 -14.710584 -6.558357
5 8.317789 -10.033655 -0.967124 -5.336999 15.755696 -5.478184 -2.257523
1 99.580149 -4.500487 -37.767342 -32.522627 41.857796 -32.212727 -34.434762
3 -3.536265 -12.804069 30.380894 -11.831735 18.265214 -11.789337 -8.684700
5 -4.329124 -32.655781 -9.979845 -26.276875 83.589183 -26.820944 16.473387
5 7.197806 -19.121963 11.566107 -10.406329 23.885459 -10.348171 -2.772909
3 -28.163172 2.987725 46.632386 -17.800600 35.683934 -17.870193 -21.470079
3 -45.297360 6.621077 71.661227 -30.280203 33.400391 -31.201087 -4.904043
3 -7.961578 -4.723465 32.936240 -10.423945 2.858924 -10.558443 -2.127734
1 23.035829 3.077572 21.222115 -16.201900 8.362411 -16.270539 -23.225486
5 17.013529 -6.752413 1.364958 -11.458377 26.751433 -11.582683 -15.336450
3 -12.567592 -15.303679 56.631782 -11.807947 -6.173515 -12.165892 1.386845
5 -17.238335 13.834293 -21.885015 -6.693745 35.698527 -6.571323 2.855597
1 8.237031 6.476277 -13.962646 -1.718348 4.840742 -1.804465 -2.068592
1 80.139699 -10.782252 18.124422 -16.579590 -35.595516 -17.023258 -18.283504
3 -13.982272 -0.760447 42.457435 -25.661944 42.299439 -26.135282 -18.216925
3 0.511193 -19.389838 29.853733 -9.394426 12.658725 -9.864134 -4.375251
5 18.689610 -5.004235 -2.595450 -25.419525 52.373991 -25.345576 -12.698811
1 85.668275 -33.782701 12.467589 -34.269489 5.651019 -34.312454 -1.422241
5 0.000000 -0.089207 -5.649263 0.000000 5.738470 0.000000 0.000000
5 -10.900380 0.821020 18.276808 -12.230316 31.024673 -12.755338 -14.236466
3 8.979013 -18.989493 48.311638 -11.921238 -2.373451 -12.109381 -11.897087
3 -15.658994 -14.395741 92.439565 -34.151358 37.463718 -33.668742 -32.028447
5 20.162323 -8.703835 -19.931009 -5.500889 25.077449 -5.661634 -5.442406
3 -3.112762 1.852103 25.414335 -20.176651 11.332177 -20.016181 4.706976
3 49.090410 -42.079763 62.069182 -32.617116 22.718461 -32.443687 -26.737487
3 17.672765 -18.469424 65.891304 -13.037447 -27.647545 -13.534119 -10.875535
5 -11.322521 4.562256 14.924232 -11.094971 22.784510 -11.100260 -8.753247
3 -3.674689 -9.418310 27.066693 -3.118042 -6.623463 -3.374201 -0.857987
5 6.143519 -21.144566 17.103770 -14.533226 39.169526 -14.552666 -12.186355
1 36.100954 4.769634 4.661657 -12.446706 -16.447690 -13.114073 -3.523777
5 -5.050142 7.893398 -10.878559 -0.526476 9.458062 -0.459701 -0.436583
5 0.297599 -6.221607 -8.335844 -4.155210 27.016479 -4.219829 -4.381588
5 -14.750285 -16.238338 7.591272 -12.107346 49.894426 -11.738121 -2.651607
5 18.906396 3.704321 -11.023100 -11.868471 21.620115 -11.577521 -9.761737
5 -5.244161 -4.181451 -17.334027 -14.881785 61.027567 -14.452945 -4.933196
1 11.806070 6.103383 -12.877172 -4.763236 4.514525 -4.498055 -0.285514
3 30.079479 7.308889 42.920842 -32.952529 7.820131 -33.424694 -21.752114
3 8.419580 -16.905250 61.082066 -13.934795 -7.364218 -14.328672 -16.968714
1 46.566508 -10.199731 -47.689582 -20.797208 40.727979 -21.019880 12.411912
1 20.674195 -12.206632 7.845282 -4.704188 -11.983161 -4.958960 5.333465
1 20.181803 8.598640 10.283261 -8.915761 -5.451676 -9.384853 -15.311416
5 7.807047 -30.428936 12.927727 -12.811667 44.494884 -12.931531 -9.057522
5 -14.060981 24.084629 0.038116 -22.652140 45.911170 -22.511605 -10.809188
1 34.625907 -1.448341 -17.757522 -1.191872 -11.126781 -1.407073 -1.694319
3 -28.388595 7.136624 52.443839 -10.449941 -4.883945 -10.503873 -5.354108
1 12.139431 -2.095108 -6.434591 -1.334745 0.950553 -1.171888 -2.053651
5 14.666236 -17.110145 -32.798921 -11.092722 57.179200 -10.884971 0.041323
5 -0.018943 -11.709467 7.227782 -11.425312 29.177266 -11.645512 -1.605814
5 -16.011608 18.543816 16.372503 -16.987519 32.416312 -17.390274 -16.943226
5 -9.603304 -8.744619 3.990663 -8.248619 25.016013 -8.275436 5.865304
3 10.657054 -29.287092 32.122571 -12.242996 17.209836 -12.598582 -5.860792
3 -6.254237 -17.477255 57.449856 -10.867222 1.617718 -10.886485 -13.582377
5 17.010380 -20.195872 -12.161767 -12.258296 38.689300 -12.742706 1.658959
3 1.441352 3.426985 10.966170 -2.648993 -10.753839 -2.824082 0.392406
1 31.662622 -19.633159 16.845985 -14.704369 5.891913 -15.286152 -4.776839
5 -13.089310 -9.844542 9.425733 -8.248619 25.016013 -8.275436 5.016163
5 29.217755 -48.478871 31.937784 -24.715254 48.222317 -24.965928 -11.217798
5 21.918261 16.152845 -30.146042 -14.355454 22.083053 -13.739845 -1.912817
1 59.226925 -5.972465 25.032373 -18.658275 -28.727102 -18.882592 -12.018866
3 41.996950 -32.450965 49.526968 -34.858205 32.114582 -34.730039 -21.599289
5 32.489784 13.700226 24.577399 -33.196809 39.623606 -33.114507 -44.079700
1 31.665687 -0.070623 -18.675211 -11.157055 20.858375 -10.597693 -12.023479
3 12.106003 -1.500839 26.207416 -8.115072 -6.012945 -8.260713 -14.423850
3 18.364030 -30.205534 55.235861 -20.008505 -5.915598 -20.554792 3.084537
1 8.054318 4.796663 -6.481360 -4.732017 2.997970 -4.498055 -0.137518
1 52.239036 -17.604929 6.370958 -14.545966 1.786177 -14.894506 -13.350771
5 -6.072014 -15.488274 13.776210 -10.512685 25.467827 -10.682630 3.511567
5 5.759264 -5.548429 -17.481086 -7.480161 30.543582 -7.430870 1.637702
3 7.236955 -16.891250 34.819212 -8.729990 -8.208526 -8.728581 0.502179
5 -6.147593 -2.418240 -13.705562 -5.687416 29.242986 -5.532010 4.247836
3 -3.620051 3.287946 22.577337 -9.601367 13.457800 -9.103137 -16.998528
3 -15.946836 -14.889962 52.215916 -13.564387 16.057587 -13.810597 -10.061719
1 10.206802 -6.146234 8.723730 -3.036190 -6.063756 -2.774055 -0.910297
3 21.932616 -10.589515 22.042416 -9.536523 -11.882019 -9.383603 -2.583370
2 -18.262288 17.058076 -8.159494 -8.398289 10.696616 -8.174399 15.239776
5 -11.345863 0.821020 16.747192 -12.130243 31.495985 -12.498656 -13.089434
1 155.759273 -31.635475 -23.285780 -39.639894 20.226151 -40.388433 -41.035840
5 -6.860167 9.537371 0.410110 -5.327159 16.186962 -5.011269 -8.935847
1 18.296410 -0.409504 -8.435534 -0.211766 -8.182693 -0.390721 -0.666190
3 -18.500121 -24.491281 58.620901 -11.292552 0.637591 -11.324530 6.349992
5 -6.147593 -2.418240 -13.705562 -5.687416 29.242986 -5.532010 4.247836
5 1.377425 -16.066381 0.791560 -17.291837 62.538476 -17.350723 -13.998519
3 1.441352 3.426985 10.966170 -2.648993 -10.753839 -2.824082 0.392406
1 105.324380 -4.233770 20.562350 -42.255766 4.846837 -41.533044 -42.710987
5 -5.436305 -1.766015 2.842828 -4.845800 21.248310 -4.825057 -7.217962
3 -16.172221 -11.739369 68.827507 -21.594647 15.618525 -22.389091 -12.550701
3 -25.918562 -8.258608 52.362717 -16.344791 20.057386 -16.700546 -5.197594
5 6.302816 -1.755734 -4.102253 -15.388401 38.911632 -16.020862 -7.947196
3 -9.240099 -14.540622 58.513611 -23.002576 25.887181 -23.379722 -14.237770
5 -0.089190 -13.672175 -23.262975 -11.242815 60.353325 -11.465206 -0.620965
3 -19.895348 -18.347730 47.416413 -14.275202 26.642945 -14.328419 -7.212659
5 -4.547733 -5.944524 1.500739 -1.701444 15.026373 -1.602167 -2.731244
5 13.446722 -7.902864 2.993905 -15.395922 41.190614 -15.861340 -18.471116
1 62.914399 -21.922388 -1.532317 -19.459960 19.514549 -19.382892 -20.131392
1 13.271003 -1.073281 -8.445440 -1.648842 1.266794 -1.826689 -1.543545
3 0.534810 -19.152664 42.807742 -11.921238 11.675510 -12.109381 -11.834778
5 10.168180 -17.823935 26.843393 -34.613951 59.454273 -33.974675 -10.053286
2 -11.090742 16.252533 -5.479761 -1.006328 3.755849 -1.039312 -1.392239
1 0.000000 0.000000 0.000000 0.000000 0.000000 0.000000 0.000000
1 5.627046 -1.946316 -4.088480 -0.858749 -3.510270 -0.771245 5.548014
1 70.376104 -18.892584 -5.138770 -18.938844 9.468248 -18.700486 -18.173668
3 9.522051 -11.226120 38.623791 -12.753821 -5.710997 -12.833478 -5.621424
3 -1.578095 -16.461687 22.696270 -4.825269 6.055670 -5.150619 -0.736269
1 0.000000 0.000000 0.000000 0.000000 0.000000 0.000000 0.000000
5 -2.631838 -1.012616 -1.935552 -0.385625 8.385328 -0.245530 -2.174168
2 2.152635 25.418609 -18.900776 -13.615548 18.357758 -13.550285 0.137607
3 -8.137073 8.922441 13.817091 -6.634079 4.053415 -6.902540 -5.119254
2 -11.327231 31.204268 2.196939 -12.565953 20.947327 -12.737508 -17.717842
5 -20.090726 -4.913111 2.967475 -3.468154 17.139290 -3.634578 11.999804
1 56.618454 -13.372487 8.222070 -13.462557 -20.200795 -13.389288 -4.415398
3 7.749519 -15.724717 43.695885 -31.311050 38.575898 -31.323143 -11.662387
1 32.674903 -11.648481 10.860094 -11.472694 -7.891993 -11.225545 -1.296285
3 5.324487 -13.767359 30.787571 -8.109859 2.797304 -8.048151 -8.983994
5 -11.213264 5.152274 1.821785 -5.969505 25.374403 -5.796469 -9.369225
3 -5.964134 -14.228296 65.104910 -8.596217 -20.439690 -8.667781 -7.208795
3 -4.515366 -4.919484 32.324161 -15.973006 29.557684 -16.630930 -19.843059
3 2.474086 -5.286397 62.250314 -33.303647 51.377604 -33.638769 -43.873189
3 14.308255 -18.399905 68.374383 -14.271918 -19.583983 -14.763037 -15.663799
1 27.704053 -0.862222 5.904106 -5.017270 -18.917815 -4.904157 -3.906693
3 -11.961565 -4.759359 24.513889 -5.648881 1.004116 -5.946553 2.798354
1 67.391723 -25.224422 17.279794 -21.678199 -11.284447 -22.412765 -4.071682
2 -11.090742 16.252533 -5.479761 -1.006328 3.755849 -1.039312 -1.392239
5 5.162895 -17.595189 14.990928 -15.543913 24.273207 -15.685345 4.397420
5 4.499795 -21.628147 -1.681983 -10.683510 44.106463 -10.889370 -3.723248
1 50.261449 -9.117437 26.457029 -12.395715 -31.348082 -12.926923 -10.930325
3 19.551646 -14.664763 29.613270 -6.868578 -24.595233 -7.359271 4.322931
5 -8.764705 -12.121764 31.645157 -26.571182 69.907504 -25.813738 -28.281271
5 -25.891446 1.397278 3.602743 -4.253869 23.844038 -4.300793 5.602048
3 -11.171436 -2.497484 16.548450 -8.755838 16.449984 -8.846625 -1.727050
5 -15.891857 2.778271 19.669155 -10.853330 27.129192 -11.179314 -11.652117
5 7.678993 2.991262 -27.174117 -11.885764 40.840433 -11.490693 -0.960113
1 27.065115 -6.172963 15.401074 -8.501825 -7.096949 -8.394730 -12.299723
5 -22.734634 3.942828 6.909206 -9.035805 38.909850 -8.883822 -9.107622
5 5.627874 -24.616315 12.127219 -16.523202 38.015460 -16.853424 2.222389
3 -3.522990 -19.764852 59.742060 -16.230417 6.544096 -16.242581 -10.525319
5 -1.858204 -30.539893 40.284613 -23.437887 40.830944 -23.652512 -1.627062
1 33.312152 -12.423227 -6.348258 -7.528370 8.138837 -7.931146 -7.219987
5 -6.085692 -21.113653 6.634176 -12.178932 35.168289 -12.107632 9.683446
1 88.478598 -25.140686 49.097355 -24.644027 -37.837310 -25.171957 -24.781973
3 2.970677 -3.253303 16.239783 -9.206382 15.532929 -8.674720 -13.608983
3 -17.120460 -27.293191 67.099445 -12.352329 0.047363 -12.552686 2.171858
1 10.079675 -6.743655 7.269881 -2.772815 -2.578207 -2.698570 -2.556309
1 34.567567 -7.246313 5.139443 -8.340058 -3.911608 -8.139183 -12.069850
5 6.536238 -6.721318 31.463175 -27.135122 47.086805 -27.185306 -24.044469
5 -0.069546 -14.037110 3.827760 -11.251179 48.091250 -11.178591 -15.382584
1 46.842448 -2.254909 -21.266022 -17.704020 22.199925 -17.275185 -10.542237
1 93.985916 -14.025981 1.958075 -28.132164 -5.024937 -27.593975 -21.166930
3 2.287188 2.471092 45.954677 -22.474384 30.502468 -22.048340 -36.692702
5 -2.387083 -7.618784 3.505159 -14.589674 54.928072 -14.824415 -19.013275
3 2.470708 -17.931280 46.826361 -14.286822 5.380949 -14.360106 -8.099807
1 61.954952 -14.713196 6.616531 -22.630878 11.352308 -23.259550 -19.320168
5 -5.050142 7.893398 -10.878559 -0.526476 9.458062 -0.459701 -0.436583
3 19.737731 -3.030221 25.473345 -19.752413 16.633601 -19.388980 -19.673060
1 23.379867 5.588318 -13.452820 -7.675298 11.602613 -7.693792 -11.748888
3 -13.844945 1.279930 62.181454 -10.347100 -18.903565 -10.491141 -9.874634
5 42.379189 -41.068733 16.638295 -34.235563 80.995232 -33.921550 -30.786868
3 14.660801 -18.365936 28.421703 -10.208056 0.316284 -10.353616 -4.471179
5 8.040530 -5.651188 -20.461947 -8.463088 27.181101 -8.151627 7.506220
5 -13.289896 8.661215 22.312851 -20.307553 46.358030 -20.203129 -23.531516
5 18.120499 6.051492 2.378494 -22.363813 23.671213 -22.249202 -5.608682
5 3.575458 -7.852014 -0.384368 -16.292193 43.432203 -16.497679 -5.981405
2 4.394853 24.238909 -1.878147 -8.068983 -2.412557 -8.523831 -7.750243
5 0.170422 -22.602967 5.364335 -16.548594 58.412254 -16.943390 -7.852059
5 3.467775 -4.963741 -42.228007 -16.670781 93.613531 -17.080840 -16.137940
5 3.428874 -5.673273 -9.341624 -10.568424 44.415179 -10.611080 -11.649652
1 104.250082 -49.009167 72.058772 -49.424419 35.274189 -49.758828 -63.390632
1 37.630795 2.650064 -12.349507 -1.930075 -26.242551 -1.720170 1.961445
5 -1.142135 -0.769642 -2.470068 -0.369221 5.810729 -0.662101 -0.397563
1 39.832173 -12.040081 -15.974761 -8.212373 12.562398 -8.079404 -8.087952
3 4.862077 -16.360034 16.729100 -7.898201 11.528723 -8.221610 -0.640054
1 51.531621 -3.860430 4.839797 -24.429815 26.437416 -25.108696 -29.409893
1 24.357337 -17.485443 -4.636373 -9.168399 20.361613 -9.402667 -4.026067
3 -3.268257 -8.252720 37.882436 -16.945740 20.926949 -17.157400 -13.185266
5 -1.385006 -2.990988 -28.323434 -7.274734 55.685554 -7.242400 -8.468992
5 8.797480 -40.381734 58.958597 -31.453580 60.297599 -31.940565 -24.277799
3 -1.450430 -9.104580 40.149323 -5.516811 -13.259050 -5.485281 -5.333172
1 51.994198 -23.626365 22.210970 -13.534234 -12.762247 -13.577158 -10.705165
3 -12.073853 -2.340021 41.280336 -15.146441 7.960121 -15.298879 -4.381261
3 -20.700841 5.617524 44.772082 -25.009846 40.395084 -24.687914 -20.386091
3 6.659664 -22.586693 42.651224 -20.736971 17.077996 -21.389418 -1.675799
3 -31.295534 -10.214462 84.578329 -29.761229 28.410277 -29.536907 -12.180477
5 -8.671328 -8.853006 2.412057 -5.009186 28.096624 -5.186837 -2.788325
3 -13.224635 -5.885313 49.322716 -12.397946 7.398325 -12.509325 -12.703821
1 51.617215 -31.627964 -12.391694 -18.322799 29.071868 -18.498871 0.152245
3 -26.866852 -10.065549 55.201800 -12.830283 6.121095 -13.168869 1.608658
3 -14.912073 27.350119 50.913893 -30.094499 38.010954 -30.517605 -40.750785
1 7.188360 -3.231788 -5.025958 -5.474528 5.854628 -5.672598 6.361884
3 1.995817 -6.326379 14.736472 -2.561203 -6.718750 -2.743426 1.617469
5 -15.789775 -15.464758 6.041560 -12.701835 56.751306 -12.672247 -6.164251
5 15.552981 12.004290 -22.452191 -7.197807 19.132230 -7.306175 -9.733328
1 47.932208 2.334746 -36.840343 -12.372828 21.650172 -12.057733 -10.646221
5 -11.554824 -12.919576 -3.476035 -15.017794 41.276214 -14.958953 16.650971
3 -6.274130 -14.779352 50.475550 -14.109789 21.121968 -13.824678 -22.609571
5 -2.851148 0.237255 23.272081 -13.070971 26.434991 -13.604682 -20.417527
1 7.497473 -6.794871 -3.380968 -1.334745 2.117084 -1.171888 3.067915
3 16.409177 -11.467539 59.906213 -34.833204 49.696699 -35.042449 -44.668897
7 5.702965 -2.219936 -2.462797 -4.659243 -0.129210 -4.740867 8.509086
1 34.877757 -17.174501 28.720142 -17.800661 -3.105701 -17.776860 -7.740175
5 -2.711062 -10.803297 6.928263 -6.365795 18.753736 -6.640149 0.838304
1 34.119092 -7.181260 14.255209 -17.023097 9.754264 -17.545903 -16.378305
5 -0.432049 -0.541995 14.350415 -9.838830 17.800941 -9.764396 -11.574087
5 43.655090 -58.872151 44.197265 -36.241749 65.611146 -36.907627 -21.441970
2 -11.090742 16.252533 -5.479761 -1.006328 3.755849 -1.039312 -1.392239
3 -18.230639 6.378311 44.586570 -8.509418 -11.763365 -8.665516 -3.795944
5 10.355640 -8.453200 22.014917 -31.350619 56.686626 -31.883503 -17.369860
1 17.934736 -5.123928 1.365409 -9.060624 8.983372 -8.793606 -5.305359
1 16.461052 -13.347779 8.401923 -9.042443 2.934974 -9.423738 4.016012
1 49.101293 -23.143811 44.908827 -28.310360 15.760781 -28.069706 -30.247027
5 -4.805579 -40.474282 57.318467 -35.603182 71.412301 -34.711747 -13.135976
5 0.377800 0.817549 -7.929833 -12.382001 48.155715 -12.471519 -16.567711
5 13.662098 -6.097046 4.473154 -15.048486 25.341013 -14.943291 -7.387442
3 -6.941717 -7.426302 23.131295 -2.561203 -4.226973 -2.743426 0.768327
1 15.187824 -12.826161 2.800546 -5.773437 12.922329 -5.693804 -6.617297
5 1.475768 -27.264984 19.021721 -10.979297 26.592620 -11.400048 2.554223
5 15.748756 -19.359428 9.960967 -16.084050 31.875778 -15.777721 -6.364301
3 -8.072997 1.837097 33.416010 -13.075336 18.066906 -13.726451 -18.445227
5 -1.187010 -21.466141 36.545785 -19.500454 49.884104 -19.816066 -24.460217
1 46.396078 -1.476228 -11.726297 -19.878816 15.360059 -19.202835 -9.471962
5 1.584677 -2.721399 13.999678 -19.417172 52.561143 -20.074675 -25.932251
3 24.523302 -17.913103 76.274269 -28.488249 0.456784 -29.150719 -25.702283
5 -36.053093 30.325631 24.427278 -20.492493 49.731652 -21.013389 -26.925585
5 0.273676 -13.535068 4.284434 -16.026593 55.748469 -16.189114 -14.555803
5 34.996848 -11.877320 -19.641547 -24.130939 69.446384 -24.620897 -24.172529
3 10.199455 -2.392371 13.935659 -11.160192 13.413460 -11.323009 -12.673002
5 26.580135 -17.687563 -23.232765 -9.175508 40.350999 -8.957920 -7.877377
3 28.994624 -1.650334 43.164911 -20.277531 -12.502134 -20.298986 -17.430554
3 -0.264338 -8.812680 25.895136 -11.579380 11.322426 -12.143677 -4.417488
5 6.311149 -14.177124 -17.248094 -6.818874 32.154278 -6.971840 6.750505
1 77.293697 -22.170429 -2.801093 -12.988269 -26.354797 -12.680808 -0.298303
3 -25.173280 -0.958274 26.516482 -2.851781 3.478306 -3.116031 2.104578
5 -24.829261 -30.170114 40.037251 -18.768393 64.260499 -18.829451 -11.700532
3 -11.961565 -4.759359 24.513889 -5.648881 1.004116 -5.946553 2.798354
5 -7.875865 -0.907680 -1.173804 -8.176460 38.312183 -8.433164 -11.745210
3 -17.397269 -2.882016 39.957622 -8.568732 1.653909 -9.097683 -3.665828
1 71.557001 -20.705212 49.959695 -15.789550 -52.217133 -15.976565 -16.828238
1 56.494657 -20.747616 3.898251 -18.177400 4.442668 -18.263744 -7.646815
3 -7.263701 -11.859143 43.032134 -11.645304 6.395818 -11.988865 -6.670938
5 17.940527 -26.720201 20.379371 -29.047291 62.197814 -28.429569 -16.320652
1 195.043033 -51.898341 -59.971257 -32.710046 -6.387608 -32.049790 -12.025991
3 23.081372 -16.771077 40.744843 -9.417910 -20.608995 -9.496262 -7.531972
5 -15.572255 -1.234040 7.819907 -12.257885 25.019413 -12.635996 8.860856
3 -2.823729 2.405978 17.258088 -5.862816 -2.511086 -6.189932 -2.276503
3 -9.359846 -10.307313 62.856514 -11.660578 -2.476410 -12.062997 -16.989372
5 8.579834 -14.517649 34.510272 -23.605942 42.299117 -23.442637 -23.822992
3 9.479190 -21.366779 34.596100 -14.740357 21.025240 -15.472913 -13.520478
1 46.892985 -2.646316 -32.856962 -18.314651 34.957156 -18.695681 -9.336532
5 -7.419106 -0.256028 51.374446 -29.043656 53.972833 -28.553202 -40.075287
3 -3.267559 -9.002328 43.445345 -16.146336 20.808051 -15.721344 -20.115828
5 -2.631838 -1.101822 -7.584815 -0.385625 14.123798 -0.245530 -2.174168
5 -19.167343 1.170459 -0.040214 -5.503125 27.540501 -5.706991 1.706715
3 47.918170 -31.088722 65.557390 -28.484461 -3.346926 -28.180611 -22.374840
5 -17.301386 -16.708071 45.322196 -23.531666 56.507848 -23.901655 -20.387265
5 -9.351969 10.202357 -5.352242 -8.772997 19.757274 -8.939435 2.457012
5 5.542604 -9.078068 -3.267398 -10.571336 31.251779 -10.678504 -3.199076
1 31.606693 -9.844271 2.077261 -16.488078 18.778176 -16.664649 -9.465129
1 149.982586 -27.796137 9.727927 -36.266734 -28.005833 -36.995256 -30.646553
3 13.558517 0.582082 28.732179 -5.205488 -26.913697 -5.390659 -5.362934
3 -12.834538 4.565638 16.970160 -3.300368 2.126702 -3.230266 -4.297328
1 53.316892 1.910363 -21.899443 -11.064429 -3.168088 -10.110285 -8.985010
5 17.107403 -13.103840 -10.777072 -25.046177 62.545249 -24.723133 -6.002429
5 1.792677 -0.693012 -30.278934 -10.104724 49.916568 -9.961086 -0.671489
1 32.277099 -21.155836 14.250605 -9.944934 2.875959 -10.230141 -8.072751
1 47.987081 -7.675518 -0.651389 -15.276704 6.557171 -15.359188 -15.581454
5 -6.147593 -2.418240 -13.705562 -5.687416 29.242986 -5.532010 4.247836
5 13.580503 -15.907331 17.453051 -23.397168 49.536834 -23.466939 -17.798952
1 36.331240 -16.441997 19.252572 -18.783539 11.168293 -19.207203 -12.319367
3 -19.307400 -19.574428 50.896014 -9.559889 1.913431 -9.722363 5.354634
5 -8.218382 -7.734830 7.144565 -15.453733 61.253989 -15.815523 -21.176086
5 9.676129 -19.079048 18.301081 -15.048074 34.813803 -15.004422 -13.659470
5 8.253666 1.725229 -6.756029 -4.205541 9.843532 -4.038354 -4.822502
5 -3.761235 -22.182312 -8.631775 -14.247073 62.091053 -14.479764 1.211106
5 19.243456 -5.127128 12.489983 -19.621058 33.902879 -19.393221 -21.494912
5 19.246281 -18.080188 17.689569 -19.636954 25.795760 -19.393061 -5.621406
5 -4.992092 2.908328 25.315583 -17.712586 35.682252 -18.718855 -22.482629
1 27.289593 0.651947 -8.343877 -5.642616 -2.211501 -5.474322 -6.269223
5 21.791405 -11.311181 -31.596415 -10.372496 42.862895 -10.156654 -1.217555
3 11.093672 -8.582413 25.348192 -4.683719 -15.330506 -5.107807 -2.737418
1 15.451249 0.248641 11.313012 -6.082888 -5.720685 -6.204299 -9.005029
3 -15.776110 -26.318082 60.681561 -11.823955 2.365245 -12.129556 3.000896
3 20.639853 -19.911881 65.211793 -12.113472 -32.068034 -12.272680 -9.485580
3 -4.229523 -0.769642 6.829287 -1.413184 3.569421 -1.710801 -2.275557
1 67.502610 -16.467000 -9.582517 -14.972060 -6.855097 -15.437545 -4.188392
1 0.000000 0.000000 0.000000 0.000000 0.000000 0.000000 0.000000
3 0.000000 0.000000 7.141507 0.000000 -7.141507 0.000000 0.000000
5 0.150409 6.436748 0.782969 -7.793031 19.505390 -7.894103 -11.188382
3 6.274359 0.537842 45.949995 -14.880577 -9.514470 -14.283560 -14.083588
3 23.945953 -15.534976 53.601673 -11.718360 -33.279590 -12.260537 -4.754162
1 72.004950 -21.670886 -8.286675 -27.307093 17.405703 -27.759920 -4.386074
1 11.722725 -7.520176 5.041625 -2.295286 -2.039962 -2.407193 -2.501733
5 20.845297 -29.371115 23.442528 -25.911370 66.708751 -26.063120 -29.650966
5 3.468102 -2.892040 23.531966 -18.316953 37.893905 -18.752771 -24.932208
3 9.273913 -3.121509 38.054725 -13.872080 -6.070545 -13.677871 -10.586631
3 1.441352 3.426985 10.966170 -2.648993 -10.753839 -2.824082 0.392406
3 -2.737911 -17.614250 52.777698 -12.695532 8.081497 -12.806113 -15.005392
3 -4.391397 -9.386708 21.444885 -12.294514 19.077635 -12.085353 -2.364547
5 0.383513 -15.760563 45.545213 -33.738990 71.201312 -33.510347 -34.120134
5 32.643912 -4.097628 -21.969555 -19.588069 33.553368 -19.575068 -0.966959
3 4.977354 -12.232726 20.463952 -9.108447 9.589967 -9.170650 -4.519448
1 39.514261 -13.532700 -1.142767 -10.561899 6.784997 -10.147552 -10.914339
5 33.617816 5.745454 -41.332927 -14.925803 38.475301 -14.724371 -6.855468
3 -15.851688 -13.248049 30.500098 -6.998686 8.840096 -6.978937 3.737165
1 24.825969 -5.519673 22.235281 -22.958590 21.635212 -23.055257 -17.162937
5 -1.931985 25.892932 34.388544 -29.788175 34.624814 -30.748357 -32.437771
5 -13.640041 10.110063 28.566948 -21.133710 47.493268 -20.748496 -30.648031
1 38.987888 9.149449 -2.759761 -14.639490 5.550072 -14.554867 -21.733288
5 19.411751 3.219604 -35.447556 -7.003443 29.595211 -6.937438 -2.838129
1 35.462361 -14.118490 2.876753 -9.492592 -11.230375 -9.740808 6.243149
3 0.909151 -10.609438 22.890036 -8.598875 12.404016 -8.913247 -8.081644
5 13.682773 -15.030214 -4.906426 -9.099639 32.750320 -9.701380 -7.695434
5 7.252045 -8.651241 8.226448 -12.781409 9.888195 -13.090484 9.156447
3 -7.829982 -17.706570 84.844443 -10.768896 -24.440348 -11.294273 -12.804375
3 -0.744954 -14.584277 24.423890 -12.697453 23.845144 -12.867293 -7.375057
1 29.425024 -0.819333 -7.638123 -6.616413 1.031303 -6.097801 -9.284657
2 -22.279446 28.762410 23.366843 -4.732402 -11.370954 -4.954717 -8.791735
5 0.000000 -0.089207 -5.649263 0.000000 5.738470 0.000000 0.000000
3 -6.500571 -1.211182 29.270763 -6.043287 -3.800988 -5.944982 -5.769755
1 31.224602 -24.185426 14.012717 -17.175218 28.007639 -17.120400 -14.763913
5 2.076901 -34.648356 36.486982 -26.830944 58.237442 -26.108445 -9.213579
3 21.821675 -11.586808 28.301436 -6.862490 -18.352738 -6.927086 -6.393991
5 16.788938 -6.913370 1.326658 -10.650195 22.074504 -11.124864 -11.501670
3 17.595429 -13.638682 22.452877 -6.486885 -24.594924 -6.805964 11.478151
3 3.059132 -48.737155 139.547182 -32.555411 -13.828099 -33.493525 -13.992128
3 -17.647655 -15.248000 36.904855 -10.752483 23.769808 -11.192420 -5.834104
1 46.259366 -24.674288 19.236371 -30.733851 35.855734 -30.073706 -15.869626
3 6.362200 -24.654943 42.492120 -13.077670 9.906589 -13.035494 -7.992800
1 0.000000 0.000000 0.000000 0.000000 0.000000 0.000000 0.000000
5 6.711185 -17.958353 -45.455348 -18.865544 117.344031 -19.104754 -22.671216
5 -16.832484 -11.809605 35.744036 -29.682682 89.666957 -30.098434 -36.987793
5 -31.646602 6.101703 7.471117 -17.729413 68.648201 -17.924894 -14.920112
1 56.451081 -33.058948 33.598922 -23.115353 -6.844184 -22.939450 -4.092063
3 18.580722 -27.046498 118.393536 -28.247772 -24.451840 -27.709316 -29.518835
5 -27.382044 8.319018 30.221431 -13.625323 31.573776 -13.986451 -15.120406
5 0.038027 4.997784 -12.624350 0.000000 7.588539 0.000000 0.000000
5 -25.676747 -26.066509 31.496438 -12.291439 41.561218 -12.791231 3.768270
1 5.156661 1.747164 -2.154829 -3.562666 3.394306 -3.233756 -1.346880
1 42.842780 -11.461200 22.470688 -10.522067 -38.789107 -10.532860 5.991768
5 -65.317369 -24.281000 34.411630 -41.190759 128.370795 -42.649993 10.656700
2 -12.900768 17.896506 5.808908 -5.807012 10.484749 -5.590881 -9.891502
5 -28.536452 0.558278 43.973855 -29.142962 61.511915 -30.160525 -18.204108
5 -17.369908 7.472455 35.099856 -21.158035 35.443956 -22.062624 -17.425698
5 12.780890 -16.331246 16.794631 -14.504399 21.631797 -14.745403 -5.626268
5 -26.424408 -17.894117 4.779675 -12.745091 76.436917 -12.672247 -11.480728
3 -13.461001 -10.571471 48.778705 -14.589912 11.855805 -14.397399 -7.614729
5 19.449898 -12.292610 3.217476 -12.406592 28.899324 -12.979223 -13.888272
5 -23.021431 21.803520 -29.842155 -11.186936 54.951632 -11.072355 -1.632276
3 20.543171 0.766276 32.664354 -19.110531 10.472579 -19.392111 -25.943737
1 13.261040 -0.539651 -9.323114 -8.015589 9.283895 -8.089749 3.423168
3 9.836391 -8.219542 10.896616 -5.401457 5.630697 -5.491496 -7.251209
2 -21.725522 47.821310 -5.032906 -9.396713 7.408023 -9.343368 -9.730824
1 13.840515 12.272049 -9.974905 -2.383226 -7.143799 -2.649218 -3.961415
5 30.773351 -9.693017 -19.694070 -23.644110 72.927949 -24.102571 -26.567529
5 -10.913191 -8.924417 20.070528 -9.084102 25.599906 -9.245439 -7.503286
5 0.421509 -12.965262 1.702424 -6.419276 30.622951 -6.627022 -6.735325
1 5.627046 -1.946316 -4.088480 -0.858749 -3.510270 -0.771245 5.548014
3 -10.414871 11.704414 20.448076 -11.854895 5.158721 -11.978138 -3.063306
3 -32.089994 -3.073873 75.698029 -15.652207 -9.610360 -16.692607 1.421012
5 2.168162 -12.094123 -12.778158 -11.388366 38.071729 -11.449749 7.470504
3 -7.924917 -20.005286 66.675819 -9.946650 -1.246148 -10.256855 -17.295964
5 37.273627 -13.282549 23.172565 -38.031299 53.799452 -37.820634 -25.111157
5 -0.905720 -0.790700 -3.010836 0.000000 4.707257 0.000000 0.000000
3 -1.932629 -4.140332 9.509058 -1.701444 -1.275839 -1.602167 1.143354
3 3.531290 -6.743655 9.785547 -2.264066 0.451815 -2.407193 -2.353737
5 5.452759 2.023416 2.262075 -13.347963 21.478211 -13.408565 -4.459932
5 1.962846 -10.074442 -11.485195 -14.600107 63.324023 -14.732316 -14.394809
1 44.832645 -16.184300 2.246550 -12.532923 -7.659154 -12.649789 1.946972
5 11.512749 -22.705277 1.465248 -23.322455 50.902960 -23.003025 5.149796
5 12.033500 -10.284834 7.702027 -12.852771 16.591471 -12.643445 -0.545947
3 6.112748 -31.018511 51.111801 -23.719133 43.009428 -23.832450 -21.663883
5 8.050044 -10.574597 -21.100906 -4.493191 37.169864 -4.501032 -4.550182
5 -26.458971 7.507914 -8.346691 -9.466713 42.093689 -9.705470 4.376243
5 13.322712 1.491557 -15.256884 -12.241619 42.028192 -11.937993 -17.405966
3 -21.482177 -23.954423 138.909276 -47.247300 34.967921 -47.686743 -33.506554
1 48.637614 4.927944 2.760626 -24.246725 26.068618 -23.314406 -34.833671
1 1.025183 -0.000000 -0.747212 0.000000 -0.277971 0.000000 0.000000
1 34.669570 4.296747 -7.451011 -8.894458 -4.249928 -8.693863 -9.677057
5 -0.405849 -13.613147 0.522248 -10.868791 47.496833 -11.184599 -11.946695
1 49.099862 -24.566776 12.556579 -13.913927 1.594113 -13.694959 -11.074894
5 -8.440187 -2.158507 -3.690831 -4.037453 14.755002 -4.236629 7.808606
1 79.510380 -28.318226 -5.820864 -19.372871 6.252494 -19.194635 -13.056278
3 7.972841 -19.699552 20.056497 -21.769293 17.912635 -21.997449 17.524325
3 -0.200418 -18.910230 112.012938 -30.407829 0.430965 -30.402868 -32.522562
3 -5.982419 -2.670009 12.495364 -1.701444 2.191919 -1.602167 -2.731244
5 -1.247934 -23.966498 19.587237 -12.256911 35.721339 -12.538908 -5.298324
5 -11.322521 4.562256 14.924232 -11.094971 22.784510 -11.100260 -8.753247
5 12.311330 26.450175 -3.805411 -23.109436 37.924435 -24.038093 -25.732999
3 -5.923340 -4.413207 50.533885 -22.769859 14.913056 -22.691361 -9.649174
1 48.941599 2.086486 -10.196945 -9.357080 -21.747878 -9.403567 -0.322614
3 12.769098 -24.104471 36.605272 -11.030347 -3.763131 -10.843781 0.367360
5 0.773180 -6.447419 21.498059 -11.480766 21.626569 -12.055900 -13.913722
3 -11.015164 3.182499 22.002010 -5.831597 -0.019309 -6.189932 -2.128507
5 15.461395 -27.411956 6.553305 -13.359382 30.822762 -13.666519 1.600395
5 -8.153983 -23.207726 35.065869 -16.430149 43.212721 -16.416025 -14.070706
5 4.910409 -10.033655 -0.714403 -5.336999 18.910355 -5.478184 -2.257523
5 -8.440187 -2.158507 -3.690831 -4.037453 14.755002 -4.236629 7.808606
3 -4.858928 12.114456 67.953826 -33.707560 31.827188 -33.164203 -40.164775
3 3.702604 -7.706443 41.977676 -16.837315 9.590331 -17.051620 -13.675232
5 -0.103181 -13.143119 29.449928 -18.072475 40.246849 -18.423625 -19.954378
1 79.063888 -22.170965 18.851973 -15.792434 -28.597440 -15.442293 -15.912732
3 -10.035490 -10.819287 27.534097 -10.670195 19.127965 -11.028747 -4.108343
1 32.768321 -5.659833 0.726038 -5.768102 -19.437584 -5.816820 3.187982
1 66.112058 -15.680364 18.147707 -18.754467 -7.818542 -19.072874 -22.933520
3 -24.113516 17.338687 46.561960 -22.405999 29.554950 -21.834953 -25.101127
1 33.867732 -5.964337 5.771000 -17.169991 18.156513 -16.865992 -17.794925
5 -19.133629 6.216517 -3.862353 -25.092429 65.877548 -25.287497 1.281846
5 0.925469 16.844618 -19.971826 -5.996991 21.765256 -5.956093 -7.610434
1 20.636078 -2.256034 2.405825 -2.122517 -11.881775 -2.364381 -4.417196
1 54.634167 -29.842884 38.015273 -26.898901 -1.546290 -27.384468 -6.976900
5 -7.042233 -20.036242 15.481343 -15.910347 60.066482 -15.994900 -16.564105
3 -8.173764 -17.629189 25.319118 -7.970717 19.843584 -7.968199 -3.420833
1 49.030549 -9.970379 -3.891093 -5.610923 -20.100345 -5.855629 -3.602180
3 0.674601 -12.331214 43.280954 -19.993094 24.789131 -20.784662 -15.635716
1 52.209271 -16.899175 2.140940 -21.809640 26.868074 -21.566953 -20.942518
5 9.246771 -18.339641 -18.198434 -22.164182 79.453534 -22.392627 -7.605421
1 72.553605 -28.866291 -2.258462 -33.898655 61.282915 -34.404282 -34.408829
5 -20.090726 -4.913111 2.967475 -3.468154 17.139290 -3.634578 11.999804
3 -4.990082 -2.454550 39.826226 -11.061040 -15.900902 -11.409661 5.990010
1 31.988224 1.110016 -21.251419 -14.737472 -6.912271 -14.527845 24.330767
1 15.059888 6.856472 -4.639287 -7.189301 6.105422 -7.236212 -8.956980
5 15.884009 -26.865473 11.694518 -19.966979 53.545226 -19.751503 -14.539798
5 -4.766085 5.313928 6.909319 -4.021250 8.141047 -4.213335 -7.363622
5 -14.028979 -19.942341 53.807446 -30.726273 63.257375 -31.375311 -20.991914
5 -18.006543 8.100180 7.474989 -8.928547 28.184673 -8.972406 -7.852347
1 12.172836 -7.488866 10.711834 -3.998278 -7.388877 -4.179394 0.170747
1 63.701739 -4.327800 -3.505222 -28.181090 38.570066 -28.580388 -37.677307
1 16.520679 -12.121326 15.981820 -9.062029 3.576597 -9.188974 -5.706766
1 49.342008 -9.120050 1.696101 -27.863289 48.800120 -27.444263 -35.410625
5 30.038735 -22.379409 -10.660647 -13.745076 47.819796 -13.828065 -17.245333
5 -4.766085 5.313928 6.909319 -4.021250 8.141047 -4.213335 -7.363622
3 7.409726 -26.350682 55.528096 -14.731285 6.892357 -14.833086 -13.915127
5 27.290441 -2.998440 11.285033 -19.417172 30.318917 -20.074675 -26.404105
1 17.841726 -6.743655 0.913630 -2.264066 -4.986705 -2.407193 -2.353737
3 -20.409605 -15.504668 54.782200 -8.206656 -5.419700 -8.118960 2.877387
3 14.176872 2.870621 23.667362 -9.579835 -14.126674 -9.869051 -7.139292
5 14.978370 -20.400771 1.387962 -9.157466 27.343554 -9.132749 -5.018900
5 29.000313 -38.785226 54.746345 -44.245313 94.974773 -45.173671 -50.517220
1 56.757700 -20.376417 29.810336 -14.454449 -25.218454 -13.789377 -12.729337
3 -6.446111 -26.176921 55.464592 -30.757315 54.267229 -30.966843 -15.384630
3 -7.811205 -17.172932 31.410453 -8.926997 9.525999 -9.383575 2.358260
3 24.201563 -20.822913 28.130564 -11.399928 -2.307716 -11.698380 -6.103189
3 28.533623 -2.970635 39.431609 -22.433901 12.239746 -23.022803 -31.777642
5 12.971408 -5.788068 -3.434512 -7.498403 14.714689 -7.607513 -3.357600
5 0.919194 5.983047 -16.080780 -10.606613 39.777778 -10.485078 -9.507549
5 -18.467490 7.507795 -40.103183 -16.505693 84.303757 -16.432990 -0.302196
5 -4.623808 3.388661 -1.494145 -5.372276 15.919303 -5.284758 -2.532979
3 -19.623510 8.276863 53.451853 -11.587248 -2.345019 -11.930712 -16.242227
1 0.000000 0.000000 0.000000 0.000000 0.000000 0.000000 0.000000
3 8.040899 -0.666637 35.203171 -13.875380 0.125157 -13.841676 -14.985532
1 0.000000 0.000000 0.000000 0.000000 0.000000 0.000000 0.000000
3 -1.741929 -33.792901 70.172279 -25.262822 33.716462 -25.235271 -17.855820
3 -10.375674 -15.742245 71.864248 -10.369568 -20.161521 -10.613795 -4.601447
5 5.216424 -9.489467 8.317491 -10.834085 25.295060 -11.212197 -7.293226
3 -20.805826 5.966053 34.071742 -7.773806 2.803670 -7.639570 -6.622263
5 1.688267 11.784921 7.235875 -18.774302 40.770424 -18.302308 -24.402876
5 0.814595 7.192965 -0.925017 -8.031413 19.795447 -7.532254 -11.314322
5 5.846067 -20.240439 1.854903 -23.823119 81.176189 -24.291953 -20.521648
5 -4.361725 -4.601145 -6.130513 -7.176589 40.757664 -7.268176 -11.219516
3 -5.652874 -14.782309 43.466333 -8.190558 -8.622050 -8.323701 2.105156
3 -0.353285 -1.987703 27.233871 -6.074506 -6.955647 -5.944982 -5.917751
