3 17.123271 -5.791440 59.869448 23.147198 -21.461399 -28.393868 -27.617047 -16.876161
1 68.456452 -14.998566 54.097214 -63.315863 23.713999 -53.884668 -0.262680 -13.805887
1 108.797405 -46.773270 97.875578 -61.723760 -0.925053 -70.366019 -0.229477 -26.655407
2 -22.352182 27.542952 3.372187 -6.514837 13.690776 -5.160849 -6.196170 -4.381877
1 21.075854 -3.812343 12.010254 -12.652652 10.567028 -9.304633 -9.345447 -8.538061
1 290.627689 -132.547508 246.822544 -159.778356 153.143983 -195.508167 -64.282437 -138.477742
3 -6.518785 -12.584395 50.700408 -9.200056 -0.316166 -8.128892 -8.610593 -5.341520
5 15.092059 -7.080920 -12.914208 -5.620996 23.115671 -4.716379 -6.977188 -0.898038
7 -1.335277 1.689187 -6.173804 -6.375835 5.724687 -6.141818 11.019292 1.593567
5 43.128826 -5.897035 55.705593 -51.458134 67.870490 -43.717768 -25.041690 -40.590282
2 -16.607269 16.024903 11.476376 -9.409735 10.664599 -8.240228 -1.865324 -2.043322
3 23.512782 -21.463050 67.637209 -30.044001 27.458713 -25.476802 -21.866229 -19.758622
2 29.282736 51.325259 17.623421 -31.579065 -32.742868 -26.617013 -8.449731 1.157260
1 23.664975 -7.665754 10.350920 -21.487353 10.287172 -18.282874 13.143699 -10.010786
3 22.379775 -19.451656 42.993642 6.916810 -18.283585 -10.375089 -10.080949 -14.098947
5 -35.705679 32.263713 -17.042029 -13.124427 37.434011 -27.109632 -8.360785 31.644828
2 7.566664 36.529082 21.449718 -27.915969 -15.522434 -23.831744 4.931015 -3.206330
3 38.578206 -9.081429 66.485508 -45.918218 48.185986 -51.131348 -19.011072 -28.107631
2 9.345018 41.504908 -7.744049 1.942088 -15.141710 -15.321052 -5.190452 -9.394753
3 25.490659 -11.541701 27.802927 8.618469 14.472548 -22.707466 -12.059128 -30.076307
1 144.282508 -50.702401 124.823214 -87.504350 25.733186 -82.907743 11.756221 -85.480634
1 69.420870 21.137422 -17.672512 -42.300336 -4.429864 -34.266273 11.213069 -3.102374
1 50.037689 13.219981 -8.728750 -14.370269 -18.931836 -13.839693 0.045888 -7.433009
1 43.344315 -12.944453 -11.824928 -12.139897 15.980182 -11.496029 4.124593 -15.043783
2 -17.028919 23.488845 -15.473540 9.479783 15.366690 -11.588133 3.832577 -8.077305
3 3.154767 -1.194468 37.813172 -13.557671 -15.858332 -13.385996 4.421395 -1.392866
3 48.270366 -6.497175 66.348196 -65.283261 36.086070 -56.764768 2.488868 -24.648293
1 61.728972 5.740597 19.351486 -12.788945 41.342077 -42.741845 -26.437604 -46.194737
5 44.084671 -22.122720 42.384670 -35.888771 58.849706 -32.200454 -18.479185 -36.627915
8 -11.154017 -3.310359 -0.171913 -0.505600 1.838596 -0.718581 3.918018 10.103858
1 79.296992 -2.286803 34.315479 -51.846664 43.585444 -50.465946 0.094495 -52.692997
3 132.634907 4.902626 199.064797 -114.395697 17.147228 -115.414860 -40.317473 -83.621525
1 83.215753 -55.394727 34.588191 2.739068 52.343370 -51.534833 -21.254956 -44.701869
1 224.867780 48.824677 51.177647 -103.932168 20.431728 -118.799246 -22.913822 -99.656583
1 58.523812 -3.003049 11.265953 -38.369072 33.825332 -32.058834 -1.565637 -28.618502
3 26.625193 8.376691 50.941049 -19.669927 -31.695494 -14.830163 -15.283913 -4.463437
1 63.288548 -13.229341 44.553673 -21.977265 -25.553258 -17.794431 -17.327561 -11.960363
3 -9.610111 -0.298850 9.216989 -1.682686 4.919493 -0.619464 -0.989692 -0.935680
7 -4.585673 8.134155 7.296288 -13.688291 10.888432 -11.577659 11.600182 -8.067434
1 13.523606 1.917640 9.349217 -6.815504 -18.197483 -5.727992 4.252052 1.698465
3 9.470984 8.034903 13.649987 -9.063024 6.873148 -7.046911 -13.728598 -8.190488
5 40.931947 -20.165652 0.746063 -18.063986 47.937218 -17.285127 -16.831588 -17.268874
5 -5.299867 -1.387526 10.741482 -1.880588 18.090252 -16.956693 5.142575 -8.449635
5 60.344859 -82.983293 142.787714 -65.346694 172.649276 -100.260153 -44.727845 -82.463861
1 11.913177 11.409957 0.526718 -8.260132 -8.148124 -7.558767 3.173214 -3.056043
2 24.107719 52.674428 8.181081 -24.864387 -50.078168 -20.415916 10.629303 -0.234062
3 49.316237 -22.955684 85.300472 -36.016393 20.505781 -32.578305 -32.923513 -30.648596
3 68.866428 -6.084500 160.574108 -89.907829 68.432029 -74.304271 -86.132003 -41.443960
1 117.620465 -22.871679 91.393586 -102.365008 79.667747 -94.036593 -22.959570 -46.448946
1 15.074368 -0.366511 -8.531421 -0.810017 -1.109020 -1.388819 -0.481093 -2.387487
5 19.011253 -13.448500 7.615098 -13.849262 34.395494 -12.517973 -7.757362 -13.448748
1 349.031381 -65.520513 25.142553 -58.689943 -34.725347 -107.036886 -9.992911 -98.208329
2 -0.612321 27.548035 -25.018971 -6.297625 17.606099 -4.678949 -6.132138 -2.414131
1 75.441072 -31.021973 68.870370 -16.644981 -26.910000 -30.112929 -20.229469 -19.392091
3 -27.185379 -9.973709 76.377955 -16.777607 37.152626 -28.710514 -1.285264 -29.598107
1 77.976419 41.656370 -3.883102 -40.199113 -33.214593 -33.684142 1.957010 -10.608847
3 39.937869 -27.000354 123.155741 -83.642011 81.984038 -68.005578 -59.848058 -6.581647
5 -11.085856 -7.266246 9.813837 5.007959 29.781334 -10.592182 -6.060004 -9.598842
2 24.124457 38.565451 23.720224 -67.838583 10.175128 -58.866548 26.003260 4.116607
1 96.153102 -30.548869 33.743925 9.463803 -4.120577 -42.723513 -19.890310 -42.077555
3 28.521314 60.757232 187.127742 -67.447874 -50.640037 -76.939090 -40.624057 -40.755224
1 32.216337 19.053213 4.384713 -0.279806 -24.448678 -16.965468 -3.130899 -10.829412
3 -18.620311 -15.903097 35.988405 5.857986 25.913142 -10.326737 -16.325104 -6.584284
1 23.837134 -8.134898 -3.000842 -8.911369 11.278579 -7.889512 0.151945 -7.331036
3 223.186571 -70.967678 306.515332 -147.630891 5.707647 -140.766225 -61.916934 -114.127814
5 -0.133534 -7.382440 5.453808 -16.414343 33.542084 -15.005903 13.596871 -13.656542
1 26.007682 9.960675 21.015143 -25.871035 15.030444 -21.977819 -12.342075 -11.823015
5 -40.487816 -22.510061 -11.732647 -3.922260 88.478963 -18.279333 21.681102 -13.227949
1 140.243286 11.662648 9.972569 -61.657858 3.625134 -52.986535 1.318820 -52.178060
3 1.570618 -7.408389 19.926446 -7.015386 0.334412 -5.210380 0.005239 -2.202559
1 59.339229 40.178836 40.662794 -48.809074 -11.028723 -40.969144 0.670274 -40.044190
5 19.579659 -0.300432 -1.780701 -16.628568 27.559277 -14.425308 -0.859008 -13.144920
2 -9.979573 26.627189 -0.985271 -6.222765 -1.624542 -5.632873 3.137875 -5.320041
1 124.305478 -32.954118 47.718364 -27.707048 -2.526663 -39.614374 -31.738694 -37.482946
5 10.410553 -11.992302 5.800127 6.402679 10.619543 -8.182889 -7.755519 -5.302191
7 8.999880 -0.855986 6.703456 -10.674444 3.093108 -10.002140 10.699832 -7.963705
3 9.609171 7.906583 19.613740 -9.910872 2.025088 -7.102648 -10.882885 -11.258175
1 82.813705 5.156381 18.758422 -9.168290 -24.510369 -25.234623 -18.050776 -29.764450
3 13.495931 -8.185109 48.374598 -14.949228 -0.610729 -13.315222 -16.878124 -7.932118
3 35.222281 -28.863719 108.533493 -32.876147 -3.070247 -42.867050 -3.560966 -32.517649
1 29.323177 -6.117436 11.569447 -20.265753 20.541266 -16.207640 -13.595062 -5.247996
1 27.000552 2.959659 -2.775642 -17.289597 12.364201 -13.843532 -9.028317 0.612676
3 14.074001 21.728940 31.516402 -18.681863 -11.841713 -15.933932 -19.318210 -1.543625
1 39.306547 -27.210759 17.009203 3.183363 29.217631 -16.880010 -27.816610 -16.809362
1 17.999107 -7.125181 7.793917 -4.318323 2.661980 -4.369028 -7.044674 -5.597797
1 31.374977 6.370535 -12.053380 -16.615913 21.710758 -13.707374 0.262457 -17.342058
1 51.403427 -14.193827 -16.341421 -20.770740 27.395825 -17.711159 -0.759591 -9.022516
5 39.517152 -15.796639 55.190903 -53.414844 70.592143 -44.972138 -19.159183 -31.957397
3 56.882325 22.706527 95.013948 -65.476344 -15.257087 -56.898139 -9.641907 -27.329321
5 -3.734836 -25.372896 56.439018 -35.439731 76.519455 -29.873026 -10.785862 -27.752122
1 24.085773 11.142942 -3.364777 -12.794133 6.989265 -11.520110 -0.249873 -14.289088
3 -14.444683 3.698542 10.414902 -2.911433 8.592865 -2.540344 -3.560449 0.750600
1 13.849860 -1.948129 -3.120086 -6.116384 5.110319 -5.506986 4.055890 -6.324483
3 9.488222 0.747060 43.177846 -24.406018 7.206974 -20.325300 -7.540607 -8.348179
3 37.117411 19.675663 37.194589 -26.697723 -20.967446 -22.468179 -16.414001 -7.440312
5 10.550423 18.599716 5.381902 -23.778500 34.788916 -21.061210 -6.919355 -17.561892
5 -1.464962 15.157371 -4.348623 -22.356854 38.140684 -18.850227 4.118730 -10.396117
5 3.032517 -28.421969 43.166269 -28.396134 53.547990 -34.902319 7.733367 -15.759722
5 4.174068 -10.016454 11.928515 10.855223 12.410285 -8.975334 -13.839565 -6.536737
5 16.587113 -7.062416 -5.059313 -20.667845 27.890879 -18.475750 22.079730 -15.292398
1 18.574962 -1.884064 -6.185581 -0.945834 17.829160 -20.381762 9.594628 -16.601509
3 24.433549 5.252883 33.145568 -17.004185 19.632163 -31.044724 -24.219511 -10.195742
3 170.688226 -69.215774 305.217904 -248.060307 262.419817 -214.257729 -8.786655 -198.005470
3 14.939088 -16.286828 31.759308 -13.550625 19.627682 -11.900980 -12.613367 -11.974276
3 4.099241 -12.872087 19.766256 -10.956103 13.880120 -9.610845 7.842294 -12.148873
1 50.769832 -7.331783 -15.876729 -9.764753 -8.681117 -9.705864 6.997777 -6.407363
2 -4.385170 48.434056 -2.218534 -10.392956 -11.794327 -9.562191 -3.494232 -6.586647
3 -43.582176 -12.464851 51.685392 -14.026704 49.939748 -27.832030 22.401973 -26.121352
2 10.116358 18.401143 5.287449 -10.475034 -23.304403 -10.421578 10.749160 -0.353094
3 247.995362 -184.603838 455.330509 -183.365260 242.320481 -209.774274 -152.481587 -215.421390
7 -70.912359 4.936875 171.997130 -149.686428 132.372122 -155.096268 173.496262 -107.107338
1 12.746889 5.940355 7.374176 -13.355498 11.235802 -9.545886 -10.721004 -3.674833
3 38.903591 -18.587964 48.710397 -25.943691 7.779540 -20.577316 -7.861367 -22.423188
1 17.979530 -4.839641 17.813311 -18.257366 16.023788 -16.402334 -3.987437 -8.329850
1 50.778664 18.359598 -29.614835 -14.208047 19.341055 -26.241149 2.556389 -20.971675
5 27.721849 -6.066350 -29.033806 -6.457771 30.978773 -6.129962 -11.396533 0.383800
5 37.364803 -26.436418 17.618702 -26.593961 49.768615 -22.777731 1.883666 -30.827677
5 2.000075 -14.005763 10.011994 -0.296108 36.323781 -14.229126 -9.480355 -10.324498
3 37.182850 -13.848393 51.835770 -43.869909 18.707312 -41.378881 25.772020 -34.400769
5 -4.879561 -6.310953 21.115127 -22.445332 48.676839 -20.042125 -3.215921 -12.898074
3 59.915326 -24.116640 63.369306 -30.373686 -27.571220 -38.419731 8.390037 -11.193394
1 223.862484 -49.611613 184.555730 -52.973533 -26.187167 -134.256734 -68.171384 -77.217781
5 -6.267467 -29.663188 10.925998 -32.651141 77.479178 -28.726287 28.851692 -19.948786
5 2.868148 -27.355632 27.073295 -25.017974 48.942955 -23.110038 11.191823 -14.592577
1 110.785854 19.042500 25.191652 -64.005590 50.940629 -74.156761 1.187402 -68.985687
5 17.122070 -14.012460 -3.135695 -12.398160 23.665959 -10.212449 8.362787 -9.392050
3 1.315758 10.389521 20.455005 -10.117170 2.240486 -9.845030 -3.988641 -10.449928
1 72.499144 -34.215620 16.394987 -14.114652 -18.031720 -12.351651 4.485384 -14.665873
1 30.639110 -3.588831 -14.497609 -16.160795 24.607355 -14.086489 -10.593411 3.680669
1 298.616850 26.869666 124.712876 -134.142638 -33.045257 -128.424010 -46.830992 -107.756487
3 -1.715025 3.706883 16.653483 -8.475336 6.241075 -7.774007 -0.519493 -8.117580
3 -22.485197 -10.323588 122.125431 -42.387699 0.435223 -34.112105 0.602620 -13.854682
3 0.651170 -1.953343 31.785637 -13.743185 -15.294506 -9.425691 4.422421 3.557496
1 62.998546 23.028117 50.438745 -28.931384 -23.464558 -41.149914 -9.107027 -33.812526
3 12.916290 12.775811 103.423665 -56.109721 0.372520 -45.682564 -8.380814 -19.315183
1 43.556969 0.184808 26.866911 -17.983056 -17.428508 -13.927463 -19.369289 -1.900370
2 -34.222074 35.312542 5.034804 5.527256 20.610035 -10.844176 -8.095023 -13.323364
5 -17.521113 -3.171796 6.372237 -11.040294 35.263547 -8.917435 7.358052 -8.343198
3 -8.448775 -4.489276 18.629397 -4.032961 6.985454 -4.177313 -3.929413 -0.537114
5 -15.291836 -42.280193 235.957379 -109.309551 245.101459 -167.785239 -1.899549 -144.492465
1 82.658057 -30.881171 39.419944 -22.752162 12.170449 -29.909355 -34.000151 -16.705608
2 218.015052 236.665897 194.989505 -202.208317 -159.738805 -236.085057 20.824586 -72.462855
3 91.796487 -37.918700 111.854418 -44.194303 -5.150337 -39.779028 -35.114860 -41.493676
3 36.880769 38.291489 79.528814 -52.633031 17.868499 -62.500941 -16.874828 -40.560775
1 73.649035 19.511020 -8.728596 -16.403925 2.302781 -29.731332 -11.460257 -29.138726
1 177.178916 25.806634 169.945258 -59.236749 21.783503 -132.559339 -110.466511 -92.451708
3 11.654055 5.523904 29.833171 -8.998992 -18.221356 -8.215684 -6.250121 -5.324977
5 10.259856 -1.260613 -19.146831 -5.223282 18.530746 -4.559840 1.065869 0.334095
1 215.324709 -105.407274 185.745115 -99.799625 79.284627 -115.234772 -35.676946 -124.235830
1 13.084273 -2.692323 9.714135 -4.154001 -2.751599 -2.550100 -6.777162 -3.873224
5 -6.728761 -25.301501 -19.986174 -4.070078 113.327666 -35.503287 3.657030 -25.394895
1 172.174628 -26.732014 3.004878 -59.597657 44.943151 -50.982514 -20.666961 -62.143510
1 91.616169 -19.403511 -2.028196 -50.543366 46.385522 -42.436946 -3.031037 -20.558637
1 18.233274 9.951465 1.136628 5.695720 -15.435608 -11.473297 -0.403430 -7.704753
1 433.481953 -209.402214 253.097552 -205.339474 175.222269 -203.266212 -7.598860 -236.195010
3 44.082348 18.483340 142.176814 -37.184950 -71.232482 -47.954882 -16.121214 -32.248974
3 -8.890930 9.384154 42.424487 -24.915058 11.104318 -19.804240 3.158816 -12.461548
2 21.319652 26.910206 -19.734062 -8.089440 -8.688706 -7.448840 -2.519370 -1.749440
2 -8.676809 23.889405 -1.857569 -2.639061 -0.338249 -2.061125 -4.170882 -4.145712
5 -63.818756 -2.678302 17.920485 -13.774993 54.358181 -11.139491 27.156132 -8.023255
5 -11.148388 -7.970745 6.321023 11.799291 14.778528 -4.759229 -7.194571 -1.825909
5 -44.730036 12.757525 -0.405718 -13.172803 65.035293 -10.898652 -2.651173 -5.934435
3 29.755818 -11.388072 53.013718 -16.106601 29.728271 -30.340744 -23.048137 -31.614255
2 15.761440 36.033082 14.093698 -12.576821 -18.599825 -24.334381 -2.301834 -8.075360
3 30.514669 -5.548430 53.141150 -46.930013 37.185083 -52.128246 -5.742525 -10.491686
5 0.232099 -5.375204 3.818288 -5.383459 12.930629 -4.800877 3.322512 -4.743986
1 45.543966 18.045436 9.054684 3.281803 -33.682233 -14.814740 -16.930350 -10.498566
7 3.820415 5.414505 -5.365476 -7.029374 -5.448385 -5.854424 16.535795 -2.073056
1 94.444529 20.820509 51.468652 -34.052904 -21.958929 -46.680130 -24.934914 -39.106812
1 76.336296 33.595073 22.878197 -37.198534 -47.934856 -35.047327 3.069479 -15.698329
1 186.115774 -63.345168 -6.361444 -40.697634 2.609483 -31.323060 -22.926812 -24.071136
1 112.694317 14.386080 -18.460769 -77.622332 94.252775 -67.240291 -1.067749 -56.942028
1 28.471711 -0.713311 1.435608 -4.656628 -19.954725 -3.589073 -1.705012 0.711431
3 101.530898 -21.796718 172.605945 -92.437283 58.477928 -98.176188 -39.403743 -80.800838
4 -2.330913 -1.886938 -0.831245 17.839525 -5.649540 -2.464003 -2.291085 -2.385800
3 -8.236685 -9.609984 32.737071 -5.941305 10.188389 -5.567507 -8.807028 -4.762952
5 -33.533358 -1.163493 10.550965 -9.370964 64.080099 -21.068300 1.602851 -11.097802
1 64.569905 -34.295871 -1.816510 16.904046 5.782184 -17.549591 -12.718390 -20.875772
5 -36.880102 -8.348991 -27.524657 -64.801464 161.060685 -56.416865 66.778054 -33.866657
5 -44.902677 23.102587 -12.126138 -54.019322 115.809310 -42.775443 16.436296 -1.524611
1 128.659792 -26.914908 -41.683096 -18.815671 36.871778 -45.895279 -44.557557 12.334943
1 130.833003 -39.316090 49.609459 -54.313997 0.976118 -45.506743 -18.937596 -23.344155
5 133.333484 -151.934444 193.928527 -128.901243 344.412642 -167.799662 -82.330924 -140.708379
2 27.853403 58.508541 27.533330 -19.419621 -18.666671 -49.333520 -15.486623 -10.988840
3 12.171614 -7.376610 34.729215 -22.764961 13.322556 -17.422016 9.410123 -22.069922
3 13.545880 -5.656427 16.461844 -22.223371 16.270130 -17.808726 -5.385163 4.795833
1 98.685413 20.970842 90.339229 -119.429978 50.821709 -104.857716 5.907739 -42.437233
1 56.963388 4.545175 4.859101 -22.556820 -11.521613 -19.939090 -8.566780 -3.783361
1 468.327996 -85.977729 124.431052 -233.929918 62.446844 -247.842269 127.216708 -214.672680
1 26.400815 -6.482121 -12.533842 -4.114951 0.843961 -3.768395 1.093680 -1.439147
1 37.283852 5.797093 15.464954 -24.406860 16.882540 -21.505084 -6.556965 -22.959531
5 3.621607 -1.300625 -2.250106 -3.475997 13.361910 -3.531123 -5.485040 -0.940627
1 30.693523 -10.381376 12.501126 -9.987080 -5.773146 -8.890858 -6.690787 -1.471402
1 40.334445 27.021782 37.819149 -25.653048 -34.770252 -21.598234 -14.852249 -8.301590
3 46.042492 -36.240895 119.231928 -10.397272 39.887903 -50.621638 -41.414900 -66.487613
5 5.990760 -11.980756 -8.287928 -11.041439 41.078632 -9.672634 4.939799 -11.026434
5 -66.229110 -5.126119 30.170824 -23.256859 104.515543 -18.286906 -4.055597 -17.731776
1 13.818753 12.221794 -0.693352 -3.940741 -6.952265 -4.909270 -4.555070 -4.989850
3 60.271425 -40.032040 67.527768 -49.886554 57.106249 -45.655427 -7.530356 -41.801065
4 14.945348 -45.483431 26.917325 40.946693 20.619589 -22.050513 -22.784795 -13.110217
3 -21.586711 13.729700 34.037107 -12.806581 11.483356 -7.779448 -12.630661 -4.446760
2 7.805704 28.277037 -18.384204 -6.349540 6.731410 -5.163634 -3.595664 -9.321109
1 60.542884 -49.504669 -3.797776 31.804971 29.821026 -42.757293 14.923993 -41.033136
1 91.503909 -2.422979 25.889234 -33.483388 -24.412787 -25.943488 -26.028320 -5.102179
1 197.374692 -46.575577 -4.317760 -49.729770 -46.235634 -44.306572 33.501963 -39.711342
5 88.941760 -48.205865 40.273545 -67.377187 129.697215 -71.838239 -3.888858 -67.602370
5 -7.986025 -15.574414 -0.871849 2.582290 41.112779 -12.706584 8.882281 -15.438479
3 15.144717 -24.285039 83.359705 -33.360710 70.502897 -43.121085 -25.881977 -42.358507
5 -12.374172 6.455647 12.669087 -10.416142 23.031046 -8.408103 -4.301135 -6.656230
1 17.535161 5.250908 -14.014137 -0.810017 -4.334428 -1.388819 0.370296 -2.608963
1 118.312762 -19.967064 64.795502 -45.620957 3.775134 -49.840274 -21.770569 -49.684537
3 -39.046327 0.077597 88.272577 -28.015664 44.878326 -36.396740 -32.072897 2.303127
5 -20.059006 20.600780 14.932704 -20.386023 30.971173 -18.117412 5.984386 -13.926600
2 -4.735906 33.915297 15.107048 -15.068167 5.431266 -12.737629 -7.233378 -14.678532
3 17.880205 5.065238 41.009158 -14.549564 -23.255776 -12.552159 -5.588238 -8.008863
3 30.254118 -26.484710 50.035021 -25.914629 29.564814 -23.443262 -13.296939 -20.714412
3 26.185971 -7.291359 29.876739 -11.058023 -22.279021 -10.179977 6.705998 -11.960329
5 10.674687 -16.327511 4.029149 -12.377988 35.296417 -11.442822 3.478110 -13.330041
2 20.656225 25.832505 -1.055615 -13.563500 0.408513 -11.865921 -5.935846 -14.476362
1 281.221075 -31.158188 -12.383436 -60.417666 -34.928305 -87.358581 40.026415 -95.001313
1 49.993274 3.271938 45.723598 -27.641620 -34.265502 -25.721292 4.565183 -15.925579
3 28.448861 -26.047576 60.746625 -26.318706 1.969274 -20.920647 -2.026338 -15.851495
1 469.034365 -174.290417 113.662999 -163.649284 104.271185 -190.432139 7.120637 -165.717344
1 65.350658 18.429551 4.680735 -27.888884 -17.885344 -27.336603 9.145484 -24.495597
3 65.821450 -44.512467 113.170830 -57.484163 59.399426 -64.041095 -1.724046 -70.629936
1 143.213416 -23.899361 89.716325 -88.505044 -5.355019 -71.691365 24.158972 -67.637924
2 -9.383590 18.118911 -4.523908 -0.724529 -0.230790 -0.863107 -0.956954 -1.436033
3 80.179704 -45.234689 136.791162 -47.312995 10.259505 -54.739849 -45.334480 -34.608358
1 27.035581 -8.199430 22.579176 -17.815053 -9.721873 -15.660276 3.391614 -1.609738
1 78.221885 -56.660858 64.786480 -46.611830 69.277365 -65.875017 -6.245001 -36.893024
1 204.562821 -51.436852 128.552111 -137.474090 109.109713 -123.976123 -15.338728 -113.998848
3 18.765665 18.682323 67.757227 -39.455462 -9.717866 -34.495683 6.507275 -28.043475
3 -13.427922 -8.415404 15.585459 -4.645991 14.435663 -4.509030 3.887447 -2.910222
2 -17.505348 36.715111 13.143531 -9.412302 2.496357 -6.007723 -14.733746 -4.695879
3 121.528713 -75.955414 152.122480 -75.376580 70.204630 -96.382046 -34.354658 -61.787119
5 2.204685 15.081597 -15.548709 -6.035436 21.494931 -5.722861 -2.114149 -9.360059
1 173.000250 5.231255 88.917908 -141.340574 67.517660 -133.969558 -7.077413 -52.279517
1 132.642458 53.018719 94.563538 -70.013941 -71.735128 -81.523541 16.137097 -73.089202
5 -1.045881 17.859802 15.607622 -5.861421 23.598611 -21.066046 -9.872590 -19.220097
5 14.915355 -23.335804 14.967341 -6.564221 36.775236 -21.439095 5.710573 -21.029383
7 10.943038 6.053898 0.292522 -5.811085 -17.399217 -6.322639 17.187014 -4.943531
5 -5.261815 3.615180 4.906958 -5.745724 11.337750 -5.232431 1.846662 -5.466580
1 29.838633 -1.833356 18.714478 -12.184998 -15.361690 -10.568534 -3.411053 -5.193480
3 21.944347 26.472089 46.159458 -29.859562 -13.128862 -26.074685 -14.575941 -10.936843
3 14.487133 22.392924 55.932832 -32.037867 3.910287 -44.552830 0.030757 -20.163236
1 128.279476 -32.145464 14.148863 -29.287166 0.811061 -27.469744 -26.654794 -27.682230
3 12.005203 -7.481393 12.805768 -3.279596 -7.500802 -3.093168 -2.856081 -0.599930
5 7.806647 0.253377 0.015832 -9.496354 15.150247 -8.026134 5.734807 -11.438424
3 24.601425 12.158746 104.471473 -55.582066 60.792610 -61.530957 -40.238403 -44.672828
1 132.462473 -54.180689 102.749595 -83.262912 62.389575 -90.704013 -3.164303 -66.289724
5 17.820614 -6.552561 -9.488410 -13.236381 28.800894 -11.518063 5.824280 -11.650372
3 45.389395 -13.763969 288.407944 -179.614440 73.426828 -166.673622 56.309511 -103.481657
5 20.713744 -49.419318 40.415444 -14.531239 66.247058 -44.054047 -4.771512 -14.600127
5 5.265810 -13.510823 20.230916 -12.936077 32.238882 -12.411420 -7.436506 -11.440782
5 -8.623574 -5.041056 4.476744 -5.119578 12.997739 -4.348634 7.621944 -1.963586
1 32.077875 -4.283859 -4.379059 -9.232860 -6.954663 -6.633568 0.920985 -1.514850
4 -0.393667 -6.511502 1.073497 10.641955 10.169243 -5.632790 -1.640503 -7.706235
5 -28.287889 -2.800241 16.642518 -7.931612 33.561200 -5.412964 -3.218445 -2.552566
1 426.994878 -132.156098 140.406920 -139.146846 56.353148 -144.674183 -77.757305 -130.020511
2 -7.810180 31.850567 0.370432 -10.075411 1.650638 -9.492400 0.617728 -7.111376
3 -59.773198 -66.792994 112.464417 11.455007 75.976387 -63.823602 16.938324 -26.444340
5 24.912064 -27.347880 -3.090901 -15.563994 44.436267 -13.952675 4.876716 -14.269597
1 111.158396 19.306076 78.893898 -110.338047 64.233738 -98.434575 12.048908 -76.868397
3 9.269436 1.469797 19.057429 -2.920725 -14.973381 -3.438284 -1.492168 -6.972104
3 6.711332 8.546490 8.937690 -6.323721 -12.404083 -5.175440 -1.074016 0.781748
1 188.161542 -17.274935 58.977234 -72.666260 103.292098 -123.252933 -43.023154 -94.213591
1 375.336020 -53.659065 193.937114 -186.412389 99.873297 -203.074775 -104.602141 -121.398064
1 124.961044 -47.993313 20.939073 -59.665693 36.638405 -51.495347 14.235975 -37.620142
3 183.986753 -54.582549 192.404058 -97.860432 23.184519 -95.171993 -47.537439 -104.422920
7 6.625669 -2.691358 5.219184 -10.416114 -16.722493 -8.314867 30.199782 -3.899805
3 -9.791917 -2.209300 42.877034 -16.974886 29.425353 -15.574564 -16.845140 -10.906579
3 55.362735 -20.517991 56.108186 -17.538583 11.526869 -30.898626 -21.040286 -33.002303
1 67.255524 -22.317248 -5.809659 -18.802842 6.565377 -17.522593 -1.276336 -8.092226
3 44.146497 20.243129 175.224064 -111.251353 80.743553 -112.679319 -23.750463 -72.676104
5 144.404505 -49.002093 123.286689 -125.889967 162.559791 -104.122498 -78.211812 -73.024611
3 8.307261 10.527768 22.823441 -10.634804 -9.856009 -10.954576 -1.691540 -8.521540
3 75.406606 -23.078536 105.039084 -78.683219 52.235036 -62.348653 -30.329166 -38.241152
1 21.881077 -1.381648 21.523956 -16.471106 6.194297 -14.086057 -10.908888 -6.751631
3 103.404401 -43.558250 211.991716 -124.372394 63.501947 -104.318370 -37.007424 -69.641622
1 74.547279 -17.636873 9.315018 -32.237511 25.047297 -29.774465 5.268081 -34.528825
8 -10.020066 -5.808160 16.650342 -9.776500 -12.631809 -7.824281 7.765852 21.644621
1 122.400472 -21.793550 33.294113 -38.049494 10.177569 -42.748173 -15.083190 -48.197745
1 415.750699 -137.794418 280.924845 -162.874041 44.270712 -177.233027 -91.425095 -171.619671
1 63.099758 -19.731237 40.003888 -16.235371 -19.912174 -16.607270 -15.200469 -15.417124
5 12.553791 -29.631851 5.327187 3.141791 29.692732 -12.804807 3.521936 -11.800776
3 92.225049 -22.457252 181.062675 -99.234716 23.468368 -84.849040 -28.918833 -61.296251
1 223.018425 -38.052510 192.649094 -151.005657 151.903252 -171.262676 -52.532574 -154.717354
1 121.504732 -20.998647 21.745093 -55.866322 82.009474 -60.160294 -41.759358 -46.474673
1 31.452546 2.835198 12.750228 -8.355632 -14.854559 -7.658106 -9.727280 -6.442396
3 48.304488 -11.203047 97.162376 -28.263621 -53.552657 -27.732135 2.563507 -27.278912
3 121.722743 18.881715 128.306434 -97.662504 -18.733897 -100.982537 7.979623 -59.511578
3 48.046108 23.826255 158.482856 -66.733884 9.502611 -65.926246 -57.648723 -49.548978
3 2.779122 0.084528 11.327988 -6.509001 0.300242 -7.456812 7.442306 -7.968374
1 112.237651 -13.815525 -5.521706 -32.551310 -13.569173 -25.182250 -9.958928 -11.638759
5 1.963488 -4.745923 -8.509240 0.000000 6.858113 -0.000000 -0.566495 5.000057
1 125.628509 -46.725477 74.998175 -46.009365 13.294209 -50.718168 -16.751449 -53.716431
1 485.890338 -197.522639 308.169416 -254.445447 197.741417 -230.999074 -92.370928 -216.463077
1 34.525579 -2.441869 25.437671 -16.803547 -15.583277 -14.229835 -4.343800 -6.560922
1 36.341171 -16.339612 13.719684 8.633354 -5.854848 -7.972765 -15.801406 -12.725576
1 118.088523 -12.453897 86.233174 -86.989442 29.091011 -69.761441 -6.539380 -57.668548
1 40.474848 -15.286192 39.500838 -28.562536 12.460585 -24.122811 -4.595316 -19.869415
1 20.462222 1.132173 3.725406 -3.477016 -16.817834 -2.877133 2.163546 -4.311364
5 1.845093 -5.159234 -1.345906 -5.138006 14.188739 -4.402837 4.281353 -4.269202
1 43.221609 -22.107415 28.282194 -14.094701 -4.846400 -11.353343 -8.875180 -10.226764
5 31.476037 -0.334600 8.551806 -35.652882 35.681709 -29.969811 10.202782 -19.955043
5 35.923066 -3.887214 34.964041 -48.711231 63.287369 -44.494942 1.311450 -38.392539
5 11.610167 -24.650250 19.997254 -2.308670 35.609930 -16.569011 -7.035869 -16.653552
7 33.832032 17.164571 -21.770664 -28.935200 10.235821 -26.482045 34.004908 -18.049424
4 -13.571183 -1.544530 5.297563 16.680460 2.714962 -3.083466 -3.280776 -3.213030
5 9.857642 -5.558147 12.735321 -22.148405 37.602605 -18.415114 -11.935778 -2.138123
1 17.792799 -8.139383 14.705388 -10.532140 7.404731 -9.283991 -3.373178 -8.574225
5 -2.516724 -16.729526 15.015132 -15.710396 42.455711 -13.662605 7.962345 -16.813938
1 97.872683 28.504650 39.561336 -53.852101 -18.085324 -43.295844 -50.510820 -0.194577
3 102.068035 68.120345 177.293090 -103.701560 -70.245241 -138.830648 20.914864 -55.618887
7 45.660931 36.886630 50.250166 -65.290564 37.334604 -73.240543 51.617042 -83.218264
1 106.887494 -44.630301 82.291652 -106.442033 105.720476 -106.973789 16.160998 -53.014501
3 29.958811 -31.286624 182.048947 -79.352756 -6.395896 -69.684843 25.259179 -50.546817
5 19.828400 -16.021032 -1.833513 -11.930654 35.184184 -9.866932 -21.067800 5.707347
3 9.654581 1.533935 21.809223 -6.509001 -15.345952 -7.010032 3.521393 -7.654147
1 138.032863 33.973761 74.409400 -111.862620 122.455451 -129.563835 -13.625292 -113.819730
5 -8.199197 13.059942 5.820725 -22.015627 31.294023 -17.208348 -0.056138 -2.695380
1 301.085079 -174.433623 277.371964 -189.233359 225.072925 -216.843662 -49.458707 -173.560613
1 40.964828 4.776186 24.102256 -29.856411 18.788801 -27.031426 -12.062083 -19.682150
5 59.690399 -40.260703 -46.753930 -49.734892 120.024350 -45.910847 58.810931 -55.865313
1 161.820760 -6.233046 94.577696 -97.209460 114.130890 -116.135105 -36.089959 -114.861778
1 243.558305 -34.982058 112.074405 -110.580864 0.444740 -96.619406 -29.019763 -84.875359
7 2.521394 1.622791 -8.089565 -13.724899 20.941269 -10.825620 23.170572 -15.615942
3 28.741024 -5.333428 82.569033 -27.461407 -20.952924 -40.796145 16.367182 -33.133335
1 25.946789 -11.814224 16.333792 -19.830717 20.707821 -18.470474 1.133648 -14.006635
3 61.304742 -30.191433 90.052112 -51.499868 11.004817 -48.220506 1.242923 -33.692785
3 36.224899 -0.896504 139.514977 -39.184438 26.170049 -62.497461 -25.346574 -73.984942
3 235.346682 -43.544524 256.764761 -130.794154 -39.812416 -127.785244 -61.827167 -88.347939
1 65.429396 -28.583030 11.126990 2.023913 -13.751458 -13.669779 -11.045846 -11.530184
1 209.018184 -56.662286 183.338341 -79.214544 -9.328692 -110.418496 -46.375063 -90.357438
3 42.641622 -22.238349 51.365408 -27.163752 8.508628 -20.579220 -13.204424 -19.329911
5 -25.273095 18.459807 9.695480 -29.755011 45.268762 -25.531402 34.536633 -27.401176
1 82.394757 -21.802403 -7.302601 -29.891938 27.086044 -25.332074 -4.322087 -20.829697
3 26.321376 -6.705560 58.712643 -42.615201 16.130294 -36.367253 2.613476 -18.089777
3 83.112237 3.571194 97.964020 -88.772560 32.478960 -72.720717 -10.668913 -44.964222
1 56.900122 -15.158756 17.296573 -25.060590 31.690435 -20.633544 -18.965401 -26.068837
1 92.555453 -14.123188 85.089573 -40.255693 -1.565334 -49.908847 -35.133115 -36.658846
1 129.902029 -9.174810 89.234134 -44.773529 58.619342 -88.057692 -60.251812 -75.497661
1 17.524486 16.289299 -6.849935 -14.348798 10.315695 -11.804984 -11.981204 0.855443
5 1.610160 -3.219525 24.928474 -16.165682 26.214566 -13.060002 -8.913137 -11.394853
3 26.708840 -19.237022 28.037042 -29.330584 12.460343 -23.637864 21.927959 -16.928714
1 99.495451 -9.857177 27.478041 -37.843639 -4.066135 -30.725130 -16.790129 -27.691280
3 26.920071 11.583374 28.280957 -17.946612 -21.304002 -16.358410 -2.659421 -8.515956
3 -5.133832 26.084154 39.467955 -19.532071 -18.725612 -18.155928 0.582933 -4.587599
3 0.778057 -0.666480 21.731915 -9.860310 7.935933 -9.537296 -3.822085 -6.559732
3 2.276550 23.362549 47.831019 -18.751336 -22.105693 -14.011197 -11.709595 -6.892295
3 123.524537 -4.156670 123.600860 -56.592801 -1.886028 -82.474521 -45.753646 -56.261729
1 137.537106 14.593549 -115.513621 -20.164144 84.933827 -61.176551 29.304397 -69.514568
3 43.382282 -35.227585 65.172136 -37.939300 1.208388 -29.315412 -2.266535 -5.013974
1 311.456131 67.924348 208.580167 -363.845219 114.817091 -393.812304 299.123474 -244.243688
1 53.451634 6.779515 -20.996984 -18.213141 -4.745912 -15.446706 5.447829 -6.276236
5 4.335143 -13.241923 10.361172 -6.089676 16.137310 -5.874738 4.308599 -9.935886
1 114.247719 -14.217683 83.971123 -49.079081 -22.297277 -36.410170 -28.346018 -47.868611
5 10.674687 -16.327511 4.029149 -12.377988 35.296417 -11.442822 3.478110 -13.330041
3 13.683188 5.014748 43.435479 -26.186515 17.576451 -23.629717 -7.563731 -22.329903
3 -3.579186 9.952200 14.836520 -5.298029 -6.437298 -3.895805 -4.131975 -1.446427
2 -5.915454 29.977632 1.535853 -10.190828 14.173445 -8.333716 -10.632032 -10.614900
1 85.563448 -24.968450 18.579268 -26.119830 -43.030743 -19.014087 -3.932566 12.922961
1 272.666221 -99.385705 52.373228 -107.715988 60.629456 -98.275959 3.481006 -83.772258
1 62.712130 4.602599 24.759818 -18.004948 0.130347 -29.302873 -26.577437 -18.319636
3 5.527355 -11.803051 23.453732 -9.428461 3.515481 -8.092227 7.380967 -10.553796
1 59.827240 -13.229749 -14.573893 -7.878219 -16.201892 -6.159811 0.680845 -2.464518
1 19.667069 3.960897 -4.925974 -11.205838 19.526462 -9.018036 -8.346662 -9.657918
3 35.923438 -0.070893 43.190417 -2.241581 17.038194 -35.211397 -35.207994 -23.420182
3 128.690229 -55.611268 140.160814 -89.934782 73.713305 -78.089643 -25.951082 -92.977573
1 173.963216 -64.413171 139.375772 -96.012067 24.752270 -78.983474 -44.199449 -54.483085
1 187.388027 -53.851233 182.863905 -124.664863 121.346377 -152.760837 -33.929482 -126.391895
3 27.039029 -26.432439 58.228407 -18.145446 3.341317 -16.579498 -20.191998 -7.259370
5 -26.253955 6.971193 39.275597 -33.912424 91.135390 -43.517567 -23.433787 -10.264445
1 42.942936 0.527701 0.098316 -36.652978 31.721131 -29.694263 -5.915847 -3.026996
1 97.819592 -53.757323 76.323737 -68.374172 69.005760 -59.932386 -0.506068 -60.579139
1 170.016797 -57.282246 63.556630 -91.777701 135.595856 -96.932201 -41.025234 -82.151898
3 17.291176 26.779416 161.896311 -60.459763 -29.116832 -52.399827 -23.388838 -40.601642
5 8.429983 -0.544865 19.958394 -29.666459 42.260294 -23.492645 7.338984 -24.283685
5 -0.713520 -7.954449 26.775097 -18.001077 32.887065 -14.618776 -5.962669 -12.411673
1 344.391453 -79.579370 241.719696 -193.077564 171.831262 -204.082190 -102.844116 -178.359164
3 -6.028375 -11.666604 32.147334 -5.558477 1.469174 -5.704528 0.938140 -5.596665
7 -43.210322 72.537308 65.571782 -71.822463 -13.272508 -64.464145 109.696911 -55.036561
1 219.576090 -46.456489 218.274780 -143.451137 59.477875 -146.203051 -91.858449 -69.359606
2 14.988848 15.231879 -12.804715 -9.862792 10.441609 -8.067159 -5.289831 -4.637840
3 1.315303 -0.928763 4.765496 -2.197918 -4.656553 -1.677676 1.880655 1.499456
1 168.684660 -52.834680 113.447920 -58.008163 -7.936330 -82.637917 -36.155190 -44.560297
1 44.524414 -10.098726 16.130565 -5.686312 -22.026108 -17.984687 4.307906 -9.167053
3 -1.148730 -12.243287 104.863075 -42.678340 95.684782 -51.550688 -59.906389 -33.020421
1 487.900802 -108.435860 408.301778 -234.761189 -6.572345 -247.235996 -122.508825 -176.688365
1 22.874336 -10.560778 11.765945 -13.125903 14.662834 -11.291253 -6.131576 -8.193607
3 3.067504 -12.280141 17.826684 -7.230542 15.016885 -6.624479 3.636576 -13.412488
5 -23.501269 9.997094 2.785574 -7.670491 30.561347 -6.891441 -1.208326 -4.072489
1 767.403797 -245.710529 263.264439 -271.828720 109.957603 -277.506667 -105.555159 -240.024760
5 -17.609103 -15.076186 -2.109914 -23.472413 71.957928 -19.150787 31.255343 -25.794868
1 59.290583 -2.829160 3.557666 -42.922524 28.588686 -34.180440 16.812733 -28.317545
1 97.671997 -8.910852 42.695658 -27.621111 -20.038092 -41.649184 -7.672031 -34.476385
5 -11.996317 -0.934114 6.153446 -2.665979 15.142356 -2.142304 -5.003948 1.446860
1 164.671043 42.993883 71.275961 -115.660067 46.259722 -107.261865 -4.832591 -97.446080
3 68.770424 -30.178525 76.671501 -40.570474 11.354828 -36.833591 -23.873471 -25.340692
3 112.685955 -32.683124 289.020532 -175.117954 85.761935 -152.848256 -27.562081 -99.256997
3 160.123715 -38.115627 180.766824 -79.314908 -11.162239 -85.167743 -55.405341 -71.724682
3 81.035515 -41.778983 102.385448 -28.759176 43.735873 -54.085831 -44.325230 -58.207616
5 146.193162 -27.575654 176.404423 -121.175443 197.721988 -180.832193 -60.163378 -130.572906
5 40.539665 -5.139428 -17.968897 -27.718948 46.140871 -23.516484 17.116000 -29.452775
1 29.236171 -16.007761 4.085127 -8.365699 -9.423767 -5.788730 1.330884 4.933775
5 44.341479 -15.527963 70.784894 -45.317724 88.679822 -57.725089 -21.346491 -63.888926
5 21.276561 -0.891028 8.503283 -31.311932 65.042112 -26.302505 -15.198150 -21.118340
2 -0.777858 11.554386 0.018609 2.016116 -2.125920 -17.900213 8.979163 -1.764280
3 11.102983 -18.175372 123.183563 -72.200547 70.143649 -55.550730 -37.035921 -21.467627
1 312.924572 -127.905563 157.254156 -200.714183 162.072473 -172.361327 -27.479202 -103.790923
1 14.253168 3.822287 11.376998 -7.515181 -0.495007 -6.451247 -10.306825 -4.684192
3 4.909540 -9.619184 87.857496 -39.286089 56.897605 -47.695750 -25.726270 -27.337346
1 27.080946 -8.821505 5.737789 -7.918496 -7.232508 -6.436222 -6.107664 3.697660
7 17.010362 -11.249876 -20.488505 3.825474 15.635309 -11.168850 20.100252 -13.664167
1 239.413822 -103.178767 109.958836 -68.456794 55.188268 -104.522467 -45.550516 -82.852373
1 24.044119 -6.381314 13.921874 -11.482581 17.107246 -9.882273 -22.002482 -5.324586
1 69.457396 9.282408 -0.047816 -22.973984 4.993003 -19.831060 -29.085277 -11.794667
5 -5.909262 -15.818306 4.511133 -9.702589 36.576711 -8.581656 2.162398 -3.238429
1 80.360296 4.001987 38.020483 -41.773977 -17.707490 -34.603774 0.130570 -28.428092
1 113.114851 11.084853 107.096881 -70.907217 -35.253258 -61.820800 -24.851506 -38.463806
3 51.742471 -31.364767 181.958944 -86.580239 71.697108 -90.021158 -5.051412 -92.380944
3 69.146131 21.570734 73.043757 -54.121573 29.393053 -46.808942 -40.103449 -52.119711
1 64.237672 22.414934 5.459794 -26.209280 -17.604333 -22.741684 -1.228256 -24.328847
3 -17.808075 2.968721 29.449877 -18.398660 24.181050 -16.572137 7.146793 -10.967570
7 5.041833 -2.350869 -3.339329 6.315479 5.084138 -9.766115 8.522454 -9.507592
5 29.513477 -20.194951 31.660551 -17.954190 50.263764 -28.016377 -29.606251 -15.666022
1 48.593629 -6.403963 -15.022705 -16.201571 5.000278 -13.840673 7.153483 -9.278478
5 15.422005 1.079496 -16.623818 -14.257701 39.161684 -12.440251 -5.345629 -6.995786
3 65.834100 4.642369 216.493121 -120.180103 78.802459 -103.224233 -76.042920 -66.324788
3 8.017336 33.436039 37.078392 -24.670384 -18.229497 -20.725833 -9.556783 -5.349268
1 126.320138 -88.569803 118.806265 -84.193125 76.869678 -84.884563 -16.550612 -47.797979
1 34.864054 16.641391 6.233582 -20.090194 14.660352 -15.287356 -28.707870 -8.313958
1 19.327654 4.333364 -12.763504 -3.895119 -5.608892 -3.866097 3.837681 -1.365088
1 43.933447 -14.036766 -9.864718 -9.226733 3.567485 -7.372581 2.167929 -9.168061
1 16.383109 -2.692186 -1.484460 -11.013603 2.196475 -9.338502 12.249492 -6.300326
1 22.608783 14.667977 10.372567 -20.701420 2.541004 -17.248979 -6.555754 -5.684178
1 21.821514 -2.851775 12.556902 -10.514543 4.886179 -6.360576 -9.086615 -10.451087
1 74.245579 9.917411 9.953769 -29.811808 -18.962741 -25.916096 3.302271 -22.728382
5 -20.555199 17.467383 59.026872 -38.712582 121.922251 -63.587025 -16.805789 -58.755914
1 79.121121 -46.238602 -8.198914 -21.479136 23.855062 -18.176424 3.465600 -12.348707
7 9.335757 -4.028781 9.149322 -2.046323 -15.595874 -2.986190 10.376986 -4.204896
3 35.488883 -36.151573 56.338448 -5.912350 50.207776 -36.180270 -20.533597 -43.257315
1 15.145352 -5.774832 -1.658440 -6.987730 7.187424 -6.397243 5.326164 -6.840695
3 39.064377 -12.986332 72.589060 -45.116980 58.301420 -52.366463 -11.663837 -47.821244
3 -23.244074 5.462935 30.159349 -12.829686 13.946398 -9.673436 -4.778412 0.956926
3 27.464276 -33.143676 99.084721 38.804509 -12.747523 -51.022766 -17.794032 -50.645509
3 14.305636 3.161551 36.800776 -12.566669 -16.142127 -9.737732 -9.031394 -6.790038
3 -2.495873 -10.397355 15.198083 -6.875672 1.152408 -5.008571 3.257267 5.169714
7 9.768885 -5.342006 -14.807335 15.743377 9.767629 -19.722674 17.099281 -12.507157
3 -8.912893 6.927276 14.319451 -11.865527 9.028879 -10.444363 11.390274 -10.443098
1 122.927231 -14.965580 20.495107 -63.057105 10.458930 -66.905046 21.461370 -30.414903
3 90.025817 -62.702256 108.993758 -60.161068 88.748757 -86.082243 -5.327531 -73.495232
2 5.802997 33.257010 -4.975657 -6.652028 -7.208164 -5.645535 -9.354713 -5.223910
3 25.917283 -9.295781 47.715585 -14.545910 -8.167300 -11.071439 -18.662847 -11.889590
3 21.855443 -16.310904 24.211978 -13.239628 17.359167 -11.083406 -10.477439 -12.315211
3 56.671064 6.080219 120.506246 -64.736662 -32.569956 -58.034757 10.659636 -38.575790
3 99.804664 -59.095118 104.875888 -23.863836 -12.846293 -44.167025 -43.490268 -21.218014
5 58.734294 -40.730866 3.351214 -27.454762 75.647693 -39.638458 13.306375 -43.215493
2 -3.087065 38.271310 6.778633 -12.228611 -13.984324 -10.808314 -0.572456 -4.369175
2 0.252688 23.760039 -5.057247 -16.304598 7.462431 -14.192815 6.791613 -2.712113
5 -12.546297 -15.981531 23.730824 -24.070400 66.008955 -19.084675 7.038987 -25.095863
1 150.778032 -27.992260 29.930690 -50.335974 7.100482 -58.251985 -2.654752 -48.574229
3 41.527443 73.439590 261.899245 -182.217361 -19.890175 -157.067921 69.891210 -87.582026
5 0.604384 16.313448 -21.892236 -12.810794 48.833240 -10.947117 -1.474360 -18.626566
3 15.314115 -9.193762 52.924082 -19.765112 -43.834686 -19.703163 24.918207 -0.659682
3 8.278203 -17.829654 79.510735 -23.833213 -5.130447 -19.575084 -7.061860 -14.358681
2 21.200384 36.028880 5.914149 -23.105135 -4.989755 -20.312062 -0.370151 -14.366311
3 39.050481 -43.704248 84.645621 -55.414240 73.961300 -45.240054 -18.923734 -34.375124
5 86.725980 -43.806825 70.677652 -34.750842 123.692361 -76.290452 -42.557699 -83.690175
5 21.637963 -26.146862 22.413330 -25.323137 43.387164 -37.116708 32.240467 -31.092220
5 52.128720 -10.436061 65.867766 -41.438770 74.331416 -56.025518 -48.560597 -35.866956
1 212.905130 -64.083682 133.360035 -47.699103 -1.770564 -104.371818 -49.053783 -79.286209
5 -25.113553 -7.153038 16.759250 -6.025676 26.605682 -5.432725 2.893445 -2.533385
1 289.558883 -38.743945 -91.152815 -78.505545 19.571922 -77.615305 25.522127 -48.635319
1 28.539426 -2.279734 -7.820093 -3.564471 -9.424351 -2.995188 2.251694 -4.707281
3 24.192419 -6.890856 34.877213 -11.200479 -31.175108 -10.073027 5.330143 -5.060305
1 39.589464 24.730003 24.463915 -20.859896 -47.941675 -19.694202 19.244987 -19.532594
3 9.879416 11.995122 56.566254 -18.461567 -11.282515 -16.736884 -19.010037 -12.949786
3 6.992039 -9.767487 20.803587 -5.605146 -5.913463 -5.076363 4.791036 -6.224203
1 87.675468 -1.305735 50.232525 -43.686262 -20.339583 -36.004541 0.969789 -37.541661
5 25.685873 -28.866977 -0.734027 -14.336542 41.543701 -10.901824 -11.917450 -0.472755
2 5.530339 15.699355 -0.667254 -2.606426 -12.856148 -3.062025 1.414120 -3.451962
3 -14.228886 8.750725 15.868062 -11.173044 1.207172 -9.509366 8.046126 1.039212
3 17.123657 -16.583554 31.411266 -3.282763 0.165643 -17.109759 1.980783 -13.705271
1 110.032992 11.577877 -1.522914 -56.288784 80.202975 -65.590212 2.815012 -81.226944
5 -9.580289 -22.384440 23.365101 -11.025028 63.107344 -22.991617 -5.628647 -14.862421
3 -58.515680 20.882538 186.818801 -79.621085 49.132034 -88.015671 -24.025821 -6.655110
4 1.787806 -6.836785 0.096696 14.465270 -0.236083 -2.616926 -3.387208 -3.272769
1 104.858628 10.631907 58.851865 -53.585186 8.492136 -48.362486 -36.846375 -44.040489
5 23.365646 11.695744 26.398117 -41.146016 36.696058 -34.681683 1.680270 -24.008139
3 24.744485 -12.252177 95.714046 -42.013237 -24.471123 -30.663567 5.235522 -16.293947
3 11.305687 -1.986395 11.535413 5.305793 -0.369240 -9.785257 -7.411328 -8.594673
1 18.020912 15.195798 0.896473 -17.813933 -5.413920 -15.779305 15.763608 -10.869632
5 3.081735 -0.056371 -3.928776 -21.171005 27.735828 -16.941411 12.098309 -0.818310
1 32.535505 -11.237843 -1.082270 -5.295269 25.882952 -20.070573 -2.996799 -17.735702
4 -9.861782 -5.648567 -10.275017 17.839525 11.148427 -2.935012 5.783492 -6.051066
5 -27.060773 -6.758558 16.793117 -9.848991 37.150351 -8.448589 5.140293 -6.966850
7 5.596279 19.065041 0.464051 -21.912714 -3.075844 -18.960225 25.364296 -6.540884
3 -34.923697 46.323423 62.917401 -20.357362 32.809817 -33.699533 -29.204527 -23.865522
1 74.611112 -33.367792 54.157698 -48.808130 23.819360 -41.844785 14.587233 -43.154699
3 76.036445 19.580365 97.395200 -70.435112 77.434013 -81.462393 -34.266284 -84.282235
3 -7.945589 0.104453 20.350233 -8.016108 5.468500 -4.419683 -7.787196 2.245391
3 7.247081 0.749995 16.309186 -6.509001 -5.024254 -7.456812 2.652180 -7.968374
1 381.343092 -34.396322 144.490369 -162.650228 -75.204184 -149.906012 22.900615 -126.577331
3 62.801183 -27.876235 77.764437 -45.885499 9.708576 -37.814158 -11.895314 -26.802990
2 -0.258603 15.777379 -11.575797 -9.873603 7.257003 -7.890826 11.133535 -4.569085
2 -19.091546 52.509304 -6.933966 -23.356232 41.505905 -20.308994 -8.009794 -16.314677
4 -11.096101 -9.263052 6.908397 21.607149 18.168453 -11.998244 -4.734724 -9.591879
3 211.311807 -110.067508 375.552109 -180.176638 154.190254 -215.643997 -58.662808 -176.503212
1 14.096511 2.321738 10.819018 -6.893023 0.746168 -6.692172 -3.639505 -10.758735
3 10.426164 4.868613 20.286893 4.668303 -15.435608 -12.719420 -2.164214 -9.930730
1 49.782023 -3.416312 33.084818 -24.467010 -15.732683 -21.173646 -6.161118 -11.916071
3 21.535702 -18.303839 35.915590 -24.244014 10.217380 -19.622450 3.511220 -9.009590
5 6.378314 11.842358 -1.516792 -9.093123 18.114513 -7.108647 -7.124624 -11.491998
5 -5.423832 -15.744551 14.786598 -13.920648 35.971597 -10.985424 8.596622 -13.280363
3 13.612131 9.552138 19.041537 -6.801074 -14.149735 -6.538008 -7.779529 -6.937460
1 102.598935 10.203529 63.932328 -63.151084 38.685235 -55.629640 -40.819366 -55.819935
3 4.649793 -79.605585 118.424800 -51.822493 75.239334 -47.285678 -9.825917 -9.774248
3 102.943445 -46.837617 104.800911 -22.210086 15.829407 -74.098843 -19.687839 -60.739378
3 9.343660 -5.843054 18.752125 -2.675271 -6.087202 -3.040244 -4.287198 -6.162817
1 138.584301 -12.335015 29.626811 -38.474805 -44.230490 -35.315284 -2.704012 -35.151504
3 17.817828 3.544502 39.076934 -24.277648 20.058174 -19.708881 -24.117944 -12.392964
1 130.859901 -93.873625 11.529088 76.631580 35.919140 -73.042873 -8.715572 -79.307638
1 26.408738 -6.615667 21.611256 0.644460 -11.683788 -15.634575 -2.310786 -12.419638
1 90.663304 -28.853032 -21.465418 -28.665735 8.994539 -21.452364 12.886381 -12.107676
1 27.518712 -7.049074 2.527845 -9.282563 6.094715 -9.500314 -2.331758 -7.977561
3 8.308764 -6.307115 24.384390 -8.696504 -0.199087 -7.733784 -0.659838 -9.096827
1 32.969882 5.674654 8.704240 -5.194505 13.631583 -18.904744 -22.031767 -14.849341
1 372.981965 -185.853428 232.488111 -185.574992 200.193657 -220.299564 -35.507438 -178.428305
5 17.764224 51.681502 -29.799144 -45.140517 52.813604 -38.327658 -14.331899 5.339892
3 -21.903032 15.951655 37.893734 -15.359761 6.087905 -13.700726 5.122680 -14.092454
3 -16.700616 -3.658844 18.667780 -3.104017 8.279066 -2.761768 -1.651259 0.929658
3 19.932058 -1.594165 33.397156 -31.523545 -10.678885 -23.965808 11.350116 3.083071
1 200.142219 -129.207382 157.542240 -118.512834 48.267034 -143.560053 27.823025 -42.494241
3 -13.140749 16.015280 16.614796 -16.892512 9.206549 -14.505405 9.039206 -6.337165
3 -6.802648 -4.871288 26.801163 -9.104144 -2.195690 -8.523000 16.050900 -11.355293
1 26.288228 -16.482310 -8.749121 10.471026 -1.776562 -4.969776 -1.588699 -3.192787
3 38.401001 -37.022494 65.075023 -48.535749 12.790596 -39.397961 19.036970 -10.347387
3 -1.609759 -7.593330 24.872425 -8.815467 16.796648 -7.377776 -12.659370 -3.613371
3 6.453985 7.286211 38.253171 -17.515434 -0.634712 -14.481235 -17.111321 -2.250667
5 4.027874 0.422656 22.937525 -19.536791 32.138323 -16.827394 -14.659454 -8.502740
5 47.653852 -14.119403 30.544627 -55.332915 50.155484 -46.549236 19.276734 -31.629142
3 7.716895 -26.834408 42.859728 16.100895 36.976866 -45.194621 -10.971847 -20.653510
3 26.995474 -8.962854 29.053392 -11.853709 -15.500093 -7.853647 -3.892826 -7.985736
5 -8.993836 -17.049977 13.427275 -42.892975 54.220595 -39.940242 48.198717 -6.969553
1 87.978100 -24.565629 41.228174 -52.965951 71.841487 -51.789162 -22.638112 -49.088908
1 112.290318 -59.544264 102.391103 -35.532639 80.770607 -76.818411 -46.729367 -76.827347
3 36.755303 -12.574873 51.526704 -24.441047 -10.491532 -21.721497 3.140193 -22.193252
1 19.536796 5.125590 -1.808776 -7.016536 -15.970982 -7.199821 10.023117 -2.689388
1 146.502449 -42.906109 57.315802 -62.940783 39.673794 -53.409338 -24.436316 -59.799498
1 99.973739 4.865453 62.676389 -57.768638 -20.907174 -48.256050 -28.143473 -12.440245
3 35.712336 41.585852 162.648322 -30.279379 114.271756 -120.617081 -126.538146 -76.783657
5 -16.928417 12.428299 -5.419386 -3.836188 16.688464 -4.088541 5.106168 -3.950399
3 34.374582 20.343272 104.489027 -68.731808 -23.621614 -57.818621 36.091153 -45.125992
3 -0.091232 23.344365 23.744542 -21.619911 -6.415261 -19.839158 14.401554 -13.524900
3 73.304403 62.365311 79.484342 -62.300912 76.767463 -101.163452 -33.091889 -95.365261
3 27.018561 11.583374 29.132577 -17.946612 -22.254112 -16.358410 -2.659421 -8.515956
1 125.857600 -50.602609 84.070216 -80.469740 93.673150 -72.024386 -28.895283 -71.608945
3 -3.950969 -5.728423 49.481737 -33.487336 33.480541 -27.662631 12.687263 -24.820182
1 16.370308 3.126853 -0.742868 5.707916 0.230892 -9.130554 -7.138605 -8.423942
1 32.744100 -16.465975 14.102510 8.808225 -14.740936 -7.415373 -10.678310 -6.354240
3 72.481144 -78.775342 205.675714 -59.068723 127.035620 -109.928405 -68.152268 -89.267740
1 56.132371 -3.427549 44.419458 -39.315897 24.990506 -35.861801 -10.597743 -36.339342
5 -4.356673 -18.069863 14.929147 -29.136961 74.836686 -24.591198 6.838343 -20.449480
1 60.180778 -27.278815 55.869859 -31.154175 0.638240 -28.641120 -2.794716 -26.820052
3 15.508868 -18.346704 55.687320 -9.535669 16.420992 -37.130380 9.791909 -32.396336
1 59.664926 19.038024 47.116568 -61.290836 15.040359 -52.418187 -9.673505 -17.477349
5 -0.810333 -8.597080 15.965369 -6.144953 16.761125 -5.259324 -9.230639 -2.684166
3 -19.812484 12.265355 31.772314 -17.832193 -5.331033 -16.572876 8.708412 6.802507
3 15.314633 22.259738 37.976325 -31.613587 -12.845588 -29.557318 30.838977 -32.373182
2 17.498936 28.243918 -0.281317 -18.428499 -7.706447 -14.791198 0.419383 -4.954775
1 70.037614 7.880660 34.469933 -25.749671 -16.081151 -39.391536 1.804495 -32.970342
1 141.350553 -9.715920 35.426863 -27.547308 -50.693601 -41.100647 -8.934963 -38.784980
1 305.756328 -80.915947 110.694401 -83.813091 1.073719 -97.946830 -64.079799 -90.768772
3 142.154148 -72.682661 158.284309 -54.349450 24.320580 -87.832762 -54.398142 -55.496019
3 18.683510 -19.000044 47.906761 -16.912121 -2.080809 -14.252157 -0.267002 -14.078140
1 40.119773 -17.392128 -26.205513 7.520825 4.599537 -9.094099 13.251493 -12.799887
5 -11.462565 -6.258703 69.126663 -49.716698 75.582402 -38.440903 -0.510889 -38.319309
5 89.622371 -50.489792 44.080412 -67.460482 109.061476 -69.079110 -7.021939 -48.712939
5 29.626327 -12.610787 -2.604018 -13.767534 36.046719 -11.296039 -16.133631 -9.261036
1 137.683205 11.733032 123.163076 -72.034693 95.256794 -138.273982 -68.265873 -89.261564
3 13.267807 -30.158834 181.185043 -79.806576 104.823113 -66.235166 -57.852048 -65.223335
1 14.947369 2.806759 10.096301 -6.640634 -22.418833 -5.564455 4.764999 2.008493
5 21.781893 -14.500878 -21.146294 -11.607936 34.775973 -9.858198 11.926497 -11.371059
8 5.984726 -6.016431 -4.215816 -6.987730 6.210195 -6.397243 5.088404 6.333895
