1 47.779111 -14.770990 -12.293735 -20.342739 41.248511 -20.024432 0.100424 -21.696146
5 102.233014 -43.836410 -19.716729 -56.632231 140.805606 -56.488843 -21.518555 -44.845846
1 114.938369 -92.834226 102.972138 -67.502188 114.550550 -67.085044 -24.462464 -80.577132
5 -2.233377 -3.494349 4.642625 -2.278915 15.361537 -2.326726 2.382102 -12.052898
3 10.561404 2.679144 23.687341 -9.008283 -4.562863 -9.041478 6.023436 -20.338701
5 37.422120 -24.401733 0.478780 -19.470030 50.142116 -19.307689 0.857163 -25.720725
1 195.251126 64.451419 183.912618 -165.283827 -7.822936 -167.035964 -71.749122 -31.723282
2 -0.890585 24.471009 -6.959049 -4.044637 -6.771217 -4.043504 -3.497450 1.735433
5 5.900617 -7.667361 -3.320880 -6.814543 19.426804 -6.672591 -6.981561 6.129516
8 35.890015 -17.743727 39.474695 -28.693165 -40.668011 -28.994021 -3.256822 43.991040
1 9.909967 -2.857872 2.600869 -5.381154 1.233886 -5.438888 9.060385 -9.127190
1 45.134132 -7.279325 3.450514 -19.703178 -25.556116 -19.902379 -6.686571 30.542926
1 62.988712 -36.202314 0.249260 -18.103339 45.602039 -17.599092 12.139429 -49.074694
5 25.974376 -14.366736 -19.403887 -22.659421 73.234708 -22.741904 -19.474482 -0.562653
5 -2.554348 -4.645934 11.100313 -14.042456 43.324190 -14.314800 25.724445 -44.591407
5 8.502942 -9.065880 -9.405748 -11.571655 61.078371 -11.504539 -12.169534 -15.863957
5 2.791134 -32.261380 21.630910 -17.096066 83.681317 -17.268796 5.026725 -46.503842
1 84.636042 -8.215959 34.403034 -42.701153 9.539141 -42.157094 14.511334 -50.015343
5 8.984103 -22.880104 1.840389 -13.214136 43.039530 -12.981458 -7.246979 2.458655
5 -8.709188 -7.400719 22.410001 -15.076311 53.048326 -15.124724 -3.192465 -25.954920
5 51.042478 -26.864696 38.186242 -67.837887 133.606169 -68.211317 -30.594483 -29.326495
5 1.296882 -32.579895 51.241909 -23.019725 67.129048 -23.361211 27.930236 -68.637241
5 4.680413 -13.842690 -3.573734 -9.939347 51.614691 -9.783190 -2.352509 -16.803633
1 109.051702 5.665854 37.648484 -79.368355 -1.392582 -80.291503 -74.892007 83.578422
5 -10.008539 -8.020171 2.627987 -8.694917 33.995389 -8.829895 -11.010155 9.940303
5 29.403846 -18.207403 -5.663298 -16.311184 60.115515 -16.148743 -9.212171 -23.976561
1 99.528488 -26.886169 6.390716 -46.202149 95.362488 -46.322099 29.328173 -111.199442
1 75.758820 34.481682 14.713725 -28.459839 -47.938795 -28.457094 -6.614252 -13.484246
8 26.280067 6.927648 19.324697 -22.935819 -23.904534 -23.409301 -24.745548 42.462795
3 -10.268097 5.476476 18.356624 -1.952060 -7.067602 -2.104458 1.357279 -3.798162
8 27.617926 -10.829522 31.403830 -37.320677 7.530940 -37.578106 -26.187290 45.362905
5 134.358130 -9.652015 56.849600 -91.146580 203.059719 -91.437504 -57.003585 -145.027763
1 6.417193 -3.476028 2.478043 -1.439545 -4.253083 -1.339843 1.290256 0.323008
3 29.573820 -19.852529 77.633526 -33.622678 6.054962 -33.479095 -22.325840 -3.982165
5 23.988025 5.725444 7.010724 -24.463851 54.042146 -24.730862 -5.455021 -36.116605
5 2.911365 -15.959098 6.274209 -13.889958 64.874860 -13.744175 2.475783 -32.942987
1 31.032730 23.890870 10.561999 -20.482258 27.621547 -20.274501 -22.754460 -29.595928
1 9.454664 -6.478739 -2.281571 -1.468626 7.181362 -1.392017 1.096545 -6.111618
7 2.994317 -14.400192 8.138449 -6.234721 11.407314 -6.111662 11.723178 -7.516683
1 39.945476 -7.222765 2.734513 -9.850086 5.189386 -9.377121 -10.499143 -10.920258
1 37.158073 -4.199964 -1.829218 -5.845361 -27.407831 -5.905696 -8.928101 16.958100
5 7.614208 -9.583035 -5.475088 -6.263443 17.375417 -6.328977 3.567355 -0.906437
5 0.133536 14.884341 3.320381 -15.901491 23.888772 -16.217649 -3.665786 -6.442102
1 176.251964 31.043009 35.316630 -95.279875 -5.536469 -95.619679 -52.383331 6.207758
5 -4.391072 -9.280276 -2.320995 -7.178540 45.527902 -7.217518 -4.229487 -10.910014
5 -15.568464 1.920301 -3.641661 -23.546177 110.751630 -23.565619 -16.090676 -30.259334
1 35.232133 -7.161799 6.193550 -23.194641 32.947242 -23.291353 -15.873020 -4.852108
1 150.687297 -32.748435 13.393740 -58.059237 25.540309 -58.136612 10.383997 -51.061052
1 90.092796 -18.020552 20.656305 -74.826673 28.374248 -75.456567 -26.588353 55.768809
5 -14.893610 -5.467284 4.931275 -6.404775 41.064430 -6.413794 -8.784281 -4.031962
1 90.490993 26.930305 53.592217 -46.909027 -33.779319 -47.220280 -28.298614 -14.806270
5 25.025936 -5.641306 -16.110414 -11.152556 32.316862 -11.157805 -6.500381 -6.780336
3 -2.406640 1.520854 9.747590 -1.906585 6.433766 -1.921734 -4.806899 -6.660352
1 66.468192 -29.068837 18.145449 -30.788222 53.186519 -30.771423 -23.230006 -23.941669
5 0.497809 0.116773 -1.656122 -24.340068 91.157968 -24.196659 0.030594 -41.610295
5 24.460772 -35.110022 10.593854 -17.371610 51.983152 -17.408476 33.051910 -50.199577
1 81.334929 -19.407681 25.500383 -44.624703 42.225390 -44.312044 39.232171 -79.948440
1 32.857952 2.989165 -2.453037 -11.240620 5.909862 -11.162522 -10.315679 -6.585119
5 39.307007 -23.030882 32.299184 -56.844842 147.641693 -56.833267 22.701445 -105.240337
5 2.920838 10.781490 24.777875 -22.759557 59.100223 -22.701420 -19.260574 -32.858871
3 42.247268 -23.127423 46.069204 -26.039430 -7.273007 -26.057340 6.576613 -12.395885
5 -0.258405 -21.270064 -8.291819 -12.207489 73.405541 -12.116492 2.074066 -21.335336
1 47.313915 -13.754606 -8.239968 -10.621856 13.977457 -10.597641 3.518928 -21.596228
5 0.471227 2.486866 -6.018048 -12.062474 43.344486 -12.136416 -15.177294 -0.908348
5 37.310455 12.927376 32.568808 -106.379043 301.951452 -106.916937 -37.406168 -134.055930
8 -5.113432 -8.489908 -2.989585 -8.776203 10.484643 -9.004231 0.647748 23.240970
5 16.120505 -16.810873 8.964133 -12.447418 44.142614 -12.475346 8.629015 -36.122627
1 57.360834 -18.848618 -6.608625 -12.845386 -0.004596 -12.712244 12.086821 -18.428183
8 1.203159 -5.482513 -4.340058 -3.395072 6.235457 -3.511757 -0.680563 9.971349
1 112.056386 85.086177 37.572315 -63.965266 73.639649 -64.070417 -58.942105 -121.376741
1 43.367122 8.569666 32.714048 -31.997843 25.308588 -32.093258 -7.675275 -38.193045
2 3.110409 9.444987 4.668910 -11.868993 0.185945 -11.859536 0.017433 6.300845
5 -0.830976 -3.591782 -2.269641 -5.211303 29.347343 -5.019958 -4.401578 -8.022105
3 21.563680 11.906496 54.992633 -27.217817 -38.610232 -27.177603 -23.868019 28.410868
3 4.023195 5.193672 21.166145 -8.308139 10.106110 -8.373716 -5.302155 -18.505114
7 1.452749 7.509509 -4.027280 -8.530568 -3.310964 -8.564328 16.561758 -1.090876
5 -3.835784 11.706605 8.173977 -6.018004 15.918853 -6.007858 -6.024813 -13.912977
5 15.571623 -21.738777 9.944564 -12.473403 54.001533 -12.260973 4.536434 -37.581000
5 20.739670 -9.646565 3.157575 -15.815426 28.432076 -15.699801 -14.923507 3.755980
5 28.968906 -28.329288 33.684124 -42.240291 140.153878 -41.960703 -24.354845 -65.921778
1 38.799000 -7.471213 14.793249 -15.320215 29.478211 -15.541087 -6.058762 -38.679184
1 15.911561 -11.428502 9.489946 -7.752487 12.428649 -7.748908 13.609746 -24.510006
1 41.074625 -14.773149 -15.551030 -13.725730 40.231319 -13.782609 1.639090 -25.112516
8 17.269192 14.396701 4.937766 -8.907890 -46.337063 -9.040538 -9.223383 36.905218
8 -3.051567 1.350301 -2.760655 -4.952709 -22.360529 -5.088593 -7.630694 44.494449
2 7.849299 24.901279 21.331202 -12.391502 -7.827596 -12.594916 -12.176931 -9.090836
1 107.069361 -6.928479 71.696322 -51.763572 -15.511436 -52.134695 -19.970211 -32.457289
1 38.064620 -14.840523 30.008973 -17.627982 19.506267 -17.357174 -16.034354 -21.719826
5 44.778207 -45.055517 -9.129503 -39.861838 173.845646 -39.848784 15.159103 -99.887310
1 67.914854 7.258563 19.503843 -19.642437 -63.673587 -19.896411 -9.309854 17.845035
1 54.463475 -36.523815 20.689351 -8.092145 3.678257 -8.038286 -1.754060 -24.422776
1 10.476400 0.581771 -3.931853 -2.022518 -0.072004 -2.037925 2.898402 -5.892273
2 3.111111 15.259271 -12.513317 -5.658747 9.929520 -5.809412 -7.736922 3.418495
5 31.846862 -25.487537 30.770237 -21.879564 63.145800 -21.866656 -12.100520 -44.428621
1 74.150348 -22.672774 24.023882 -17.520732 0.857384 -17.399586 -7.504588 -33.933931
3 14.136571 0.918008 49.251552 -27.530094 47.440915 -27.822201 -5.297945 -51.096803
1 34.128229 -10.061435 -5.890131 -12.885929 0.194327 -13.138334 -5.535401 13.188677
1 95.091299 -12.157205 71.880899 -26.384054 -52.213751 -26.436341 -14.001800 -35.779043
8 12.211923 -4.059173 -12.775206 -8.522366 -32.407804 -8.648458 -7.991916 62.193002
3 -4.619154 18.606505 45.335694 -16.002182 -9.874220 -16.207955 -11.490484 -5.748203
5 17.184975 -19.438703 2.806079 -16.227263 32.786320 -16.295512 -5.354334 4.538443
5 50.412489 -31.553905 -5.220958 -21.341485 58.775240 -21.193830 21.701864 -51.579413
1 279.151964 -45.915715 243.698205 -164.372267 51.706213 -165.415712 -42.664771 -156.187886
1 25.809713 5.736453 -6.727913 -12.387783 16.418467 -12.482514 -8.219600 -8.146823
1 73.696557 1.353255 15.887674 -24.014688 -11.226992 -24.081642 -27.332063 -4.282097
2 7.345234 49.111755 5.160423 -13.826740 0.150612 -13.885252 -17.211272 -16.844761
5 1.067788 -11.195788 -4.737401 -6.432191 40.388745 -6.268239 0.213932 -13.036844
1 61.995380 -8.905772 31.082015 -24.450106 20.936702 -24.138031 -12.253327 -44.266861
5 17.312379 -17.324739 -7.750625 -8.339887 45.255569 -8.310107 -0.669755 -20.172833
3 92.776631 25.372413 212.713559 -152.760449 -20.476830 -153.933151 -117.897553 114.205404
1 249.565262 -159.572835 190.853762 -132.403350 176.549041 -132.244906 37.327755 -230.074715
2 32.578594 53.436297 7.168355 -16.361036 -16.835513 -16.443904 -13.420643 -30.122151
2 9.926143 30.698295 16.686004 -14.501755 -35.165135 -14.748332 -20.638389 27.743172
1 28.798416 0.117239 5.125790 -15.336011 -3.508929 -15.380297 -10.015218 10.199011
2 17.323553 40.306858 5.107389 -17.006652 -11.113296 -17.044412 -14.212491 -3.360947
1 31.544913 8.663675 -3.968548 -9.739273 17.351373 -9.870965 -11.357557 -22.623618
3 -7.568389 17.501096 30.272211 -17.460293 -11.122830 -17.898101 -18.696849 24.973158
3 17.988804 18.305127 22.631570 -10.282598 -25.692092 -10.315684 -4.551276 -8.083851
5 17.063545 -33.253088 4.117484 -39.973164 132.238366 -39.879487 -9.422180 -30.891470
1 39.169364 -14.718696 -2.456879 -17.345291 2.759380 -17.390057 -5.971526 15.953707
5 34.420621 -49.607836 9.818929 -34.071165 146.430416 -33.588231 -6.773564 -66.629168
5 170.861653 8.702406 66.441209 -111.842803 256.423248 -111.644325 -8.892747 -270.048641
3 14.392601 -15.972610 26.033028 -8.676713 4.309231 -8.553067 10.976838 -22.509309
5 30.886061 -0.809208 15.938220 -26.997576 51.220310 -27.173932 -8.777871 -34.286003
3 -30.459135 20.256733 62.517483 -53.105917 22.620063 -53.804404 -28.672043 60.647227
2 19.309832 23.920910 2.879822 -12.022006 -3.486340 -12.128865 -8.429212 -10.044142
5 -6.474901 -10.561943 -4.626513 -7.322425 35.487044 -7.386126 -0.495329 1.380195
5 6.099518 8.613622 16.117444 -11.847984 24.245722 -11.769726 7.172105 -38.630701
5 39.573280 9.502400 -8.669031 -21.040536 56.960377 -20.965687 -22.180548 -33.180255
3 -38.691395 28.342244 140.704876 -80.645739 102.333970 -82.081845 21.364248 -91.326343
5 32.900236 -19.888475 6.152224 -10.237015 36.591348 -10.159014 -15.170683 -20.188621
3 -4.175913 -5.094651 23.565549 -5.153745 15.296808 -5.187382 -7.490082 -11.760585
5 -17.662937 3.306897 45.428231 -24.449141 84.762354 -24.451911 4.266075 -71.199569
5 30.828828 -46.449663 53.937948 -30.875262 73.294911 -30.816538 -9.274733 -40.645489
5 26.744454 16.159421 -16.277996 -37.967516 96.419500 -38.368938 24.688998 -71.397920
5 20.519123 -5.327670 -2.556972 -11.247257 24.604736 -11.196639 -2.104258 -12.691060
5 8.404602 -3.400813 6.706800 -4.822354 11.667202 -4.693164 -0.602300 -13.259973
3 31.581091 1.081019 34.310000 -9.664926 -22.125121 -9.690291 -3.739630 -21.752141
8 7.065586 -4.477165 0.776215 -3.526212 -8.423112 -3.559865 2.171469 9.973085
1 133.820133 -26.932476 101.620069 -110.807260 23.769300 -111.489595 0.613120 -10.593273
5 -1.363282 -8.463415 4.333349 -3.431698 20.481237 -3.374083 -1.121744 -7.060363
1 79.230931 43.487615 23.287069 -37.279480 25.993757 -37.220049 -32.183270 -65.316575
5 42.066624 27.675213 15.762266 -37.213594 68.352676 -37.221033 -41.538126 -37.884024
5 94.256109 -65.424339 64.192300 -51.689703 116.370671 -51.827845 -18.652089 -87.225103
5 34.974163 14.499720 16.224148 -29.677571 41.690762 -29.455956 -25.681972 -22.573295
1 127.180689 -42.445971 74.870894 -80.198288 61.060186 -79.844713 48.773711 -109.396497
5 6.475357 -10.437258 -10.163814 -8.854853 52.473641 -8.859927 -4.613258 -16.019887
2 -4.999074 15.496321 -11.682266 -5.350152 7.057139 -5.489642 -4.519486 9.487160
2 75.156938 91.061484 66.909802 -90.478938 -27.136625 -90.913637 -42.042685 17.443675
8 21.859335 -3.674679 9.438760 -22.288358 3.785118 -22.505097 -22.108073 35.492996
2 1.567703 12.639181 -2.710624 -4.034138 8.408143 -3.988609 -2.018293 -9.863364
1 69.303710 9.359004 57.117714 -37.350254 -38.254533 -37.772882 -50.559559 28.156807
1 75.165800 26.832159 13.641813 -33.974666 -4.099815 -34.119620 -51.676373 8.230708
5 0.054149 -12.598087 -10.088858 -9.972939 57.903326 -9.852357 -3.117733 -12.327500
1 250.271162 12.496534 129.295868 -169.197055 -3.594576 -169.869897 -139.355596 89.953584
5 67.030903 -31.269408 9.234388 -42.380097 116.869429 -41.703210 -14.755051 -63.026950
5 15.762211 -9.430454 26.278952 -16.200242 35.292288 -16.265783 -4.400935 -31.036035
5 -24.780055 7.044407 -4.047503 -3.828165 41.756824 -3.937065 3.239094 -15.447536
5 7.446104 -53.120017 44.365888 -31.868558 110.210783 -31.943323 14.405232 -59.496108
5 -9.226534 -1.078818 -2.925898 -0.343329 13.613512 -0.282293 2.758964 -2.515604
1 12.012941 -4.265312 -3.822262 -3.495900 1.750722 -3.475284 4.097916 -2.802820
1 18.192304 -14.221527 1.431611 -8.673970 -12.065079 -8.736195 6.696868 17.375989
5 10.545117 -7.600368 12.730683 -21.936666 15.026899 -21.912112 5.184666 7.961784
5 9.050788 -28.824733 32.728237 -14.729669 52.669370 -14.619256 2.925607 -39.200344
5 5.590969 10.657395 25.308719 -42.802619 47.044887 -43.027474 -7.321041 4.549166
8 4.215144 -5.482513 -6.550605 -3.395072 1.853291 -3.511757 4.421459 8.450054
2 1.511890 21.005560 12.338719 -11.675721 19.951277 -11.515858 -16.131564 -15.484304
8 10.236784 21.537346 42.264909 -33.647750 -21.699596 -34.104622 -33.451604 48.864543
5 1.582091 -4.205716 -11.857332 -4.869901 35.882433 -4.920814 4.306159 -15.916920
5 0.753987 -41.505003 -16.618177 -30.083562 178.004685 -29.906843 -3.285660 -57.359422
2 46.218563 70.243395 12.045659 -28.009891 -44.924883 -27.581681 -31.325720 3.334564
1 180.422101 1.715779 28.180929 -67.817353 69.353971 -67.413440 -20.865652 -123.576333
1 12.004055 -1.569715 5.755121 -4.214851 3.190651 -4.070994 -4.615633 -6.478636
1 167.597944 -28.120893 57.179874 -70.461055 -59.713669 -70.548972 -31.084648 35.151431
8 2.083419 -3.428652 -5.588147 -1.646684 -9.474657 -1.652633 -2.442665 22.150021
1 35.891127 -7.696013 -3.404279 -6.867562 4.085968 -6.785496 -1.273787 -13.949958
5 13.575623 -13.402996 2.826090 -10.556311 39.018838 -10.472518 7.666327 -28.655053
3 20.879480 -23.615369 32.194900 -18.291739 11.188179 -18.164744 -6.869998 2.679291
1 131.813348 11.480941 -35.013263 -47.223275 -30.874585 -46.623637 43.388698 -26.948225
3 1.870199 -39.141948 89.344326 -26.482704 15.339218 -26.337480 10.540767 -25.132378
5 80.934148 -49.083475 10.102049 -37.453394 114.464088 -37.553450 -3.178633 -78.231330
1 81.275740 -38.677718 54.173820 -37.418502 57.367752 -36.906519 4.364267 -84.178840
1 210.847416 -14.975595 114.974440 -119.949136 -77.628799 -121.194960 -54.721526 62.648177
5 47.016288 -15.056495 -7.235363 -35.058179 116.867950 -34.951706 6.896646 -78.479140
3 26.463660 -12.857110 51.073454 -13.319852 4.226941 -13.191020 -13.870708 -28.525367
5 13.920875 -3.361174 47.523038 -66.318580 182.703766 -66.386189 -25.318116 -82.763617
1 17.562951 -0.168384 0.158285 -12.632115 5.678817 -12.561139 13.460712 -11.499123
5 15.708035 -17.255997 0.106998 -16.760027 50.732080 -17.056859 -16.954222 1.479994
5 116.473046 94.706840 170.557042 -223.414613 222.908398 -224.828020 -57.928187 -98.474486
8 1.022232 -2.107486 1.845231 -2.833980 -3.596663 -2.831748 -1.613433 10.115848
5 4.900858 -6.649545 14.588511 -16.015780 52.350855 -16.326479 -20.577384 -12.271036
5 11.289458 -2.385331 -6.134224 -4.331157 13.330832 -4.334629 -2.568270 -4.866677
5 14.706391 -8.165091 -1.581582 -6.849104 25.332804 -6.866434 0.845841 -17.422825
5 -17.082665 13.957742 19.612828 -12.746689 32.262349 -12.763308 8.193343 -31.433600
3 10.431724 -4.001621 13.132387 -7.758485 -12.642311 -7.850903 -2.840153 11.529363
1 96.029326 -0.117821 18.744421 -33.591722 -37.313033 -33.562110 -22.050738 11.861684
1 42.262302 -7.954254 13.600339 -14.785394 -24.265536 -14.761699 4.977013 0.927231
8 -2.966005 -4.564550 -0.228548 -3.206480 -11.609000 -3.305267 -2.750418 28.630268
5 43.806931 -34.447081 25.607352 -43.793774 92.709670 -44.005090 -23.158196 -16.719812
3 18.895401 -11.409836 29.460744 -15.902384 -3.056777 -15.605910 0.860495 -3.241734
3 21.182935 -12.761815 22.488541 -5.290530 -7.629415 -5.373067 4.728218 -17.344867
2 -6.948522 19.700518 8.319210 -3.762119 -1.569302 -3.768926 -4.387986 -7.582875
5 51.307583 -12.015580 55.676472 -37.294382 76.945781 -36.892845 -48.789821 -48.937206
5 -0.245377 -9.184589 -8.993437 -9.370172 61.496200 -9.395612 -8.416965 -15.890048
1 99.460331 19.879838 -7.816388 -29.402337 -0.913479 -29.364476 -12.115505 -39.727982
3 79.543234 31.869161 140.359286 -51.673234 -96.195004 -52.354013 -38.509100 -13.040322
3 -5.924986 -16.228979 15.633050 -8.748688 10.445683 -8.920384 -1.421336 15.165640
1 57.607455 -28.079068 44.017832 -30.102916 1.305252 -30.274924 -15.314231 0.840603
1 23.734656 -16.563846 23.507431 -6.080530 -2.788475 -6.014582 2.864591 -18.659246
5 -4.806037 1.563238 -1.721527 -2.408185 19.942564 -2.427397 -7.146010 -2.996646
1 83.126706 3.014762 50.546889 -43.004046 -2.599803 -43.041266 -44.485599 -3.557639
1 134.663978 -23.806957 -10.321633 -35.245813 21.166671 -34.927791 15.013677 -66.542127
3 -6.171649 -17.150291 66.108855 -32.835426 64.020237 -32.859691 13.747829 -54.859857
5 11.052343 -15.009262 24.235427 -13.224385 48.720608 -13.412058 -12.149267 -30.213406
5 3.956126 -11.271860 0.244861 -7.150991 39.855866 -7.163581 6.530707 -25.001127
3 18.110335 -6.870917 38.801992 -16.920524 -25.143164 -17.163919 -7.081293 16.267491
5 23.012507 2.233477 -4.528389 -12.214419 24.773392 -11.835924 -12.481192 -8.959452
8 -8.695548 -10.262587 -8.759943 -10.761794 -5.199545 -11.061215 -10.111683 64.852319
3 22.147234 6.705071 32.088407 -9.479688 -20.121042 -9.578054 -14.387509 -7.374419
5 38.208145 -69.174084 48.530740 -54.705190 119.520715 -54.993548 2.315004 -29.701776
5 18.759721 -27.730135 -15.851339 -21.820182 115.437253 -21.426004 -5.498567 -41.870744
1 65.700222 0.327631 57.058919 -40.597657 -27.334246 -40.736409 0.488537 -14.906992
5 4.345835 -25.768168 22.919713 -19.111105 78.832596 -18.985214 -3.597726 -38.635932
5 11.449317 -26.811089 7.646583 -22.871163 58.429248 -22.894224 -20.647954 15.699288
3 28.638306 0.356525 124.451557 -50.317480 47.605863 -49.723975 -38.307171 -62.703624
3 54.536163 0.966242 82.538486 -47.930698 26.595515 -47.983084 -32.701652 -36.020966
5 1.880463 -0.361327 -3.401995 -0.099546 2.588300 -0.130693 -0.711455 0.236252
1 108.123538 -32.305765 17.323769 -43.301177 44.317713 -43.112140 -5.119056 -45.926879
5 12.972417 -19.666033 11.118048 -14.210184 62.127432 -14.038248 -7.714796 -30.588634
1 99.370550 9.512991 63.124713 -58.620614 -7.629019 -58.665968 -44.515331 -2.577313
3 26.924540 -27.100386 80.978486 -47.515279 7.216528 -48.241551 -30.056245 37.793916
1 154.958542 46.313521 141.072515 -101.642125 -8.015350 -101.883355 -75.029390 -55.774347
5 -6.159713 -2.934311 8.566661 -4.331157 20.189871 -4.334629 -3.428406 -7.568317
3 -7.447405 -3.996081 7.191970 -1.352657 6.372494 -1.339843 6.990484 -6.418960
1 105.753211 18.138974 80.630985 -67.021900 -65.312238 -67.036847 9.442738 -14.594916
3 -4.782395 -7.290010 10.051455 -2.545782 -1.445307 -2.552427 -0.686611 9.251076
5 177.915082 -28.903782 -56.786063 -108.344008 276.786469 -109.147080 43.924434 -195.445041
5 58.156698 -76.530148 58.977188 -59.588874 194.309664 -58.991218 -11.161110 -105.172199
3 18.559874 -21.730548 23.392773 -13.054342 7.537627 -13.068706 7.349865 -8.986541
1 14.002001 -1.160028 4.478557 -11.701017 6.749511 -11.916629 -9.189918 8.737524
3 25.609350 -4.218717 29.892179 -17.657412 -12.870063 -17.900792 -12.354594 9.500050
8 -3.786876 -6.662433 7.099816 -4.321329 3.333714 -4.498640 -0.321178 9.156928
5 9.734950 -9.692060 -1.531544 -9.380023 45.610489 -9.326445 -4.569868 -20.845500
5 40.662165 -23.103938 -16.465672 -20.640362 61.045164 -20.504581 6.087473 -27.080247
5 23.095165 -34.377320 20.380022 -27.219798 83.308165 -27.293072 19.864473 -57.757636
3 22.728721 -12.907015 24.084768 -17.530672 20.417033 -18.030714 -21.281461 2.519345
5 13.273083 -1.985710 -3.788659 -4.397476 14.499599 -4.439037 -5.290958 -7.870843
3 -2.194624 -12.219764 31.306515 -4.672797 8.520217 -4.734583 -3.882761 -12.122204
1 73.474857 13.115940 9.731739 -19.339442 12.706535 -19.480103 -24.031845 -46.177682
3 71.280207 -38.089354 88.795116 -36.983892 -40.501123 -37.254765 5.083490 -12.329671
2 9.468082 10.354247 3.760139 -9.308697 -6.812993 -9.277149 -7.595430 9.411801
3 147.981583 -82.312547 258.740855 -130.847674 215.604333 -130.803500 -67.382275 -210.980765
3 59.206487 39.589859 66.780320 -41.963603 -2.818187 -41.805027 -36.074640 -42.915211
8 -0.138864 -12.357576 -8.594862 -11.846696 -4.057979 -12.048249 -2.691566 51.735794
5 0.354586 -10.996225 -3.209102 -5.963479 22.658865 -6.002704 -4.875620 8.033679
1 24.542965 -5.563099 2.922227 -6.596262 -8.976951 -6.566897 -5.332919 5.570937
3 2.075922 -5.309658 13.238228 -2.939603 0.366976 -2.947762 -0.307174 -4.176930
5 0.582720 -10.731087 -6.154957 -6.432191 39.211505 -6.268239 1.115216 -11.322966
1 23.247079 -7.985740 -4.034237 -5.707580 -7.628462 -5.766035 0.724819 7.150156
1 31.676932 -0.000761 -7.816382 -8.989330 -15.618781 -8.886726 1.560030 8.075021
1 74.126063 -42.407656 57.589513 -45.915697 58.459361 -45.755772 21.022821 -77.118628
8 -3.275367 -11.180026 2.616768 -11.226633 0.957956 -11.391856 -6.200433 39.699593
5 23.263692 -88.750255 23.431513 -81.003191 254.682809 -81.759461 -19.942262 -29.922840
5 -1.084932 3.437875 -1.954001 -3.478474 19.340966 -3.487902 -4.064346 -8.709186
5 3.436066 -8.256394 -4.210480 -4.770355 27.430439 -4.790121 0.871416 -9.710571
5 123.643336 -18.696122 112.172234 -106.986769 194.148959 -107.521767 -71.662742 -125.097121
1 41.631049 -3.039977 15.408548 -15.828009 3.346380 -15.798027 -7.986574 -17.733390
1 344.059945 -24.481733 83.349856 -164.071915 -52.620354 -165.067264 -100.916709 79.748189
1 119.524821 19.562883 97.746511 -80.610224 -19.528697 -80.396778 -88.882688 32.584182
5 11.828057 3.212732 -2.211405 -12.245128 36.642306 -12.101064 -11.967806 -13.157692
1 31.586808 -13.155829 4.478557 -12.870206 8.197737 -12.895997 4.963973 -10.305043
8 15.963423 11.979348 -4.048704 -22.222194 -5.214564 -22.453267 -13.356046 39.352007
5 16.722610 -21.011051 15.844523 -14.337367 41.701779 -14.068743 -14.317138 -10.534614
3 82.972065 1.342857 113.893373 -69.387008 -13.099023 -69.661267 13.415550 -59.476539
3 142.629124 43.910560 169.095875 -76.908311 -105.687615 -77.737320 -43.774007 -51.528297
1 64.419874 -49.010962 0.823431 -43.692374 46.618052 -43.826794 -20.567247 45.236022
5 4.599741 -13.191578 -5.631638 -10.378109 61.411592 -10.282080 -5.150473 -21.377454
1 24.332209 -7.509312 4.246478 -9.142447 9.528958 -9.051063 3.602570 -16.007392
1 113.142019 -3.557303 95.119475 -88.946538 73.778195 -89.366887 -17.232694 -82.936259
5 16.520361 -4.595593 8.502558 -24.917358 33.979138 -25.137777 -23.474771 19.123445
5 22.738074 -16.630047 20.797487 -14.097441 32.293785 -14.181293 -14.076340 -16.844224
2 53.716455 65.544794 43.802404 -35.225645 -15.944300 -35.348412 -32.897341 -43.647955
1 183.867735 67.567621 105.176425 -143.750606 -64.797604 -145.168854 -130.321428 127.426722
2 5.960556 41.145105 -15.418773 -17.150102 13.536789 -17.329975 -20.405048 9.661448
3 16.709636 5.571437 20.190826 -10.001618 -1.422833 -9.895156 -13.956868 -7.195425
1 27.965622 -14.567029 8.081088 -8.465911 -9.139948 -8.458291 4.277073 0.307397
1 239.106997 -37.125955 109.104580 -141.345109 86.756956 -141.348951 -66.468281 -48.680221
1 86.178480 54.961051 23.730091 -40.205276 -69.562582 -40.514037 -20.795812 6.208094
5 -5.057784 8.731727 -0.258549 -7.319883 32.393231 -7.381994 -4.916410 -16.190338
5 13.143623 -15.599614 -8.015887 -28.706827 130.620395 -28.340383 -22.611289 -40.490016
5 137.384171 -57.319010 54.433493 -83.143823 220.708401 -82.671441 -51.121154 -138.270632
1 162.123192 -23.517497 29.620993 -53.801900 -24.212131 -54.030564 -39.791402 3.609315
5 19.702421 -11.150099 -12.550441 -9.157221 49.312367 -9.033798 -11.041650 -16.081577
1 67.073025 -10.108674 -16.368504 -22.922616 18.319633 -22.871254 38.983356 -52.104963
1 77.339519 12.958593 26.027590 -29.180083 14.806269 -28.795538 -23.104996 -50.051354
1 96.912278 27.663785 15.257831 -43.732429 -26.449422 -43.724880 -39.516647 13.589488
3 156.181421 65.031461 217.128620 -180.341479 55.305884 -181.267670 -93.131843 -38.906375
5 3.861396 -12.564438 -4.801037 -10.700458 56.423193 -10.705420 8.257563 -29.770799
1 21.723244 10.308330 -3.958792 -8.334070 9.723114 -8.349731 -8.367922 -12.744174
3 58.799917 -3.062740 73.200810 -48.176836 11.464516 -48.445125 -29.613259 -14.167274
5 31.087522 -15.244919 2.431300 -24.521833 76.326520 -24.601606 -13.621553 -31.855432
5 -11.306320 14.442798 -4.525847 -3.312069 15.321819 -3.276031 0.483893 -7.828243
1 21.015302 -1.483810 -10.287068 -16.208367 19.304063 -16.217529 -15.383110 19.260525
8 -0.887064 -2.712316 -4.125745 -3.395072 6.208728 -3.511757 -0.680563 9.103791
5 5.576130 -21.286699 29.237829 -27.523566 88.075052 -27.676913 -13.483533 -32.918298
8 16.776907 -3.999956 15.452850 -33.145487 0.511989 -33.376641 -6.775258 44.555601
1 62.332346 -20.544229 20.894956 -14.282538 -3.762583 -13.967513 -4.294913 -26.375526
5 33.434289 -40.061329 -29.614866 -24.508722 77.929019 -24.392030 -4.298778 11.512421
1 8.502673 -6.478739 2.722869 -1.600395 3.524082 -1.483578 0.924706 -6.111618
5 20.415648 -8.503149 -8.759600 -16.165786 35.311852 -16.327065 -2.893784 -3.078114
8 2.266350 -5.050180 11.051549 -8.574206 6.826462 -8.677278 -11.862123 14.019427
1 28.589137 10.382041 -1.679875 -12.229563 6.649662 -12.357722 -4.786922 -14.566758
8 -11.720759 9.341126 8.454040 -11.494259 2.797744 -11.753083 -8.510106 22.885300
5 124.586168 -128.052491 19.300066 -119.900873 459.138330 -118.245653 -19.783136 -217.042401
3 15.076630 -27.895452 121.357516 -54.011644 24.703693 -54.530420 -26.695517 1.995204
1 131.408180 -97.150165 56.847504 -87.726136 117.712801 -88.323438 -19.089244 -13.679491
1 98.426669 14.096195 45.609632 -65.616551 87.673536 -65.002225 -45.367036 -69.820215
1 54.520156 9.400666 -2.386912 -14.164676 -5.276016 -14.085144 -7.037928 -20.970147
5 9.447571 -7.482219 -9.558408 -8.458462 44.375547 -8.285605 -9.148269 -10.890153
5 143.737439 -89.072993 114.524670 -104.808234 168.383923 -105.025305 -57.459024 -70.280467
5 -1.147210 -1.801832 6.809508 -14.591111 47.332341 -14.142114 -3.108881 -19.350698
5 37.700478 -18.578817 -16.866650 -14.408345 60.554191 -14.346820 -1.339633 -32.714404
5 26.114377 -17.795783 -5.555314 -18.044234 40.415166 -18.174648 -1.167994 -5.791565
5 47.582850 -53.899819 41.824875 -37.386146 116.905677 -37.347823 -16.524692 -61.154922
1 109.513983 31.449029 72.602733 -86.045358 -36.345448 -86.891581 -55.285366 51.002017
1 112.916724 107.051321 52.885962 -90.475826 -5.545068 -90.810672 -56.042845 -29.979593
5 -16.845009 -4.589945 18.892473 -5.591363 35.578576 -5.666819 14.342173 -36.120085
5 72.499822 -42.950593 -2.305028 -39.707629 112.318538 -39.234459 -5.032435 -55.588214
5 6.133234 13.468913 4.677880 -17.943245 34.562713 -17.908305 -11.279295 -11.711892
3 33.481907 11.426523 47.498180 -25.727078 4.977050 -25.481400 -22.816203 -23.358977
5 -6.942481 -36.710707 49.885975 -31.469705 58.194368 -32.127598 -14.531578 13.701731
5 63.750627 -70.743965 126.398153 -124.504610 414.675082 -124.679813 -97.643341 -187.252128
1 15.552026 -1.637556 11.186380 -7.753814 -11.295730 -7.833524 -5.697647 7.479867
5 88.705858 9.356219 74.326484 -85.096628 145.075938 -84.566084 -6.244598 -141.557184
1 27.289858 8.591385 6.519174 -19.452120 19.825019 -19.731346 -16.802505 -6.239463
5 34.796189 -38.355254 21.832514 -23.329760 34.993856 -22.986777 4.606207 -11.556973
5 48.772613 16.781857 -17.883864 -28.603551 51.388285 -28.715293 -21.660924 -20.079122
5 37.762210 -7.466554 -13.494537 -31.864844 93.661566 -31.763767 -4.621666 -42.212406
1 72.464740 -27.718144 54.243594 -39.181582 67.514015 -39.267776 -16.878500 -71.176347
3 76.755509 -35.438599 91.604136 -56.181808 79.596632 -56.694232 -16.657174 -82.984457
2 -7.366446 74.280531 15.323589 -40.772337 27.197524 -41.063397 1.704099 -29.303561
1 112.195587 3.795579 37.043935 -63.792573 -62.133901 -64.450875 -5.140196 42.482454
1 38.067248 -21.768422 -0.430126 -6.941659 14.825852 -6.939029 7.544735 -24.358598
3 6.816773 5.129367 8.723141 -7.111417 -11.061342 -7.096022 2.481290 2.118213
1 38.138836 22.109796 1.103986 -24.876939 33.814142 -24.812682 -20.053001 -25.424138
1 58.853240 23.655794 -1.122792 -28.551196 -22.715973 -28.725169 -30.916948 29.523048
5 13.780078 -16.618334 -8.328190 -12.130980 60.084078 -11.961284 2.288677 -27.114043
1 89.459105 -22.972219 -3.753779 -33.868002 62.110903 -34.194628 -11.132243 -45.649133
5 6.783918 -15.905869 13.639774 -10.964970 34.364572 -10.782978 1.496407 -18.630851
1 28.999416 13.335988 0.758592 -10.148973 -0.584124 -10.081054 2.493137 -24.772983
1 102.350694 -10.928032 63.696801 -62.264066 40.357754 -61.971054 -31.647802 -39.594289
3 10.981789 -19.319363 163.065015 -35.745538 10.000053 -35.940046 -30.524927 -62.516980
3 22.016592 -7.225505 46.760681 -25.665842 25.367571 -25.632207 -22.510269 -13.111022
5 90.305001 -423.440296 469.756219 -267.443027 738.991762 -267.050924 124.830035 -465.948749
5 5.458631 -28.879534 -2.426748 -14.029512 77.112073 -13.970178 0.882456 -24.147188
5 -16.853699 6.168263 -4.914794 -5.892487 20.377108 -5.948768 -0.176924 7.241298
1 59.206656 -15.943327 33.937924 -37.621416 45.161164 -38.028999 -30.347384 -16.364618
2 16.897610 74.287634 -0.696994 -32.660505 21.823862 -32.839894 -29.317140 -17.494574
5 22.208144 -18.436909 24.318921 -17.844524 40.588983 -17.730820 -7.988248 -25.115545
5 -8.787317 -4.091147 -3.025533 -1.564217 19.633953 -1.530575 8.059112 -8.694275
3 -2.074525 -7.567870 16.187391 -3.027928 7.121283 -3.039323 4.415946 -12.014974
1 43.099226 -4.249336 14.590386 -24.455357 35.145080 -24.104365 -19.747691 -20.277944
1 127.093582 -19.930973 83.185256 -95.824645 73.096114 -95.872835 -63.792126 -7.954362
3 19.133098 4.034162 49.437784 -25.524114 12.375371 -25.643497 -20.638837 -13.173963
5 1.910355 -9.666271 10.170457 -8.603665 41.917458 -8.598528 -12.550565 -14.579242
1 114.013662 -7.136590 21.142257 -83.161756 31.912266 -83.145201 -44.048813 50.424183
3 14.459025 6.427004 25.882566 -2.871526 -30.786622 -2.855126 -8.911751 -1.343569
2 -14.716986 43.207524 3.073167 -25.812047 4.590531 -26.116129 -11.126534 26.900479
3 21.207269 28.305091 112.075841 -53.825621 -29.581608 -54.461874 -73.729867 50.010776
3 80.172914 55.444226 134.694039 -71.470919 -10.538329 -71.895190 -55.127141 -61.279592
1 157.839202 -66.794561 102.408211 -109.610031 113.387605 -109.886850 -28.745852 -58.597715
1 19.041888 2.648992 14.387622 -14.487420 2.911744 -14.629404 -12.408096 2.534678
1 96.593084 -27.252097 27.209556 -36.520920 22.057697 -36.822452 4.365657 -49.630521
5 40.269845 -15.903343 28.220034 -24.269522 57.126042 -24.271884 0.266807 -61.437978
8 -16.239332 -2.873567 13.028202 -8.056850 -13.845476 -8.232657 -5.503957 41.723637
1 60.704371 7.816470 28.915892 -51.305538 -11.397804 -51.508746 -33.039974 49.815336
5 13.860881 -55.134992 -19.692652 -46.960139 242.112321 -46.817248 -7.418615 -79.949560
1 70.597595 -1.707537 6.103018 -21.204279 -1.988963 -21.319284 -20.017624 -10.462923
8 9.274176 -12.609771 15.503939 -14.119018 2.497446 -14.218917 -11.030293 24.702438
1 242.933789 84.614930 162.441899 -164.507841 -153.910613 -165.657615 -102.332299 96.417771
1 21.514566 2.258149 -6.632116 -5.742265 5.045439 -5.675772 -0.090202 -10.677798
5 -7.220294 -38.559726 79.552808 -46.647444 126.916555 -46.037446 30.017478 -98.021928
1 131.953223 -16.315317 126.642677 -95.710433 -15.229062 -96.610378 10.260541 -44.991230
5 12.490559 -50.944576 22.221730 -43.977262 186.590325 -44.610871 24.380596 -106.150500
1 29.534519 -11.580979 7.962669 -3.586777 -0.578106 -3.467953 -4.163483 -14.119889
1 140.482335 -23.413448 74.077993 -53.761270 -28.975066 -53.834572 -25.149093 -29.426874
3 35.218419 -23.467447 54.267075 -13.726687 -1.461017 -13.240689 -5.810042 -31.779614
1 134.913184 -8.734397 -4.222835 -43.983415 -56.277657 -44.126779 -5.455556 27.887459
1 265.977951 16.211960 199.337400 -196.924366 29.272930 -197.637946 -69.115620 -47.122288
1 25.584404 -6.064744 -9.137582 -11.451187 23.546895 -11.208795 3.616944 -14.885937
5 -1.604041 -5.369675 11.335867 -5.759768 25.212517 -5.769286 -7.364458 -10.681156
1 8.307342 -6.724063 -2.773973 -4.336985 -1.412065 -4.368097 3.014673 8.293170
5 11.957547 3.100437 5.782381 -20.226241 65.882989 -20.135382 -14.099256 -32.262474
3 331.167647 -38.984236 331.364206 -221.988227 75.434154 -222.058622 -179.457100 -75.477809
5 46.204666 -44.037617 42.094893 -22.235122 51.656781 -22.036036 10.486877 -62.134438
5 47.083120 -16.932892 -17.700732 -39.598188 115.735149 -39.436435 -34.576016 -14.574001
1 13.616886 -1.287255 -3.365233 -1.922972 -5.310055 -1.907232 3.448271 -3.272409
3 35.929539 42.704706 212.178204 -82.135189 7.538791 -83.273535 -50.082601 -82.859903
5 33.700014 -0.285071 9.593872 -34.016390 42.904551 -34.169182 -20.209196 2.481403
5 21.092755 40.878578 121.639934 -132.801657 152.391098 -134.434675 -64.742974 -4.023042
8 19.499389 -15.059967 13.476388 -74.285008 80.106916 -75.442122 -65.415180 117.119595
5 18.540685 -16.494929 -6.373382 -11.619459 53.674743 -11.656554 1.717257 -27.788360
1 105.733996 -19.999720 17.044176 -43.384548 -22.596815 -43.680243 -34.797733 41.680891
1 84.992124 -24.033682 76.028947 -16.904558 -39.339233 -17.217386 -25.395499 -38.130712
1 20.302705 -7.151431 9.788231 -7.981396 12.128729 -7.814018 -8.022818 -11.250001
3 37.674138 -2.740733 62.329378 -36.172478 0.269500 -36.693143 -20.780838 -3.885819
1 37.382889 -1.263104 26.443816 -16.007428 -19.991694 -16.089295 -1.490784 -8.984399
2 3.623122 44.640445 29.532000 -16.604673 4.025020 -16.869995 -11.764586 -36.581335
1 143.862103 -17.115329 43.182319 -47.667317 0.359282 -47.958376 -35.379730 -39.282944
5 156.340406 80.727188 62.634545 -169.081435 309.044914 -169.694935 -111.873430 -158.097241
5 55.815843 -3.116862 47.270833 -61.095965 71.827117 -61.268374 6.117366 -55.549948
2 0.100116 2.538297 0.028450 -2.967118 0.276863 -3.031608 1.350959 1.704042
2 1.148989 18.522967 13.186287 -9.271819 -6.012035 -9.387002 -13.493212 5.305828
3 2.500360 7.744887 21.851581 -9.389182 11.939090 -9.391572 -4.183849 -21.071314
3 78.694371 -31.086421 149.864439 -74.992731 43.293439 -75.412723 -24.535068 -65.825294
2 7.128521 15.071136 2.521724 -5.838644 -19.929875 -5.886734 0.907670 6.026204
1 44.855361 39.277425 -14.720422 -13.940764 -28.020208 -14.114528 -10.582629 -2.754233
8 9.215074 -12.175123 6.764712 -7.170965 -7.000469 -7.199845 0.456862 17.109757
3 14.909156 26.749073 33.156888 -25.491303 22.927816 -25.601248 19.607625 -66.258003
3 2.760602 -8.695928 18.535974 -7.561176 5.051738 -7.670357 -12.558863 10.138010
5 52.471037 -34.614035 34.345909 -60.375924 178.107087 -60.604169 -29.340219 -79.989686
1 62.108424 -10.273594 27.347621 -35.996405 39.059354 -35.896955 -21.740334 -24.608104
3 -2.960824 15.816699 19.710753 -16.376843 -2.413701 -16.538380 -14.848575 17.610873
5 -13.158035 -5.030479 1.621695 -11.380798 50.125375 -11.446457 4.704912 -15.436213
5 3.978629 -10.783344 11.427030 -8.162126 24.391928 -8.006851 0.531258 -13.376523
1 84.025152 -7.220480 18.537877 -22.361180 -33.066991 -22.389598 0.095786 -17.620560
1 26.124309 3.190970 -7.459973 -14.620999 25.371622 -14.528076 -4.613166 -13.464687
1 19.480717 -15.854224 12.529061 -8.510881 14.891174 -8.358552 7.924817 -22.102111
8 -0.837284 -11.605179 -5.720215 -5.809085 10.548284 -5.972622 -1.647589 21.043691
3 70.466162 8.202167 134.725144 -72.292505 -54.806403 -73.387674 -37.373388 24.466506
1 99.537440 -25.768068 98.028281 -65.853797 -16.622534 -66.249177 -73.118635 50.046497
1 66.192147 1.925903 15.512482 -16.577106 4.723846 -16.465760 -11.663347 -43.648166
5 16.004588 -5.955341 -3.319942 -7.626560 27.054303 -7.455589 -5.706395 -12.995064
1 24.853028 11.591098 0.032236 -8.850634 -9.078585 -9.000513 -0.451051 -9.095579
5 13.598715 -13.973800 12.372870 -8.028988 22.892929 -7.806991 -4.956261 -14.098474
5 3.850430 -19.130365 -6.991925 -8.288478 37.929914 -8.435718 14.676413 -13.610269
3 4.834043 8.277426 10.237897 -6.414978 8.960975 -6.400686 -4.816161 -14.678517
5 42.807134 -85.390812 34.547639 -105.371169 422.943431 -105.791277 -28.852844 -174.892101
5 20.500418 -18.874300 -3.369638 -14.770626 46.531684 -14.912324 6.790807 -21.896019
3 9.787392 0.087056 38.337050 -15.308565 7.774381 -15.331579 -22.267270 -3.078463
5 -28.661892 16.078565 12.033581 -2.825751 17.372656 -2.863045 -4.175031 -6.959083
1 51.131825 -1.941109 20.810645 -20.798029 -11.446940 -20.872194 -10.755649 -6.128546
5 2.207635 -10.884136 -1.791251 -4.408733 13.050826 -4.527611 -0.788912 7.142183
1 98.513462 -1.953395 29.538024 -39.510452 -6.949819 -39.398615 -5.621241 -34.617956
3 -0.092583 -9.423364 16.022791 -5.162460 12.338109 -5.137287 10.165696 -18.710901
5 46.571769 -24.334114 -7.706701 -39.237774 85.413500 -38.980724 18.289441 -40.015397
2 13.553378 23.305328 11.664965 -25.505390 21.257575 -25.948192 -22.625851 4.298192
5 5.351643 -8.020612 4.652019 -5.874001 24.282419 -5.784606 1.330797 -15.937658
5 8.311674 -19.499213 26.188518 -14.865786 30.947674 -14.773475 -2.557240 -13.752149
5 20.448759 -16.333386 11.841209 -11.410577 31.546570 -11.108211 -8.833172 -16.151192
5 123.303224 -25.145969 4.508207 -65.321125 125.660379 -64.820824 -16.731701 -81.452188
1 110.256315 71.746453 106.039949 -73.964878 -29.229917 -74.250967 -46.066994 -64.529955
2 -9.234756 16.746176 -3.016056 -3.307737 7.485258 -3.317728 3.427130 -8.782288
8 16.732044 1.279918 -4.992328 -10.348832 -10.745569 -10.234561 -6.080202 24.389534
2 2.984631 30.783575 1.068012 -9.036096 -16.635043 -9.069686 0.394585 -0.489977
5 47.583561 -71.062252 -16.562751 -50.197877 234.666245 -49.924010 -7.441259 -87.061655
3 17.643892 -14.351216 51.765432 -38.434952 -8.144625 -38.777246 9.697367 20.601357
1 58.748816 -45.723794 -7.064263 -32.681365 52.326639 -32.978343 -15.082669 22.454985
5 5.151512 -15.459104 -7.201771 -9.981658 55.469481 -9.810078 -3.313515 -14.854866
5 3.932677 -15.222975 3.379581 -10.549796 54.930558 -10.539134 1.730926 -27.661836
8 12.360913 -27.967397 15.264520 -16.203048 18.684277 -16.434699 -9.596474 23.891911
5 26.059568 6.414291 -11.757721 -61.769219 196.677272 -61.831082 -41.453059 -52.340050
5 89.775833 -36.170819 79.121059 -125.929602 346.058230 -126.012282 48.949870 -275.792274
5 7.093736 -1.336222 33.555109 -11.945037 39.615689 -12.070162 -20.790249 -34.122865
5 -27.124330 -24.626817 41.521766 -21.272000 69.500923 -21.387598 -3.788033 -12.823911
5 -27.446718 -43.996071 44.827952 -24.338265 103.936120 -24.350982 -18.433052 -10.198984
5 4.508910 -26.439024 21.773246 -12.850454 49.814823 -12.626459 5.652170 -29.833210
1 76.554100 -0.830164 7.017998 -37.439801 -6.526282 -37.515998 1.824312 -3.084159
8 46.211025 -8.248134 18.709768 -63.965179 49.032512 -64.544706 -43.225070 66.029791
3 -3.829117 -32.328047 55.363309 -31.429902 14.563453 -31.513566 6.240031 22.933841
8 51.141335 -21.352405 29.703640 -43.001129 2.051486 -43.665643 -34.527960 59.650682
1 93.676160 44.319353 28.600252 -80.482255 65.762561 -80.550205 -24.332567 -46.993298
8 1.593962 -7.631698 2.634006 -4.336985 1.772203 -4.368097 3.113079 7.223530
5 18.493866 -5.863899 18.351355 -23.036029 40.804339 -23.497214 12.292793 -37.545206
1 117.293680 62.881574 107.161753 -77.235197 59.819866 -77.489242 -28.648285 -163.784150
5 -14.642617 10.462753 14.588603 -9.842447 30.372544 -9.724557 -4.360131 -16.854147
5 -0.889352 12.515668 -0.513337 -17.091007 48.053059 -17.085527 11.653185 -36.642690
5 21.565321 -1.744307 -14.988374 -16.168718 61.778200 -16.123836 -0.757785 -33.560500
5 2.501083 -6.077837 -3.127900 -6.928395 38.925321 -6.899048 -8.995322 -9.397903
2 -8.883143 59.671541 36.719260 -31.746770 11.973452 -31.624571 -34.731970 -1.377798
1 22.394932 11.675971 10.502485 -6.953153 -35.116267 -6.836122 -3.146811 7.478965
5 -5.918560 -6.529393 3.483548 -1.113207 12.594870 -1.146546 0.707232 -2.077944
5 3.828722 -4.097601 -0.867957 -6.715676 21.900467 -6.834833 -3.074248 -4.138872
3 -0.255271 -13.227847 34.136404 -8.870272 20.290423 -8.966258 -3.337029 -19.770150
3 4.987951 -7.268701 98.911018 -46.043802 29.057464 -46.511057 -31.456279 -1.676591
1 22.231870 9.321197 21.125234 -19.910294 -0.472139 -20.014977 19.319720 -31.600612
3 65.835514 -85.754507 144.800322 -67.407715 77.070915 -68.499537 23.232966 -89.277945
1 28.790488 -2.223450 -0.673560 -1.264332 -23.219239 -1.399979 -0.479518 0.469589
3 15.071516 17.854751 37.331240 -30.930670 27.272656 -31.263351 -10.348924 -24.987211
1 58.013422 -31.913320 46.565556 -25.396421 13.584438 -24.915305 11.459738 -47.398104
3 43.835285 15.984634 45.251010 -27.409403 21.234497 -27.286195 15.392042 -87.001870
5 16.246228 -9.386040 -10.077385 -10.690030 45.176621 -10.512607 -6.594222 -14.162563
1 25.466778 -0.198101 5.707319 -13.030286 24.990744 -13.016006 -12.286882 -17.633566
5 3.312908 -1.123121 35.732896 -18.233852 36.077252 -18.187246 -11.680271 -25.898564
1 37.904164 6.106364 -3.821409 -18.607853 4.008774 -18.412019 -9.127740 1.949722
1 8.307869 0.484917 -1.706249 -0.043444 0.690664 0.000000 -3.805228 -3.928529
8 -2.228140 -13.616705 15.879564 -7.615496 -5.927885 -7.720210 -2.465682 23.694555
2 25.020839 66.049967 -29.505507 -26.181010 52.927695 -25.886253 -17.236154 -45.189576
5 34.525408 -5.794022 14.695037 -21.157957 42.943596 -21.269499 12.657441 -56.600002
1 66.898293 -30.835505 39.171116 -39.238896 37.458759 -39.095540 -37.032629 2.674405
8 17.295541 -17.185777 3.478750 -11.803644 2.333498 -11.908015 -11.271614 29.061262
5 40.236687 -65.710615 66.398987 -53.807080 114.456759 -54.216591 -27.148975 -20.209166
5 6.769581 -9.950383 -4.429135 -9.157221 51.450361 -9.033798 -10.450620 -15.198783
5 215.071945 -85.482647 -49.949061 -127.088151 367.924787 -127.037036 50.447174 -243.887013
3 28.719049 4.273334 50.670147 -24.966637 -35.625893 -25.016245 -13.669969 15.616217
2 -4.348331 61.980676 8.574754 -13.554099 8.208392 -13.749703 -20.620465 -26.491224
3 -2.407171 -10.325149 17.986857 -8.695199 12.444146 -8.717228 8.557099 -8.843355
1 64.207466 -9.990610 1.192658 -13.137247 -23.785310 -13.033382 -1.000042 -4.453530
3 82.653389 -78.352156 315.198028 -164.181647 55.742036 -166.291998 -101.612542 56.844920
1 12.740543 -2.862189 -0.354049 -1.125297 -5.332184 -1.071799 -1.564125 -0.430901
2 2.192000 14.737783 8.443872 -7.009278 7.677468 -7.034573 -7.917897 -11.089374
5 3.999694 -20.992861 3.855504 -11.321851 59.450470 -11.319429 16.680031 -40.351557
1 42.641921 -18.762229 21.109154 -20.196317 15.221458 -20.187160 -11.677391 -8.149435
1 37.964810 21.426184 4.870473 -8.525885 -12.863036 -8.418416 -13.032616 -21.421513
8 12.327947 -6.397908 -3.475465 -8.925909 -5.298200 -9.153886 -7.353204 28.276626
5 4.211111 -2.085050 -4.598765 -4.599817 26.102851 -4.605491 -0.977788 -13.447051
1 42.594837 -7.284293 15.455798 -35.923226 41.952067 -36.363167 -2.995779 -17.436232
3 -19.848294 18.752029 123.980929 -34.594258 -69.266253 -35.725824 -28.940014 45.641697
1 65.855260 5.046452 50.712056 -48.739807 -35.836465 -48.892909 -14.903674 26.759090
1 95.973110 -28.090006 77.893413 -55.487354 -17.130436 -55.577772 8.114086 -25.695034
8 22.352632 15.236738 16.669759 -29.422521 -3.784538 -29.670552 -33.098402 41.716888
1 50.985208 -5.381739 3.252820 -14.456730 -40.078740 -14.527519 -0.454282 20.660985
1 75.167826 -63.342010 64.935810 -51.452208 60.323982 -51.195787 -7.992687 -26.444924
5 12.780285 -16.763102 -10.021043 -12.879993 62.031845 -12.673881 -1.839694 -20.634417
1 36.252031 12.005778 23.889667 -21.052875 17.806817 -21.075825 -11.915461 -35.910132
5 -1.919302 14.607986 -17.279346 -10.332320 18.041568 -10.499484 -9.687834 17.068733
5 7.441086 -9.000443 7.443519 -8.603665 36.366454 -8.598528 -11.004002 -14.044422
3 12.976146 10.885219 20.649347 -10.975454 12.050644 -10.888332 -15.653011 -19.044559
1 36.404609 -0.672316 -12.084272 -13.840261 12.894126 -13.941949 8.409816 -17.169752
1 135.960723 19.577738 -62.903015 -37.397267 18.706950 -37.366382 29.788355 -66.367102
5 -0.496979 -14.686380 12.559129 -9.063686 50.643242 -9.260914 -0.440221 -29.254191
1 6.745892 -2.220450 4.721737 -1.922972 -6.018234 -1.907232 4.943309 -4.342049
5 26.038550 -27.470244 -3.005738 -23.579594 107.255756 -23.508799 -0.340181 -55.389747
5 112.269958 -0.499358 -3.328387 -130.034240 388.576678 -129.795519 -9.492510 -227.696622
5 -11.653099 -10.226878 6.339117 -9.945604 31.864471 -9.950192 -0.016402 3.588588
5 0.015332 -9.784289 -2.879290 -8.933560 53.820458 -8.659460 -7.879522 -15.699668
3 23.966406 2.126990 35.983707 -13.629527 -22.124208 -13.659225 -9.440776 -3.223363
1 17.589883 -6.051377 2.676212 -3.865667 -2.129004 -3.825334 0.145260 -4.539973
1 29.179652 -6.050593 -11.197280 -7.791863 18.969770 -7.828305 1.972891 -17.254272
5 -22.966674 -5.580863 -10.482328 -13.522808 103.442043 -13.411382 -7.646772 -29.831216
1 38.575432 -12.793853 9.362396 -11.351772 6.956706 -11.298550 7.257376 -26.707735
5 -21.381929 -15.520864 61.633141 -38.887966 74.210648 -39.188070 -14.854672 -6.010288
5 42.497317 -42.701994 33.591990 -35.161659 107.123395 -34.965743 -5.830206 -64.553097
2 -0.314219 15.167395 4.989924 -9.573617 14.362270 -9.465374 -5.927768 -9.238611
3 77.871347 -29.353064 112.193152 -29.935943 -79.636907 -30.475828 -1.193584 -19.469166
1 33.448930 -5.343465 13.164378 -11.528865 -1.756714 -11.578097 -9.283742 -7.122423
5 64.699974 -21.101955 39.539680 -47.781308 120.230991 -48.163749 -24.494196 -82.929437
5 1.878199 -2.944634 16.376469 -19.715028 54.008643 -19.794029 -14.964389 -14.845230
5 11.340803 -12.090325 -9.689712 -11.037185 57.526865 -10.935556 -14.964570 -10.150319
3 30.943462 25.272838 87.398314 -44.607278 -12.968630 -44.814643 -51.367297 10.143236
5 70.722452 7.444585 -8.785042 -42.271100 99.452104 -42.168837 2.795337 -87.189496
1 188.788596 -114.444353 44.816918 -72.366515 120.153953 -72.608372 38.713435 -133.053654
3 -12.336490 -6.642288 16.246843 -3.340270 2.411694 -3.447748 -2.545720 9.653979
1 72.003594 -20.119235 40.856099 -53.380729 42.653832 -52.943389 16.693556 -45.763725
2 10.741623 25.644614 -9.293670 -10.527072 1.179850 -10.472934 -14.543735 7.271326
5 38.046225 -38.078603 -6.609525 -16.873549 89.561451 -16.591572 -12.223856 -37.230569
5 10.366777 -16.643894 -7.738979 -12.130980 62.933728 -11.961284 2.288677 -27.114043
1 113.858478 18.713040 33.934493 -55.723527 -38.223986 -55.555520 -33.707788 16.704820
5 28.062496 -37.676021 -2.652742 -25.919203 75.970614 -26.068854 -14.744212 3.027926
1 12.587762 -9.915131 10.166483 -5.531086 6.972653 -5.593981 2.571337 -11.258036
1 22.822430 -2.089934 4.247661 -7.844450 6.299068 -7.698556 -7.023074 -8.713146
1 147.115365 60.973200 71.545711 -99.447069 10.783280 -99.974186 -43.076266 -47.920024
5 18.950369 30.472774 -1.296133 -28.187832 33.718465 -28.313801 -18.612951 -6.730887
1 293.221520 -0.749122 121.254793 -178.043999 21.849222 -178.689121 -165.564887 86.721612
3 2.547676 6.161221 21.232161 -19.700363 12.036614 -19.693194 1.020658 -3.604770
5 35.848518 -22.045648 41.049798 -34.667263 87.241988 -34.403580 -10.545510 -62.478301
5 54.294609 -21.751262 -16.630679 -41.810328 109.220481 -41.678877 -0.420924 -41.223015
1 18.341283 4.414317 4.600656 -4.109566 -22.044186 -4.101890 1.109076 1.790311
3 24.669793 -27.078937 31.683540 -14.231008 22.135281 -14.301915 6.106132 -28.982884
5 33.702409 -46.875041 29.157062 -26.827093 95.247790 -26.606406 -8.896143 -48.902575
5 10.615993 -17.602644 1.799944 -12.775579 64.931960 -12.873025 -8.661202 -25.435447
1 51.736382 4.393932 2.343941 -33.947442 42.159255 -33.730028 -23.055206 -9.900828
1 85.132720 -4.413607 3.503288 -23.266352 24.164166 -22.694050 -28.447316 -33.978847
5 -10.657027 -21.938524 13.770838 -34.019127 143.115255 -34.247668 -25.149701 -30.874043
5 58.374314 -18.178462 26.469698 -72.499018 125.041671 -72.729145 -28.490573 -17.988488
1 26.397637 -13.683124 10.320492 -15.606756 14.904812 -15.325505 -10.431997 3.424442
5 -8.140433 -4.405543 -0.825927 -7.739268 30.825378 -7.821021 -5.827468 3.934283
3 54.381492 -26.328424 71.248850 -29.234948 25.200122 -29.226580 -10.609654 -55.430859
5 56.067808 -42.152569 59.633745 -60.941610 67.359452 -61.450044 -49.705189 31.188411
1 32.838970 16.444234 -2.931286 -13.398423 4.114680 -13.579813 -9.469274 -14.019089
5 78.659363 -61.717086 129.681523 -111.486923 189.629299 -112.530806 -31.416652 -80.818710
5 98.941904 -58.921236 182.189357 -146.574662 271.784617 -146.861542 -19.946005 -180.612423
1 36.452551 -6.320214 30.870552 -47.805438 32.712918 -48.141667 -15.121819 17.353126
5 -7.715588 -13.395024 -4.347003 -7.606815 29.942285 -7.808369 -0.373893 11.304408
5 -2.202051 -11.515829 -0.737590 -4.408733 12.721469 -4.527611 -1.794875 12.465221
