1 44.847863 4.284563 11.775277 -23.230017 15.611945 -22.235854 -27.632850 -3.420926
5 41.401735 28.136379 34.940708 -46.916635 49.646444 -45.755287 -26.123183 -35.330156
3 16.368266 26.631332 52.133382 -50.612053 32.054670 -50.292930 36.653356 -62.936016
1 25.996117 10.798014 -4.906107 -4.663315 -16.550930 -4.293147 -9.138285 2.757653
7 8.804758 -9.315468 8.687097 -6.579203 5.775400 -6.691724 10.276763 -10.957623
1 24.360194 22.218828 18.795518 -15.621492 -14.791502 -15.109799 -11.735784 -8.115962
5 -20.478916 6.695967 17.647596 -7.644125 26.307657 -7.886076 -2.105530 -12.536573
5 1.610966 -12.292127 -14.227300 -7.011624 35.339709 -6.309748 2.834380 0.055745
2 4.896341 11.818839 3.847323 -2.593916 -2.693715 -2.455024 -4.931904 -7.887942
3 0.327027 25.439772 51.862869 -39.535797 7.018838 -36.246720 -10.137828 1.271844
1 13.882044 4.326417 4.914481 -7.257688 -2.267029 -7.037885 -4.661178 -1.899162
5 -14.071622 -23.271345 29.755520 -18.888915 39.006991 -17.681364 6.676402 -1.525665
1 51.715047 47.270974 10.919252 -21.590745 -49.555179 -19.923592 -22.681872 3.846117
2 1.648224 28.790098 5.497307 -13.590790 23.796062 -13.471087 -12.236358 -20.433455
1 53.478572 13.835307 21.057709 -25.510611 -18.214730 -23.907110 -17.439980 -3.299156
5 -2.782714 -14.918830 30.440467 -18.869266 51.823215 -18.776148 5.187411 -32.104135
2 13.701661 50.662551 17.152737 -25.869451 -6.505052 -23.909191 -19.317030 -5.916223
3 -7.358390 37.002688 65.618310 -50.986771 23.269985 -47.195929 -12.265772 -8.084114
3 1.860924 -5.323798 18.266808 -8.617385 16.984152 -8.293039 1.010259 -15.887921
5 18.132589 12.309898 -6.824025 -26.202282 50.861250 -24.989455 -6.583325 -16.704649
3 55.576910 -44.890471 77.653713 -67.995439 30.405726 -63.959385 45.617258 -32.408307
1 140.620140 39.312263 -4.848031 -43.002080 -56.588048 -41.817298 -14.930629 -18.746315
1 31.142659 26.781396 6.442183 -10.029243 -33.619399 -9.648116 -4.979452 -6.090028
5 -7.517728 -30.756757 42.882717 -76.808101 116.770081 -67.851680 -4.119767 27.401240
2 0.612999 26.729628 5.120044 -5.357175 -11.141534 -5.074820 1.728898 -12.618039
5 -22.819678 19.447865 4.830709 -10.819983 42.946916 -11.256548 0.026212 -22.355493
1 108.029190 -9.777687 25.291025 -48.546875 -5.367433 -49.951473 21.240639 -40.917383
5 27.621759 -71.182625 38.481101 -34.617881 83.387846 -32.385168 2.632796 -13.937829
1 29.971740 -6.669166 3.037888 -26.456295 26.961764 -24.495185 -2.362535 0.011790
7 3.105487 -1.567480 -1.098976 -1.593605 -0.326787 -1.797323 7.373143 -4.094457
3 -12.817772 15.736379 77.846512 -34.299629 -7.718998 -31.574434 22.733859 -29.905916
1 154.757395 38.247821 28.604154 -103.288090 50.310479 -100.850076 11.101071 -78.882752
1 14.571709 -10.749655 2.079793 -2.741083 5.849354 -2.690624 -3.861231 -2.458263
1 297.965048 -105.219838 108.392270 -99.601159 -60.471254 -93.373603 -24.809685 -22.881775
1 112.215236 3.354807 13.595677 -29.269940 -44.710516 -28.100923 -14.121332 -12.963007
1 39.729738 21.321701 5.863196 -13.728650 -23.941288 -13.719787 -14.138649 -1.386260
1 63.387659 -9.513850 -7.513549 -16.087855 -0.402239 -16.232006 1.382929 -15.021090
5 -8.872652 1.139603 -2.234194 -3.711952 23.210757 -3.601206 -1.821604 -4.108753
3 23.491394 -10.383391 58.937537 -8.711285 -41.423371 -8.200862 -7.841773 -5.868247
2 4.356680 11.952221 -0.371734 -2.217259 -2.288808 -2.051816 -3.385923 -5.993360
3 0.828378 -5.952099 19.486587 -5.270015 -6.402190 -4.616807 -1.056532 2.982678
3 1.656764 1.936418 37.504843 -8.605226 -17.872190 -8.396910 -1.978457 -4.245241
2 17.776807 19.322528 17.875084 -14.737443 -2.610336 -14.605619 -9.581697 -13.439322
3 55.367374 -90.710390 177.991727 -85.318942 81.798675 -81.422165 -14.727216 -42.979053
2 6.958875 19.287401 2.791270 -7.730776 -9.007220 -6.940594 -4.100348 -1.258607
5 -16.171913 23.693295 23.569782 -20.997503 36.306002 -19.567727 -9.985694 -16.846240
5 6.231665 -31.619508 1.020281 -28.144330 95.682372 -27.321828 -2.204712 -13.643938
5 11.633889 13.472954 50.591782 -75.268503 109.729332 -71.778618 -25.337183 -13.043646
3 -0.292236 34.216605 64.980801 -70.609562 56.689147 -65.403885 -4.835403 -14.745461
7 -0.762343 0.043714 2.684761 -0.349365 -4.572936 -0.331478 4.136038 -0.848392
1 93.612823 -20.892128 35.307642 -58.499343 20.085061 -53.853413 -6.533195 -9.227444
1 271.256818 -48.583911 -4.799939 -87.792602 30.386870 -85.166929 26.578375 -101.878682
2 -8.255658 10.763801 1.098415 -4.447106 8.569791 -4.541990 4.454318 -7.641573
5 26.781183 -7.458512 4.665720 -22.485274 47.763899 -22.816911 -1.740490 -24.709614
5 15.505421 8.550203 46.182850 -34.060466 52.743681 -34.087230 -19.268164 -35.566293
1 108.610409 44.000344 12.667075 -35.987820 -76.102090 -34.172970 -18.188971 -0.825976
1 112.518498 33.643191 26.579281 -73.885395 1.686664 -70.368174 -44.384466 14.210408
5 3.953271 -23.148805 9.994557 -8.283446 29.259594 -8.091634 -1.711620 -1.971916
2 30.362852 46.746343 39.638793 -54.013562 22.055376 -52.837849 14.366831 -46.318776
2 24.815455 41.342948 -5.088775 -16.605237 -23.189477 -15.588398 6.787911 -12.474426
1 213.501256 17.083641 -22.536514 -84.431270 32.827609 -84.331902 -13.330865 -58.781950
1 33.098499 3.127347 5.607743 -14.593897 2.752011 -13.719103 -12.927576 -3.345024
5 4.702823 -3.669246 8.667042 -10.927023 26.844192 -11.650927 1.466071 -15.432931
3 8.257025 -8.569481 21.540085 -5.889867 -4.385461 -5.571675 2.211689 -7.592316
5 -56.854135 100.489290 63.962328 -128.120804 159.861512 -119.933019 -7.327014 -12.078147
3 5.932649 19.953872 22.653804 -12.466040 -12.747852 -11.348001 -15.372417 3.393987
1 55.842803 16.843362 5.750585 -19.918916 -17.121051 -19.960536 -12.124629 -9.311616
1 43.877562 -12.958322 18.845948 -18.530135 10.736088 -19.635655 6.596913 -28.932398
5 -1.944943 8.653015 0.817795 -3.859000 12.946978 -4.150369 -7.835732 -4.627745
2 -1.535166 9.387498 6.304505 -2.105595 -5.761509 -2.076993 0.395884 -4.608624
3 4.873861 -12.173071 39.214946 -29.025166 19.801254 -26.853382 11.302366 -7.140807
3 20.055467 -30.259673 47.401998 -11.034517 -7.942464 -10.515051 3.576365 -11.282124
2 -0.216545 10.988212 3.292752 -1.544218 -3.880295 -1.536439 -2.737999 -4.365466
1 40.281035 18.683531 19.882165 -36.176687 -19.983719 -31.263144 -9.256293 17.833116
5 13.633850 -6.862513 0.388298 -10.826959 27.087875 -10.409460 -0.170153 -12.840940
3 6.858012 -17.345436 25.635509 -6.801183 12.367674 -7.040769 1.318729 -14.992537
5 0.784232 -0.620716 -11.433606 -8.881986 42.746659 -8.794458 -2.392762 -11.407362
3 3.798281 11.627414 23.999192 -15.178843 22.741339 -14.452596 -17.119195 -15.415593
2 -0.049823 34.384374 -15.429551 -12.765538 25.321643 -13.297019 -10.192786 -7.971298
3 6.942901 30.966525 61.247668 -41.593177 20.888595 -40.481459 4.949008 -42.920061
1 17.091346 5.200608 10.718969 -14.028582 11.154207 -13.390997 -4.631905 -12.113643
1 70.202621 8.891619 2.241403 -16.473420 -32.467475 -16.402810 -11.613528 -4.378410
1 37.264773 8.282339 -5.129803 -16.508638 17.553361 -16.583846 -19.820025 -5.058159
8 -0.033608 4.685300 -0.554176 -11.636669 6.679256 -9.780024 -2.367691 13.007614
3 -5.520135 -2.019812 17.098746 -4.676521 -2.892470 -4.022722 -2.674484 4.707398
2 12.629101 28.644476 -5.108875 -13.360938 10.827110 -13.178192 -0.852933 -19.599750
1 144.686581 -54.337217 35.763436 -57.055218 52.712731 -55.010734 -1.242121 -65.517458
3 -31.270955 -18.740922 62.453165 -34.131655 38.356730 -31.275662 28.346625 -13.737324
1 99.764127 95.454369 11.127813 -59.389372 -51.296290 -58.420210 -29.925357 -7.315075
5 -20.783986 -12.491185 27.263366 -26.522613 43.954254 -24.685546 13.000481 0.265232
3 -13.720334 -11.835992 27.634645 -3.367603 -1.459090 -3.042001 17.868958 -12.078583
5 -2.726990 -4.606001 6.384729 -2.123603 8.260178 -2.404104 0.595740 -3.379949
5 10.014602 -5.756867 -9.035169 -6.036968 30.218498 -6.239569 -1.998846 -11.165680
2 -16.611748 41.869904 8.346656 -19.442813 15.490089 -18.572386 -5.212108 -5.867591
8 -12.745057 17.655698 16.303166 -19.622355 -11.953652 -18.050576 0.891462 27.521316
2 -1.558615 37.256070 20.025580 -36.708390 15.930656 -34.141337 11.730148 -12.534109
1 44.033830 3.270917 36.160016 -17.928457 -25.588231 -17.347276 -12.313369 -10.287426
3 -26.090084 18.600016 44.534140 -32.051513 22.984444 -29.959907 14.521140 -12.538232
5 -1.329538 -6.416007 5.162478 -4.949007 7.190064 -4.596070 1.930159 3.007922
3 11.941491 16.153770 28.153977 -15.136054 -15.940797 -14.047198 5.413928 -16.539116
3 -6.368385 26.774886 38.432587 -12.780927 -9.249984 -12.594676 -0.881052 -23.332450
1 61.049718 -9.615508 16.500330 -27.257801 1.546522 -27.289103 -1.962123 -12.972034
3 117.952439 -164.432572 206.926894 -197.783855 117.282208 -185.193771 129.373672 -24.124996
5 23.137891 6.871437 -10.842596 -11.974113 26.246258 -12.459352 -5.745780 -15.233743
5 5.110605 2.975022 -1.224872 -21.512606 29.800048 -19.899281 8.575680 -3.824594
1 19.597111 3.166997 3.205144 -4.448586 -7.648775 -4.810960 -0.565880 -8.495051
2 12.845701 13.089215 5.811127 -5.250226 -12.314555 -4.875781 -9.108701 -0.196780
5 17.826682 21.043815 15.860427 -24.186831 26.449300 -24.757325 6.041728 -38.277794
5 13.393288 7.205152 -13.022096 -8.105376 19.452518 -8.030054 -3.223203 -7.670229
3 -8.271392 -115.256535 236.787890 -181.825228 169.503383 -161.976633 15.510914 45.527611
1 192.608433 16.097790 99.588922 -122.761310 -4.507297 -119.966302 94.721649 -155.781879
1 51.849543 -20.689150 -9.857513 -8.332253 7.069617 -8.967654 4.132005 -15.204596
5 -15.625544 -9.979943 2.131223 -19.542414 49.224695 -16.993264 1.598523 9.186725
1 44.055895 -10.594754 33.294648 -13.564764 -11.176357 -13.598311 -13.480751 -14.935606
1 24.369440 18.766847 6.526243 -19.971822 17.545188 -19.092726 4.093632 -32.236802
1 39.492580 -10.055036 -20.609601 -9.962809 23.256475 -10.274236 1.924904 -13.772275
3 -22.069971 7.067562 35.033366 -19.380680 8.062339 -17.402432 8.202098 0.487721
3 6.932038 -14.301987 20.469832 -12.482504 19.949683 -11.863094 0.961431 -9.665397
2 21.215806 79.212636 56.969936 -34.708494 -30.942571 -34.203450 -18.674469 -38.869388
3 -6.730816 17.750479 17.764473 -14.431289 17.655080 -14.278040 -4.809737 -12.920148
1 49.180044 46.723545 44.352654 -37.385281 -6.018026 -36.095874 -32.797632 -27.959427
1 311.937704 -82.079539 51.976636 -137.854489 108.609441 -135.241472 -5.435145 -111.913138
1 69.551736 -12.994904 22.714513 -16.159068 -25.721117 -16.030207 -8.094878 -13.266073
2 -3.500175 40.008852 10.555160 -18.628850 24.043356 -18.581607 -16.055201 -17.841533
2 0.155007 56.981583 49.288517 -63.145806 54.276197 -58.211443 -14.545592 -24.798460
1 24.853807 -0.206777 17.863071 -9.159508 -6.794045 -9.346568 -1.305101 -15.904880
2 9.497087 26.121672 13.339998 -11.424516 -7.297755 -10.992233 -14.835249 -4.409002
7 20.242640 -2.388731 12.042666 -10.763344 -8.085095 -10.961597 21.656656 -21.743197
1 40.591254 -10.520619 -8.229761 -11.090954 5.846535 -11.120549 12.604012 -18.079917
3 65.680282 -11.204741 99.836387 -120.325218 65.553377 -109.283383 3.098193 6.645113
2 -13.778419 16.997736 8.039974 -5.602197 14.940077 -5.706837 -4.935507 -9.954827
2 -2.729202 27.826950 -10.102395 -8.042142 22.792185 -8.254881 -8.878468 -12.612047
5 -17.934752 11.334658 18.114823 -10.932533 26.800853 -10.101195 -10.892178 -6.389676
3 16.976906 -3.874773 27.352183 -30.915415 23.984022 -28.362839 10.306346 -15.466427
1 87.570773 11.774290 20.667849 -44.593738 14.066375 -45.494621 -10.858008 -33.132915
3 9.660013 11.901157 21.417740 -12.599206 -12.025382 -10.821043 -17.108799 9.575523
5 -7.897989 7.064181 4.031344 -11.169358 35.663305 -11.724646 1.909219 -17.876055
2 -14.941830 23.664349 17.553604 -6.805563 -10.746787 -6.768773 11.035087 -12.990087
3 -8.643334 -14.752539 44.425746 -4.349366 -1.837012 -4.446611 -2.344318 -8.052565
3 159.253134 -27.144420 311.890462 -153.347096 -59.005550 -142.294614 -64.446882 -24.905021
1 21.312019 -8.986923 4.582671 -2.754234 -10.000293 -2.878137 4.088155 -5.363259
1 432.296929 113.640407 226.800278 -212.420460 -179.016904 -201.524845 -158.909395 -20.865992
5 36.410580 22.105017 -51.745070 -39.883714 73.305411 -37.361674 -5.620359 2.789812
5 -19.349225 21.775721 38.773584 -54.619045 126.682758 -52.704164 -2.013244 -58.546380
1 69.200618 -13.941467 17.004762 -18.134860 2.316265 -18.097425 -9.797869 -28.550023
1 238.861029 7.012135 62.702059 -130.070603 16.134614 -122.563528 -72.509079 0.433382
2 2.314267 14.548941 4.000773 -8.488071 8.735794 -8.304718 -10.709141 -2.097845
2 3.011583 22.930679 -5.762393 -6.823136 7.654516 -7.027144 -5.292679 -8.691427
5 1.507131 89.193206 51.323011 -119.317669 111.151265 -110.758093 6.173404 -29.272253
2 -14.546965 53.929665 3.382849 -15.296128 -2.201677 -14.868646 1.218886 -11.617984
3 41.402941 -13.777997 50.219527 -27.145007 -24.305177 -27.102517 22.925462 -22.217228
1 21.545958 -9.799088 16.465317 -34.955628 15.315210 -30.196299 8.668738 12.955793
5 -30.231151 21.576330 26.715598 -41.884504 38.676854 -38.631864 31.715561 -7.936822
1 22.853274 5.932407 4.416915 -8.340675 -5.589932 -7.897882 -8.055166 -3.318941
5 10.592902 106.786648 104.894514 -175.398104 137.810110 -163.376306 30.278880 -51.588638
2 54.435696 60.095466 -18.428499 -37.339583 27.853731 -36.937218 -28.475512 -21.204076
5 -24.274670 6.597131 4.717214 -20.240241 63.024827 -19.261352 -1.655834 -8.907074
7 -2.572806 5.079447 2.014730 -7.096870 1.121524 -7.232708 10.882322 -2.195640
3 43.236817 16.946363 86.723458 -38.026715 -19.911236 -36.664000 -17.770755 -34.533929
5 3.113311 -20.918701 36.494071 -15.908723 45.073287 -15.954706 -11.617146 -20.281389
3 7.191196 -17.350340 23.235129 -6.715804 14.834427 -6.925483 -6.730238 -7.538886
3 -6.205457 10.418102 81.987901 -16.450531 -19.132270 -16.221927 -14.508664 -19.887153
3 15.713128 -37.719928 45.710942 -27.516693 23.001622 -25.947946 14.677180 -7.918304
3 23.037355 11.101172 26.471949 -19.484808 -8.835319 -18.151949 -12.225590 -1.912809
5 12.075828 -64.150216 66.816838 -46.058792 88.628054 -47.052855 47.103889 -57.362744
2 -0.612809 12.978267 1.633961 -3.708866 2.504210 -3.774185 -4.392834 -4.627745
5 -0.493377 -17.509609 9.644360 -9.305184 21.494652 -8.760972 9.565017 -4.634888
5 20.899970 -6.172087 20.693959 -48.161603 59.333857 -42.271162 -14.639164 10.316232
2 69.029629 95.443379 -17.670904 -45.907741 -25.425792 -43.786760 -14.074591 -17.607218
3 37.068454 20.780800 41.243027 -26.376010 -34.325638 -25.160874 -3.977918 -9.251838
1 56.112114 -4.183541 -6.252030 -31.242880 -17.781341 -27.160979 6.303990 24.204668
1 129.076368 -18.109244 57.980744 -61.404955 -34.088398 -58.873807 33.658330 -48.239036
5 -6.538869 1.567785 -0.754616 -1.520121 8.577730 -1.598651 4.430410 -4.163669
3 -54.340725 90.249411 103.609691 -90.283149 59.694824 -83.178123 8.139149 -33.891075
3 -2.930136 -1.409522 15.099637 -1.851117 -2.359626 -1.830756 -2.949664 -1.768815
5 -12.004306 7.183490 2.554010 -6.212470 21.218253 -6.932384 3.832297 -9.638890
2 14.333957 20.335773 9.658309 -12.582259 -18.768525 -11.692550 -11.012442 9.727738
1 47.212481 -36.155650 12.830776 -13.020891 11.004681 -12.825183 0.524102 -9.570315
1 107.819866 12.097175 18.197127 -52.323109 64.520275 -55.448963 -10.565735 -84.296631
3 18.491146 -7.860475 120.462698 -36.916612 0.378760 -36.043695 -7.141225 -51.370594
1 144.291035 -58.199203 31.259302 -44.677635 22.050386 -45.698647 6.994328 -56.019566
1 76.066939 30.117079 29.113904 -38.390936 -22.991284 -38.983859 7.402332 -42.334173
3 8.536610 31.295183 154.936174 -148.812480 140.853047 -140.935356 12.665939 -58.539104
1 86.989658 12.613295 28.805898 -42.685046 -8.817946 -41.966461 -6.674762 -28.264635
2 -3.925999 33.350159 14.073896 -18.745510 25.476630 -18.251161 -7.632661 -24.345354
3 -3.498384 66.228836 105.504189 -62.984115 -5.188924 -59.691683 9.215249 -49.585168
1 113.995892 -18.430758 43.773812 -82.424254 57.463733 -79.447918 22.966084 -57.896584
3 -15.640451 -14.121211 24.882892 -13.463743 21.960293 -11.349250 1.349227 6.382244
5 144.634858 -175.526796 179.319066 -204.015075 214.179216 -192.049583 123.190695 -89.732363
1 20.119112 0.864226 0.519151 -3.575624 -9.609836 -3.854233 0.970271 -5.433067
5 -21.861905 34.675491 -15.958679 -24.347421 47.317132 -23.557301 -3.593875 7.326558
7 -0.149471 -4.845113 5.546482 -2.472968 2.940651 -2.735582 5.944342 -4.228341
1 32.093194 11.181301 -2.933937 -9.578840 -7.294114 -9.703189 -10.485741 -3.278674
1 32.619430 -2.226941 25.156120 -23.083097 -1.302968 -22.071140 2.733525 -11.824930
3 -8.748242 -4.104028 34.860214 -9.280365 0.541449 -8.605820 -1.432359 -3.230847
1 27.236134 8.555627 10.753974 -9.357135 -7.784737 -9.199742 -8.898419 -11.305701
3 -14.828536 -24.610500 55.867770 -19.466609 21.841258 -18.994420 10.198450 -10.007411
2 1.902693 2.804296 1.911555 0.000000 -7.626149 0.000000 1.224692 -0.217086
5 -6.257073 61.042565 2.404816 -42.857331 96.997945 -43.110362 -16.766734 -51.453820
1 72.997529 -41.019013 21.469266 -24.349807 33.819097 -23.553895 -23.018134 -16.345044
1 17.551993 -8.994172 16.873059 -5.896798 -1.906828 -6.305972 0.859002 -12.180283
5 0.422715 0.986547 0.346527 -3.521054 8.764250 -3.594068 4.269064 -7.673981
3 44.910807 5.546521 81.253630 -27.676480 -39.354587 -26.699129 1.736040 -39.716801
2 -0.625078 17.738522 -3.787684 -8.488071 15.233337 -8.304718 -9.764614 -2.001693
3 45.404675 -64.767418 76.304093 -39.453987 29.788560 -35.806101 18.036468 -29.506290
3 14.264899 -5.127434 63.063638 -62.661659 35.066128 -56.401099 39.376538 -27.581010
3 10.355527 2.751167 36.291311 -10.781306 -3.893845 -10.494759 -10.743990 -13.484104
3 28.398507 -31.994008 103.255006 -41.650150 -0.335721 -38.746041 0.554014 -19.481605
5 -3.879672 13.497173 -2.796703 -10.315298 24.914256 -10.117425 3.625766 -14.928096
2 -1.836629 7.721698 -8.428084 -1.883933 3.669952 -1.923697 6.913653 -4.232961
5 11.041992 -18.388607 47.277563 -44.146252 58.663110 -40.547856 5.565868 -19.465816
1 53.167856 30.496498 36.912895 -35.616845 -11.547549 -36.087175 -13.068668 -24.257007
1 66.098372 47.829266 16.012171 -53.985462 -22.760451 -47.983010 -25.052188 19.841306
5 -22.020026 18.035872 1.714450 -10.506564 41.398070 -10.362272 -4.029332 -14.230197
1 37.997324 14.929980 -7.045026 -13.434983 -14.313597 -13.453390 -5.344878 0.664570
3 -17.508574 -6.181377 27.708299 -16.359712 14.881114 -14.343895 11.705244 0.098903
2 -12.743371 29.229702 -5.437253 -8.201398 12.773891 -7.810037 -4.052614 -3.758920
3 -9.322808 6.434271 39.880806 -10.611149 -3.334757 -9.839414 -10.573830 -2.633116
3 7.602962 -2.269357 20.758665 -9.580532 4.935914 -8.431644 -4.601193 -8.414815
1 136.331613 -46.043942 33.007774 -65.603301 35.447846 -61.016873 0.150007 -32.273124
1 61.268609 44.418081 -7.283739 -22.246117 -13.296279 -22.438854 -25.190816 -15.230883
3 38.479601 -20.293446 99.402491 -40.680538 -14.795741 -39.673656 0.513533 -22.952240
1 189.033533 16.224965 20.961306 -156.740415 -8.995734 -140.559512 39.610128 40.465739
5 -1.342708 5.499896 1.863611 -14.606314 24.778369 -13.657978 5.986536 -8.521411
3 7.715819 1.977450 112.399304 -53.157810 32.354516 -49.838006 -4.038559 -47.412713
5 46.992865 17.076869 13.509385 -68.768696 65.995550 -64.522280 -5.439566 -4.844125
1 2.663003 -3.907254 -0.805715 0.000000 2.279161 0.000000 -0.229195 0.000000
5 45.775505 -49.769331 19.262012 -52.559031 113.174137 -50.207585 -3.660827 -22.014875
1 78.952574 21.739799 -14.949711 -18.741760 -16.364454 -18.521819 -14.174522 -17.940106
3 37.101705 19.072309 63.456472 -57.601398 20.757337 -53.183696 -9.630098 -19.972628
2 13.097504 49.347031 44.710949 -49.019683 -8.454268 -45.181385 6.628222 -11.128364
3 35.927072 19.915186 36.703145 -36.922409 -1.548555 -34.328669 -13.822412 -5.923356
3 1.690834 -22.348901 44.214717 -5.708292 -3.720814 -5.520854 2.145323 -10.752013
1 18.507987 1.543625 4.503135 -4.149809 -13.666919 -3.996397 -5.573243 2.831622
3 39.865032 -60.988775 238.532794 -88.087109 -16.908425 -81.003429 -0.251593 -31.158492
3 -0.406846 -5.299578 28.795671 -2.332719 -12.161403 -2.133172 -3.662936 -2.799015
1 213.915450 -14.980683 178.991458 -125.779830 -36.162012 -120.985819 -27.050668 -67.947886
1 96.779438 19.094009 55.824943 -61.394809 31.665986 -58.568730 -29.507980 -53.892854
3 13.575138 -1.257409 28.310157 -15.601090 -3.652922 -14.375574 0.325773 -7.324072
1 34.349050 12.753178 18.990235 -11.801746 -18.105266 -11.624582 -11.530525 -13.030345
2 3.413006 7.268664 -2.842261 -1.893583 1.150810 -1.902591 1.397202 -6.591247
2 2.398709 11.827363 -0.351512 -3.708866 4.170884 -3.774185 -5.899189 -4.663206
2 19.123247 22.082924 -5.899326 -12.427509 6.362446 -12.463796 -8.066360 -8.711625
2 25.013505 51.427892 -0.805573 -21.962675 -0.270565 -21.509540 -27.732083 -4.160959
1 79.336251 44.864236 8.630399 -46.004840 -3.256138 -44.794144 -7.919991 -30.855770
5 -17.349975 -59.966729 5.724703 -19.356951 89.334168 -16.285892 12.028035 5.872644
5 12.997951 3.636306 -11.422420 -4.141004 13.019489 -4.271963 -4.067984 -5.750373
3 -10.029781 6.222966 13.134240 -4.560555 3.521594 -4.245762 5.346071 -9.388773
1 18.554019 9.753183 2.698857 -15.738557 12.887349 -16.152634 11.452041 -23.454258
5 9.640887 -28.601078 51.123229 -71.890177 78.061836 -68.298617 33.019603 -3.055676
3 24.457938 -13.572220 31.431191 -8.643225 -12.867178 -8.154486 -6.320888 -6.331132
3 114.022539 -159.802701 225.129020 -129.720595 95.641192 -123.962522 131.262498 -152.569426
3 -13.578914 14.177633 69.331378 -30.101832 14.453116 -29.485676 20.542133 -45.337834
3 0.229149 -10.646855 25.210836 -11.223567 18.882198 -10.826374 -6.076279 -5.549107
3 -8.105050 -2.933106 29.234725 -3.646819 -2.297220 -3.321761 -3.988414 -4.942353
2 10.767680 26.038290 -4.059121 -6.299477 -2.991088 -6.122997 -9.011638 -8.321648
3 5.289597 -4.797331 22.649787 -6.697795 3.326871 -6.488622 -5.500518 -7.781989
2 11.113341 11.819965 1.527907 -7.555032 3.561959 -7.116846 -11.137963 -2.213331
3 3.467106 43.459822 122.887496 -116.454390 43.615745 -107.638653 9.366903 1.295981
3 -16.472143 -10.180902 40.908305 -4.157588 2.432018 -3.989213 4.128636 -12.669112
3 43.587139 -14.551267 99.773787 -62.227111 69.881297 -61.169510 -17.476911 -57.817419
3 19.073465 6.036242 27.338195 -11.164901 -18.335319 -10.575518 -8.102866 -4.269296
5 -4.439441 -15.308656 97.878112 -90.999419 196.383927 -86.541266 -38.073101 -58.900149
5 -17.514068 23.848613 -17.198573 -5.701261 35.208693 -5.991560 -4.010469 -8.641376
1 8.390120 6.688949 2.673180 -5.356629 -2.417990 -4.775519 -6.410022 1.207913
5 59.183194 112.853805 47.874600 -120.899228 137.893925 -113.883090 -63.939718 -59.083480
1 74.873169 13.647794 -11.855832 -16.815339 -18.129203 -16.400887 -12.097647 -13.222055
3 48.971132 11.338379 69.319229 -39.835183 -42.573267 -36.051798 -10.649249 -0.519238
5 -29.357704 8.926722 57.021463 -88.913788 134.448878 -80.760945 16.343026 -17.707650
1 29.812744 6.472380 16.654844 -6.943550 -21.678783 -7.139095 -6.575501 -10.603039
2 -3.402009 20.984269 11.472177 -13.890586 12.032076 -14.196424 -0.774437 -12.225065
1 53.670206 -26.338514 11.866732 -31.326920 17.089885 -28.761997 -1.193013 4.993623
1 19.308680 -6.207571 3.680124 -7.881392 13.188642 -8.461334 1.100410 -14.727560
3 41.765314 36.762690 145.105482 -105.871523 -0.659296 -96.628886 0.233150 -20.706923
3 -10.231483 1.481576 73.781733 -87.788254 66.727368 -81.390638 62.548607 -25.128900
3 20.501646 -33.161914 95.190513 -35.474550 27.414392 -35.456280 -2.729888 -36.283914
3 17.433709 23.988071 61.797104 -60.911849 44.687879 -57.783616 0.513783 -29.725077
1 23.308179 9.545289 5.276248 -13.211534 -8.157588 -12.497852 -3.343699 -0.919042
1 133.125973 -21.240652 64.673690 -92.001652 35.044040 -88.995196 14.143405 -44.749601
2 -13.792758 101.365732 -3.000678 -25.217178 6.241490 -24.345337 -14.887403 -26.363866
5 -14.799420 6.820789 9.990794 -3.937050 16.955531 -3.539234 -1.196737 -10.294671
5 65.108881 -70.674764 29.459659 -49.740333 69.888110 -46.758248 28.088495 -25.371801
5 18.466425 -124.750249 164.127494 -132.379663 174.837416 -121.889267 53.475275 -31.887422
2 23.370541 36.295349 -18.361172 -15.680471 7.071024 -15.773604 -5.844988 -11.076679
2 -8.463134 22.199348 -2.980378 -8.398962 10.119516 -7.935995 -3.143748 -1.396645
3 -6.047633 -2.551531 151.998695 -61.789414 -15.984317 -56.043953 -8.637019 -0.944822
3 92.928431 18.144263 155.708314 -129.290361 47.201498 -124.274001 26.606787 -87.024922
3 56.189470 -42.412508 87.667521 -53.458141 -25.925421 -49.830047 15.162081 12.607047
1 21.543179 -10.344242 15.685763 -6.430658 -13.191720 -5.891672 -0.071341 -1.299308
2 -39.209644 80.138213 -7.775498 -26.394015 58.407941 -25.791838 -16.016979 -23.358178
1 105.234321 104.289579 -26.956869 -89.416249 95.427964 -85.178869 -58.305388 -45.094485
3 -21.137005 34.643703 95.616785 -58.186673 27.774503 -54.248912 -11.141965 -13.320432
2 9.539663 24.570476 -14.681163 -6.434048 13.480771 -6.687175 -9.246465 -10.542060
1 75.531656 -6.486135 25.790493 -39.897351 17.899401 -40.103543 -11.053950 -21.680569
1 4.169288 -1.714532 1.386221 0.000000 -3.070422 -0.020201 -0.699569 -0.050785
1 83.048283 -35.299849 10.881721 -59.590893 76.518450 -55.404083 -9.978328 -10.175299
5 130.279043 8.785732 126.771072 -212.439987 175.030159 -199.271222 31.203453 -60.358238
1 37.655992 14.644287 9.146380 -16.035173 -10.413895 -15.530269 -15.443172 -4.024150
1 30.675951 -9.215234 -15.866455 -8.209687 25.687287 -8.476511 -6.117370 -8.477983
3 -53.973607 83.838674 85.761168 -65.809851 5.422761 -58.853387 1.453840 2.160407
5 12.364247 8.944812 9.992722 -20.913415 40.318516 -20.850777 -8.151303 -21.704800
5 -6.333159 -19.955905 -1.906515 -4.599499 43.964061 -4.529334 1.257836 -7.897485
5 6.333107 17.673006 -0.575725 -18.595000 19.128059 -16.344814 -19.770620 12.151987
5 16.288795 11.367489 -7.915014 -9.664124 17.407788 -10.204045 -5.003335 -12.277554
5 16.175593 16.221607 11.983378 -24.094579 34.852292 -22.678499 -11.324709 -21.135080
3 -12.008060 1.309339 92.879281 -38.282417 29.602937 -35.738172 -12.750578 -25.012328
2 17.261974 18.445778 16.227613 -15.419478 0.499619 -15.748167 1.772157 -23.039496
1 34.928679 34.559266 4.670708 -17.085656 -9.552722 -16.822354 -11.363022 -19.334898
5 -8.872652 1.139603 -2.234194 -3.711952 23.210757 -3.601206 -1.821604 -4.108753
3 -10.725177 12.107601 29.493458 -16.150949 10.946436 -15.714571 -5.722620 -4.234176
3 -14.581650 7.935831 10.678791 -6.245099 5.782669 -5.347798 1.087634 0.689622
2 18.976418 19.641988 -16.342571 -12.752705 18.642456 -13.309426 1.761134 -16.617294
1 69.936288 2.990468 24.646729 -36.147038 -25.377627 -33.228942 -16.639140 13.819266
1 227.805498 86.074275 49.278305 -110.834960 -10.269444 -112.722661 -10.376340 -118.954668
3 -7.182129 -16.024561 168.397805 -50.559102 -36.836652 -44.522158 11.176249 -24.449448
2 77.535933 110.742241 65.878470 -102.225592 37.455397 -98.059185 -13.768214 -77.559043
3 17.237200 -21.569526 130.446812 -52.270358 19.532977 -50.977741 8.576242 -50.975603
1 22.003111 -6.629582 -3.206688 -6.597212 0.842958 -7.168987 10.474075 -9.717675
2 -0.342055 18.454491 -7.618858 -5.012182 15.466492 -5.313226 -7.146003 -8.488659
3 66.176510 26.802624 110.101712 -101.173852 81.219629 -96.291017 -18.818524 -68.017077
1 39.889775 17.695245 4.572243 -7.092856 -21.842614 -7.149079 -9.576854 -16.495861
3 159.068549 -17.612476 180.240390 -166.915785 49.050405 -159.164849 31.938865 -76.605089
2 18.157050 22.306363 12.405729 -22.175095 4.923549 -20.254795 -18.531931 3.169132
3 6.232329 22.771706 59.150249 -35.141500 2.296117 -34.777962 33.389051 -53.919990
3 56.429926 -14.233858 124.596049 -104.039278 16.921403 -95.591506 42.952064 -27.034798
5 -18.911493 45.807869 23.673497 -85.029498 116.702397 -79.579214 32.815173 -35.478729
3 -9.725588 9.173350 23.691831 -13.999786 17.074938 -13.362326 3.608848 -16.461267
1 62.922036 26.939024 -22.761144 -31.457607 60.046234 -31.974516 -23.838182 -39.875843
3 -4.940540 -3.807966 38.222447 -17.139793 21.556338 -15.380099 -6.751941 -11.758443
2 7.426089 43.375713 9.373152 -24.141545 1.686306 -23.102617 4.717299 -19.334395
3 51.640523 6.524201 63.211863 -49.909851 24.030330 -47.086504 -10.108004 -38.302558
5 109.969296 128.881113 8.262615 -128.170284 154.898209 -125.551772 -76.483890 -71.805280
5 6.152908 -20.699422 10.618925 -10.249826 21.847233 -8.639420 -2.218530 3.188134
1 159.781168 6.644977 22.342135 -109.868654 144.316119 -106.280706 -46.489155 -70.445882
5 -4.601375 -6.354207 -0.357100 -18.966291 56.080456 -17.783259 -1.715102 -6.303121
3 16.051280 24.944851 39.499326 -22.800672 2.593735 -22.319456 -4.405799 -33.563266
1 78.911085 -3.292224 -12.947015 -19.991841 1.436517 -20.845610 4.683346 -27.954257
5 61.034998 -11.481565 -4.357007 -36.700893 69.601346 -36.512256 -2.179793 -39.404831
1 41.428891 -16.763469 38.029875 -43.398611 35.443138 -42.496379 20.857441 -33.100883
5 -21.568894 4.530725 12.448080 -21.181314 34.150169 -19.180583 2.872425 7.929394
5 32.929964 19.812326 -6.143667 -44.921395 36.894495 -41.322014 -4.771985 7.522279
5 37.834097 -71.181128 41.287057 -68.540007 96.787415 -63.372787 12.550496 14.634863
1 34.589671 10.782083 14.895065 -9.923842 -33.764373 -9.336208 -10.742177 3.499781
5 -6.313781 3.649010 7.948713 -16.470797 33.107136 -15.007287 -12.813388 5.900394
5 11.618096 -10.606072 12.924338 -18.941219 36.497901 -19.032720 9.044613 -21.504939
3 30.895392 -10.090661 38.483616 -23.068644 -4.562840 -21.185213 -3.800467 -6.671182
1 38.039521 29.307022 -1.788321 -14.829067 -14.754425 -14.558769 -18.131612 -3.284346
1 46.371295 0.577857 25.524610 -38.424361 38.890153 -36.893077 -6.485207 -29.561268
5 -0.380951 12.450495 -0.645266 -7.242741 18.521380 -7.787793 -2.669631 -12.245492
1 41.313785 21.998805 -9.524035 -16.757914 0.190673 -17.471314 -1.270300 -18.479700
3 50.679159 9.993041 91.966655 -65.071649 -19.689138 -59.926866 -9.051695 1.100499
2 69.544699 96.904399 51.900278 -61.486007 -40.340657 -56.647352 2.849589 -62.724951
3 -40.140628 10.565119 91.818879 -22.375089 6.126473 -19.434730 -15.369253 -11.190769
1 552.518088 96.195836 406.782304 -303.122810 -132.705224 -290.552283 -79.668726 -249.447156
1 17.902555 -2.896699 13.282035 -9.787171 -7.887136 -9.237412 6.806870 -8.183042
3 2.620654 0.693671 16.422140 -6.365929 10.567612 -6.497463 -8.534592 -8.906090
3 42.325888 -36.061350 101.525303 -33.596017 8.105753 -33.129449 0.483000 -49.653129
3 -2.781251 7.641867 26.053158 -8.760032 -5.022945 -8.008658 -8.178203 -0.943933
2 2.982998 23.308000 8.385788 -18.227752 17.660794 -17.549275 -5.564233 -10.996320
5 2.212986 6.048868 -5.434211 -7.311004 20.156725 -6.870084 -9.240096 0.436817
3 4.401958 11.149032 13.261589 -5.811603 -15.294140 -5.346986 -2.879866 0.520016
1 36.923513 20.239972 -7.807983 -11.808853 -8.269876 -11.449305 -6.803199 -11.024267
1 85.908778 -9.127495 52.571534 -88.945102 67.543834 -87.144769 26.914841 -47.721620
1 24.118997 12.362251 14.614010 -19.588199 -10.444730 -17.641298 -4.159141 0.738112
5 -7.919675 12.669090 2.539696 -7.224178 20.718166 -7.180206 -2.875468 -10.727424
3 44.540356 27.981439 87.700928 -93.888862 60.891552 -88.160686 -12.993578 -26.071144
1 18.672623 -0.098776 2.753886 -6.303117 2.723039 -6.497722 -2.482188 -8.767745
5 15.037801 -15.228050 14.761967 -32.533703 58.060297 -29.205994 -23.069564 12.177250
3 -48.915856 -14.986126 153.595538 -63.892558 17.038257 -55.968740 1.578369 11.551120
1 62.929317 55.913594 -19.564147 -67.205648 49.899428 -62.777791 8.176677 -27.371425
3 126.163764 60.690976 128.474398 -132.748479 56.077049 -127.922443 -28.099024 -82.636231
5 -20.506483 16.296329 -6.815150 -17.730071 44.244003 -15.961560 -13.017626 13.490560
3 67.528207 -34.807782 121.387242 -40.931173 -35.149689 -41.297380 0.373787 -37.103206
1 41.034728 11.774138 39.147148 -30.920153 -9.399774 -30.232453 10.658533 -32.062167
3 -11.329984 1.665682 21.490505 -8.111344 16.295818 -7.123054 -8.173237 -4.714386
3 -2.146706 7.409868 94.822100 -78.117656 44.009517 -71.275391 15.374134 -10.075861
1 111.434495 25.461526 -3.710195 -50.888322 39.400821 -52.160851 -41.840295 -27.697173
3 1.027026 16.231350 40.633944 -20.446424 1.261658 -19.932344 3.553415 -22.328625
5 -26.211325 8.777647 13.134279 -14.079293 41.417880 -13.249885 0.372300 -10.161601
3 89.003873 43.333251 155.753236 -173.420573 41.973539 -159.216733 23.988051 -21.414636
5 -5.770073 9.046228 -1.010769 -5.955379 15.927534 -6.485736 3.650524 -9.402329
1 123.013724 75.309609 -39.102602 -57.797568 4.346040 -56.316970 -12.535203 -36.917026
2 47.635637 115.726920 89.850783 -138.240030 36.095758 -125.818776 -60.995646 35.745369
1 152.393651 -64.559044 45.376102 -48.958934 1.531066 -47.023555 -18.291372 -20.467913
5 -8.838323 2.093080 3.884515 -1.314100 7.914105 -1.188589 -0.451522 -2.099167
3 44.320669 -29.291324 58.749254 -62.364359 28.352836 -57.843200 45.895577 -27.819450
3 5.980562 4.454297 33.494999 -15.760498 16.626951 -15.429376 -0.749095 -28.617841
3 -0.568232 -17.322131 84.677550 -46.490934 37.918935 -44.548833 -0.358752 -13.307599
3 133.941147 -9.524220 162.593737 -207.399467 116.329278 -196.229932 64.316961 -64.027490
5 9.875516 4.510689 12.456490 -10.009265 18.635205 -10.654170 -8.929411 -15.885054
5 2.145269 11.047345 -4.561902 -5.910079 14.760367 -5.991617 -2.861126 -8.628257
3 -1.982945 -8.371109 29.869540 -4.349366 -2.232161 -4.446611 -2.359168 -6.128179
5 30.320606 -29.910596 13.205078 -21.314370 36.816340 -20.704709 3.824884 -12.237235
3 2.253512 28.046550 58.608536 -15.486736 -34.024378 -14.598968 -1.571532 -23.226979
1 51.852875 15.463388 13.365454 -33.936420 2.091993 -32.921083 6.648820 -22.565028
1 50.132082 35.386346 -10.588025 -31.801994 15.842692 -29.915903 -18.163260 -10.891936
5 -0.550261 -4.888826 5.146613 -2.123603 6.998109 -2.404104 1.202021 -3.379949
1 101.696304 27.688307 87.856021 -96.337776 -9.772567 -89.274893 7.588809 -29.444202
3 20.652245 20.229351 32.592478 -32.727613 16.480758 -31.947995 -5.289955 -19.989266
3 -11.666016 60.862503 210.850791 -130.187797 12.188269 -118.129661 -31.565848 7.647773
5 -18.477949 -68.678067 74.238783 -74.887626 129.076045 -67.055604 8.363060 17.421363
1 40.652391 18.723254 -4.295929 -14.598948 -8.581244 -14.231120 -15.890386 -1.778017
5 159.306242 -14.954551 142.682301 -164.312941 160.630698 -159.013294 -22.641445 -101.696998
3 -24.874813 27.370546 44.637483 -20.190720 -5.892621 -19.054006 27.840089 -29.835958
1 12.778513 -0.339992 10.199851 -3.718969 -6.765493 -3.810324 -1.991318 -6.352268
3 10.875000 22.240208 44.145825 -48.948761 26.797256 -45.162033 -3.087920 -6.859570
5 20.311431 -23.921185 24.849621 -20.247268 38.382438 -20.024776 6.063281 -25.413542
1 42.412599 -17.380604 20.591536 -16.665896 7.979787 -15.784474 0.695426 -21.848375
3 48.295294 -19.592950 58.379518 -56.569251 56.818703 -52.716753 -9.102330 -25.512229
1 233.012617 -62.267555 85.615017 -137.289053 45.902590 -133.091541 50.695798 -82.577865
3 9.873019 32.697359 57.968974 -65.855273 53.631601 -62.269062 4.689276 -30.735891
5 0.279156 36.638284 37.531666 -48.833395 57.724985 -48.281616 -0.870275 -34.188801
2 -2.547465 22.788173 -7.543468 -4.877479 -11.626483 -4.103020 5.361810 2.547932
3 5.768055 5.088958 17.527302 -11.723820 13.113974 -11.424114 1.054756 -19.405110
1 138.149003 -48.127249 39.322525 -88.125231 50.890140 -80.466842 12.440443 -24.082782
8 8.463437 -11.106626 0.078308 -9.950427 9.334994 -8.457913 -3.357502 14.995730
8 19.741358 -22.039960 9.359678 -17.958503 8.369042 -15.194855 -3.440604 21.163845
3 25.130285 -12.591191 30.754649 -7.427276 -15.571939 -7.508647 -2.021232 -10.764647
1 89.836549 18.497468 -8.261723 -33.069421 -48.617467 -30.597303 -2.451033 14.662931
3 8.147870 -17.243763 33.047604 -6.743356 -6.913265 -5.864535 0.085283 -4.515837
5 -13.127148 18.904111 60.948067 -78.040357 115.122554 -74.370372 18.754188 -48.191036
3 26.769972 2.371518 45.820658 -42.512340 27.871551 -38.427886 -25.697509 3.804040
2 -1.442608 15.052036 6.784236 -15.731883 1.697196 -13.611020 3.228317 4.023727
3 25.828019 3.775849 27.136354 -13.928206 -2.139475 -14.204676 -15.399592 -11.068274
1 13.610674 1.560719 11.221352 -6.940748 4.726520 -6.785061 -5.630430 -11.763027
3 11.416572 -14.440951 48.079815 -28.249838 15.605759 -26.877011 6.686400 -12.220743
1 47.830351 17.491944 -3.451430 -12.719882 -10.343297 -12.900034 -7.994288 -17.913365
3 21.777260 -20.927056 22.316048 -7.864752 4.612737 -8.733526 3.502223 -14.682934
3 -0.760589 8.786378 24.969811 -5.934628 -4.946495 -5.816692 -8.921808 -7.375975
1 31.468549 20.777473 12.793601 -21.918996 -17.629875 -20.348206 -6.942258 1.799714
3 -41.438527 4.087623 124.352652 -69.678885 33.389001 -62.259123 17.735343 -6.188080
1 48.900410 -0.193102 13.448741 -11.032623 -27.711606 -10.387657 -4.206234 -8.817928
2 -6.070863 16.962322 1.959864 -4.601912 -3.032175 -4.194389 6.849995 -7.872842
1 15.976063 -4.505952 -0.333828 -7.259959 6.609279 -7.699043 8.141685 -10.928245
1 21.621736 10.681075 12.756482 -6.727723 -18.840000 -6.606119 -0.331810 -12.553640
1 50.640329 27.874739 6.043271 -17.231759 -33.903281 -16.359071 -21.905634 4.841407
5 4.792853 -0.397039 -10.768204 -7.711231 31.393780 -7.507084 -0.435275 -9.367800
3 9.503725 61.212274 94.430919 -86.269957 85.194569 -84.577712 6.114253 -85.608061
5 46.971557 -19.846271 40.165828 -57.737695 107.838467 -57.299477 -1.133724 -58.958683
1 46.807257 9.078166 19.721647 -14.017762 -54.844748 -12.415898 12.008061 -6.336724
3 -11.109937 -17.605660 43.270007 -1.920046 -1.655720 -1.765752 -1.062489 -8.150404
3 32.728452 -28.239508 33.863417 -26.669842 10.411354 -24.096619 3.274644 -1.271898
5 -0.052281 6.035305 3.152459 -4.058231 7.079516 -4.085462 -1.405666 -6.665640
3 -3.744483 6.321543 63.821129 -42.483559 10.303927 -38.431600 20.669032 -16.455986
3 -6.146194 -3.988044 29.640426 -12.251368 21.829121 -11.700770 -7.352306 -10.030864
1 87.561602 -17.165099 -12.646616 -41.996797 82.384852 -43.757219 -15.507485 -38.873234
1 69.570347 22.762071 -21.726247 -29.997441 -17.853652 -27.455129 -2.127975 6.828027
2 -0.987954 23.184393 -2.838899 -3.549066 -4.231732 -3.313305 -1.801852 -6.461583
1 42.918766 20.038304 -7.286954 -16.625878 11.490489 -16.779777 -6.311007 -27.443943
2 -3.339890 18.128577 12.197321 -5.755408 -0.047901 -5.491124 -3.283698 -12.407876
5 76.937513 35.684708 4.555448 -63.192550 86.799636 -61.536442 -22.772697 -56.475615
3 69.708265 -26.645130 107.037707 -80.712595 28.175873 -74.550930 1.587864 -24.601047
1 15.996634 -1.124145 -0.625198 -3.950712 -5.572654 -3.678794 -3.278399 2.233270
5 3.686040 4.781490 -7.950546 -15.072779 26.684177 -13.307537 -8.909388 10.088544
5 -16.126928 -24.430234 10.300846 -12.684641 51.375344 -11.428847 3.293839 -0.299378
5 42.893330 43.033260 16.850880 -62.245080 93.296353 -62.422521 -13.383877 -58.022344
3 39.154622 6.080858 48.953536 -37.957815 19.362846 -37.836851 4.651158 -42.408352
5 -30.024688 26.818054 42.768285 -44.776394 82.009956 -42.792189 -0.372917 -33.630107
2 2.761900 16.940779 7.551481 -6.564326 -2.925084 -6.064370 -9.544755 -2.155624
2 20.121267 23.327806 2.716055 -11.894254 -16.387774 -10.836991 -6.494889 -0.551220
3 -12.964639 2.374197 68.787101 -19.597317 5.323975 -18.375932 -10.433894 -15.113489
1 185.193878 11.533760 -11.129972 -49.099745 -1.675210 -50.046009 -32.157400 -52.619299
1 348.621791 83.436066 133.937675 -146.526683 -132.620309 -144.897196 -36.278386 -105.672949
1 37.758676 25.040407 7.307766 -11.370786 -37.335743 -11.047158 7.740652 -18.093815
3 1.193410 7.531433 89.466253 -33.968284 13.468958 -31.908814 -24.786989 -20.995963
5 -43.069198 28.838620 27.997383 -21.544862 41.028361 -19.586276 -8.461933 -5.202093
1 33.697759 19.051379 13.337405 -14.330010 -23.661613 -13.741531 -6.982602 -7.370786
5 8.305452 15.469140 41.703496 -46.656925 62.847723 -44.067092 -16.566604 -21.035187
3 54.048862 -18.267404 119.199997 -69.739840 11.797949 -64.620739 -5.320008 -27.098814
3 18.927948 5.161690 90.312436 -28.403345 -28.813982 -26.984296 9.105994 -39.306442
5 -26.313947 31.301772 22.965273 -41.510752 69.907019 -39.624234 -3.031453 -13.693675
1 140.411298 -70.526217 134.205432 -88.827816 44.897598 -83.864043 -21.109744 -55.186504
3 -17.793894 -19.954371 83.810850 -8.426245 -8.587767 -8.319875 -8.367463 -12.361234
2 41.679075 44.795145 12.003277 -31.196527 -26.428138 -29.307629 -11.175320 -0.369880
1 23.404920 1.268409 -10.835362 -3.864774 -1.910898 -3.883135 1.636124 -5.815284
3 -2.623986 -23.181434 64.550514 -5.865194 -19.948654 -4.919815 -1.279608 -6.731823
1 31.155070 -19.508292 1.658249 -16.787152 22.739112 -17.274304 8.066690 -10.049374
1 23.781940 13.227086 -10.374413 -12.842433 19.516398 -13.065772 -10.367862 -9.874942
5 -3.546703 6.404637 -3.483939 -5.118584 23.117707 -5.212964 -5.075982 -7.084171
5 24.634874 6.622285 -4.647941 -27.288792 26.703816 -24.648628 -0.301107 -1.074506
1 35.818669 -16.863185 4.595910 -10.623081 -1.917118 -10.231452 -3.561680 2.781938
5 -0.756057 6.000104 -2.812255 -3.072877 7.585657 -2.767428 0.708439 -4.885584
5 -4.542221 4.217708 5.304755 -7.845512 9.092067 -6.719897 -7.461830 7.954933
1 47.324761 -21.078086 7.890615 -18.797756 16.975883 -19.365904 5.595656 -18.545168
3 17.493782 1.446293 67.020998 -60.053646 46.855225 -56.638203 28.803565 -44.928014
1 47.520433 -42.504746 41.045152 -21.214959 27.732787 -22.296522 4.213497 -34.495642
1 136.927100 55.677451 37.129907 -80.134516 19.610357 -76.554008 -46.657036 -45.999246
1 13.505493 -10.446720 2.304857 -2.741083 6.327933 -2.690624 -3.845764 -2.414092
1 25.597938 2.381726 17.884314 -40.450846 17.790201 -35.604517 -7.407372 19.808558
5 19.185546 23.551106 23.794303 -31.757986 26.819686 -30.782634 -0.620567 -30.189455
3 -14.787434 2.768033 131.370209 -27.557009 -34.989599 -26.888373 9.466850 -39.382675
5 -2.377160 13.254644 -1.656285 -7.135785 24.050788 -7.717329 -6.550264 -11.868608
5 -9.092121 1.309334 0.680514 -12.732835 42.182325 -12.331749 0.120702 -10.136169
3 7.151025 2.558838 29.604031 -14.734792 -9.741803 -13.694939 16.171271 -17.313630
5 9.733855 4.843213 9.113327 -15.293473 27.947866 -14.904012 -7.563458 -13.877316
3 -1.861391 3.497849 3.783342 -0.549852 -4.783599 -0.590756 2.753079 -2.248673
3 -12.398812 -11.767873 57.617057 -6.829606 -5.851003 -6.625605 -1.509324 -12.634831
5 25.012515 9.471427 -23.052655 -20.235851 68.041240 -20.474012 -6.280539 -32.482127
1 46.366315 14.634013 14.993555 -34.405110 18.660328 -33.691377 -7.098405 -19.459317
3 -14.965463 29.717626 61.960312 -30.915688 3.040170 -28.954636 1.366255 -21.248575
1 32.809596 3.589418 10.538749 -9.689214 -10.959038 -9.906418 -2.768653 -13.614440
3 9.691520 -5.383899 13.755944 -7.629469 9.807913 -7.766209 -3.688905 -8.786896
2 9.131307 24.119396 -11.545855 -6.434048 10.920016 -6.687175 -8.981782 -10.521859
1 228.470471 108.935816 -30.791811 -138.925705 114.724653 -142.226095 -9.169632 -131.017692
3 11.716408 -14.359356 80.858837 -30.442890 -28.540242 -26.821241 1.303284 6.285200
1 45.634426 22.414867 -0.892314 -12.203832 -26.934765 -11.844168 0.899148 -17.073363
3 28.590244 5.573017 38.613096 -14.590620 -28.332860 -14.153651 -4.784117 -10.915106
3 15.581092 -6.988831 26.637759 -8.883829 -8.230671 -8.838432 5.034249 -14.311337
3 -50.849209 4.444238 317.569241 -186.557840 74.689961 -170.406346 21.236174 -10.126205
3 -3.713757 -3.547141 5.867108 -0.000000 2.683833 -0.000000 -0.291673 -0.998371
1 22.853274 5.932407 4.416915 -8.340675 -5.589932 -7.897882 -8.055166 -3.318941
1 62.238105 6.178215 27.598458 -20.669588 -38.746962 -19.987441 -12.710270 -3.900517
5 -26.656632 13.584351 18.310893 -14.254979 26.355770 -13.816732 10.212401 -13.735070
1 32.471583 -10.096532 -15.305575 -5.292184 9.742648 -5.155172 2.001211 -8.365980
3 7.448426 0.576420 42.679152 -11.754495 -9.426028 -11.079130 -14.427131 -4.017213
2 6.394708 23.403161 -15.939522 -8.708540 13.987394 -8.708348 -7.141759 -3.287095
3 3.399969 -23.553456 38.261588 -44.240011 24.116742 -39.694469 19.355489 22.354150
5 -47.197357 34.357766 28.516313 -45.170193 71.587875 -37.804345 -12.745994 8.455943
3 16.139459 -31.686588 147.006644 -58.029380 2.854552 -54.229585 6.892571 -28.947671
5 -1.701034 8.882259 -6.216730 -3.467963 14.807588 -3.776787 -4.359968 -4.167364
3 -23.532267 2.657987 46.964022 -25.144940 1.657754 -20.739443 6.955882 11.181006
3 -17.515380 -2.162747 53.839437 -14.849873 -8.660638 -13.466406 -1.225423 4.041032
1 148.620165 -36.007259 83.326886 -64.853266 43.131578 -62.814711 -40.297121 -71.106272
1 42.455772 13.121617 -2.340748 -13.864142 0.434906 -13.910051 -15.934078 -9.963277
1 101.232976 5.939410 -12.695521 -20.484645 -39.691379 -19.649005 8.539616 -23.191453
5 1.567217 17.163939 -8.221884 -8.592288 24.043728 -9.197998 -3.650934 -13.111778
5 -13.595768 17.731316 0.403122 -6.887658 22.117157 -6.932618 -2.925766 -9.909784
1 12.921143 4.070790 -1.872807 -4.455600 -7.535859 -4.307821 7.739111 -6.558956
3 106.007892 -50.729651 196.374531 -194.120793 59.354375 -179.853415 113.816394 -50.849322
3 44.897602 -52.995480 83.348177 -34.488042 17.051870 -33.951041 -7.794488 -16.068594
3 1.755047 -5.604448 38.348158 -14.115587 10.884832 -14.208630 -4.355582 -12.703790
3 -9.173457 -15.782459 30.688114 -2.620600 8.143696 -2.758144 -1.265703 -7.231447
1 40.001671 5.585735 20.426123 -24.620861 1.066077 -24.249584 -6.842924 -11.366236
1 291.093241 -46.837164 86.999487 -141.463681 101.836012 -144.400570 -2.479432 -144.747885
3 -15.359924 18.687281 33.831946 -16.255013 6.270678 -14.733592 -9.615019 -2.826355
5 -3.015971 17.747719 -8.109920 -9.666875 41.642956 -9.762553 -13.220890 -15.614466
5 -20.716962 17.936247 9.569248 -28.502972 56.021737 -25.614569 -11.714380 3.021651
1 95.322080 52.763954 53.207347 -38.409525 -83.992825 -37.363764 -17.493544 -24.033721
5 8.351567 -4.400969 -1.720456 -8.051690 28.287891 -8.832583 -1.748738 -11.885020
5 -12.242095 -0.559880 23.334334 -20.709557 83.486104 -21.639382 -33.464404 -18.205119
2 29.492246 30.169078 8.967028 -18.656758 -2.875676 -18.844468 -11.026153 -17.225294
3 60.714057 -52.740749 77.145495 -36.940813 -13.708339 -35.005807 21.229788 -20.693628
1 74.695617 -5.289649 34.862447 -40.263257 30.946735 -39.575013 -17.640127 -37.736752
5 -7.289046 -10.005786 13.194273 -10.119785 30.735908 -9.132149 -3.281057 -4.102358
5 -27.371413 29.062296 27.259100 -35.564032 46.763467 -32.340957 27.737752 -35.546209
5 9.461294 -11.799179 11.727016 -13.343594 30.779330 -12.814973 -6.718188 -7.291704
3 50.716976 -53.293581 70.801500 -66.337709 50.754614 -60.712232 -0.953144 9.023581
2 -20.320332 38.132068 12.237908 -20.740011 10.250262 -18.672855 -0.799059 -0.087978
2 -9.456685 10.916903 0.482982 -3.207683 6.109302 -3.056506 5.480542 -7.268854
5 36.761738 20.112685 -3.165514 -50.948975 64.385467 -47.387274 -3.287110 -16.471015
1 132.144183 6.319746 1.649004 -43.475042 -28.650577 -42.311415 -15.879589 -9.796307
1 141.712480 -83.790182 137.117374 -99.134763 54.901056 -93.216352 -41.258833 -16.330774
3 13.486117 0.476758 14.635797 -3.856110 -9.887400 -3.436613 -6.235062 -5.183486
1 62.841592 -20.774429 56.680805 -51.452031 53.126665 -49.899347 -3.167455 -47.355799
5 3.823158 -4.501932 -2.501940 -8.112771 16.692753 -6.755000 -3.747427 5.103160
3 62.848022 87.906142 102.940095 -95.224940 -11.874468 -89.673766 -12.648329 -44.272753
1 39.021461 29.307022 -3.440496 -14.829067 -14.084192 -14.558769 -18.131612 -3.284346
5 -35.466787 34.333592 33.679737 -59.379840 76.543716 -54.657759 18.757426 -13.810082
2 -3.566653 50.524728 43.515590 -24.910672 9.357802 -24.380755 -24.711719 -25.828320
1 33.756074 1.637375 2.320214 -10.299841 -4.014434 -9.745884 -10.242401 -3.411104
5 10.691275 -0.723778 -7.903194 -8.406896 35.603938 -8.638011 -11.381507 -9.241827
5 -42.025152 -5.432741 111.995933 -99.930055 128.936225 -92.857882 12.323838 -13.010157
5 19.494246 21.732361 3.544772 -30.227098 24.535276 -28.349152 -9.872133 -0.858270
3 92.707761 1.359899 171.540742 -170.325730 81.444257 -156.508441 1.805088 -22.023566
5 -37.374206 21.168091 23.093024 -23.105216 34.655634 -20.356158 4.350004 -2.431173
1 34.690456 27.430192 11.905023 -31.941457 22.247521 -31.737564 -10.637351 -21.956817
1 120.321149 34.851931 -1.572412 -45.548957 -8.032871 -44.329195 -42.551967 -13.137674
3 -6.683544 -4.790781 10.402638 -5.312820 4.790964 -4.900915 5.906478 0.587981
2 -21.755799 41.631008 9.716357 -12.165043 11.528208 -11.980955 2.907078 -19.880850
3 -30.454842 11.878674 71.258639 -25.748942 36.575240 -25.684112 13.158921 -50.983577
2 8.075989 23.139713 19.997481 -18.357231 -5.771963 -17.709070 -2.538661 -6.836258
1 21.592166 18.270354 15.633874 -26.853856 2.780466 -25.097095 -1.775539 -4.550368
5 -4.606485 33.677734 -18.028188 -22.811102 49.191452 -22.069991 0.657148 -16.010568
1 135.476788 -3.912448 77.130249 -94.952979 3.057813 -86.015155 -35.159445 4.375181
1 177.126632 -27.202031 72.371711 -77.369467 -25.400162 -72.022338 -41.572225 -5.932114
5 -16.556737 34.876213 -5.028285 -13.465146 37.814861 -13.514929 -5.506046 -18.619931
5 -0.053603 -0.818118 7.357519 -11.398439 28.582283 -11.714667 4.401726 -16.356700
5 -10.246922 -6.107137 29.225912 -43.572881 124.454330 -41.975086 0.610580 -52.388793
3 -21.876776 16.011598 120.156091 -54.719559 2.085084 -49.999728 0.887134 -12.543839
1 78.545443 -2.662318 -27.378402 -14.386118 3.280982 -14.703993 -6.974523 -15.721069
5 47.292481 -22.924744 81.684835 -105.552792 144.479711 -100.991736 13.366253 -57.354000
1 233.223008 -6.612227 191.687299 -176.387102 83.014461 -168.594203 -21.323266 -135.007962
2 -4.959702 15.446917 4.022953 -1.544218 -3.553359 -1.556640 -3.357258 -4.498693
2 22.374698 27.508942 25.610438 -11.724070 -25.293421 -11.794404 -12.187630 -14.494551
5 5.899344 4.527693 1.344362 -4.058231 6.237406 -4.140337 -2.580033 -7.230203
