5 41.595096 -20.320025 11.613047 -19.772897 42.091769 -18.943632 -14.942403 -21.320955
5 52.852153 -44.255352 1.195930 -46.308592 154.349321 -45.556969 -37.780116 -34.496380
8 5.651543 -1.350098 3.263267 -5.711709 -5.891901 -5.524081 3.723456 5.839524
3 5.388768 -12.525978 53.791804 -6.860063 -14.810595 -6.735119 -9.714726 -8.534093
1 38.361268 -11.920031 -10.207642 -19.608269 30.176073 -18.746081 -8.765308 0.709989
3 106.427422 -32.780871 294.350012 -152.574307 163.183442 -148.470611 -119.710678 -110.424412
5 17.224974 -16.707719 21.170687 -11.648937 28.436727 -11.398707 -13.653367 -13.423658
2 9.462100 13.273426 11.206539 -5.549222 -3.820717 -5.510337 -8.397656 -10.664133
5 -4.809018 1.370388 0.029416 -1.810518 14.308457 -1.603981 -3.480302 -4.004443
5 36.348866 -17.388295 57.814306 -35.227663 63.426938 -34.650603 -27.529801 -42.793751
1 30.996288 -1.589102 3.780114 -9.780454 -7.199760 -9.870758 -6.894361 0.558032
1 30.565746 4.416395 12.726320 -19.078236 1.495780 -17.370736 6.236799 -18.992069
5 -3.029766 -16.888971 -0.732434 -11.060256 64.697683 -10.836633 -17.051401 -5.098223
1 33.277369 4.252723 31.484493 -26.963333 8.517599 -25.768281 -6.458383 -18.342187
5 30.689440 -16.854545 -7.934437 -11.908175 43.584587 -11.240807 -14.177660 -12.158401
3 -2.006675 -25.790107 94.783442 -21.959169 17.037446 -21.445965 -37.306969 -3.312004
5 15.218313 5.230558 -3.713139 -30.347632 71.315627 -28.257562 -19.715690 -9.730475
3 65.866856 -28.242050 86.726067 -51.699172 76.961520 -51.270974 -50.919746 -47.422502
5 -3.760391 -5.695698 5.315874 -10.691850 30.674506 -10.306126 -14.352360 8.816044
5 32.832068 -8.047341 26.945240 -30.568882 62.849442 -29.437945 -33.450840 -21.121739
1 69.153782 9.092956 -3.635746 -53.125683 24.022749 -49.656484 -20.644644 24.793069
1 29.430017 -3.226122 -17.620071 -10.476927 21.024568 -10.218841 2.227756 -11.140379
3 45.139445 -9.308983 111.101507 -53.557144 72.774443 -51.517078 -74.963327 -39.668864
5 -6.523079 -2.990022 7.982109 -7.416246 41.936464 -7.322337 -13.443979 -12.222910
5 1.483761 18.282923 -13.179290 -8.405438 33.768448 -8.380133 -12.575687 -10.994585
5 17.892504 -12.777367 3.718406 -17.830481 47.655616 -17.163467 -21.922555 0.427344
1 166.424156 25.336000 9.552882 -66.095413 -13.768721 -65.232142 -14.967719 -41.249048
3 75.971491 -32.823169 100.032984 -24.862415 -33.593340 -24.577836 -33.770129 -26.377586
1 42.298520 -27.483492 41.230075 -14.613469 13.111096 -14.189737 -27.436970 -12.916024
3 78.402202 -26.918521 84.811292 -33.234362 9.301246 -32.386721 -42.699369 -37.275768
1 250.841819 -74.413340 167.677661 -106.728774 75.783654 -101.375833 -91.369218 -120.415965
2 -2.463770 21.394106 3.636083 -4.252067 -6.162744 -4.243204 -3.902080 -4.006323
3 19.501036 -32.284103 145.552636 -36.270259 22.023206 -36.541037 -37.638136 -44.343344
3 89.592122 -42.318287 134.690677 -86.128258 77.605931 -84.201231 -13.629151 -75.611803
1 76.668413 -8.836727 12.749290 -21.881181 -9.143740 -20.860930 -2.825593 -25.869533
1 35.322051 -0.660467 -22.376788 -15.761667 28.708488 -15.167106 4.079480 -14.143992
1 69.152336 -28.669228 3.750531 -13.444473 2.100034 -13.092710 -11.141456 -8.655034
2 -8.773620 37.994417 1.002943 -6.501490 -4.119864 -6.548458 -6.267815 -6.786112
5 -3.021887 -5.404308 4.104722 -3.475891 20.609510 -3.375056 -4.639673 -4.797416
5 -7.313135 -9.957160 2.519167 -5.601531 25.019958 -5.267764 -1.603877 2.204341
5 8.039999 -2.001457 -12.238526 -10.492824 28.811879 -10.542249 -1.959332 0.382508
1 27.325835 -11.412549 11.227525 -10.354973 25.984189 -10.172600 -17.223580 -15.373848
1 30.110659 -6.771879 -5.054041 -11.548712 27.951882 -11.643330 -9.780530 -13.264049
5 87.244227 -100.990488 123.660016 -92.025915 273.319937 -92.306629 -86.379314 -112.521843
5 -5.610283 1.244917 -6.166891 -8.514674 43.497570 -8.249309 -6.895100 -9.306231
5 13.870991 2.647993 12.665133 -25.080370 71.093613 -24.226219 -20.627149 -30.343995
1 97.105311 -7.685590 46.149480 -28.122446 -5.439188 -26.431644 -41.192881 -34.383040
5 98.010811 -29.155027 52.696773 -62.772105 142.925562 -60.663101 -77.351962 -63.690956
5 -0.744136 -3.894617 -9.164080 -2.711143 24.830479 -2.763696 -2.563707 -2.989099
3 62.917509 -2.051280 146.505368 -46.488567 -31.145172 -45.565361 -32.409965 -51.762534
5 26.622551 -16.686980 -14.663377 -12.722113 47.721756 -12.040635 -15.478936 -2.752267
3 100.460756 -93.841934 197.495363 -82.212645 114.741036 -79.877729 -74.470019 -82.294823
5 16.726083 -10.195572 14.916000 -8.937422 17.861348 -8.445412 -12.700952 -9.224073
1 43.163624 -25.198140 42.732444 -23.243218 42.857003 -21.727400 -31.903042 -26.681269
1 55.991491 -10.919442 26.598084 -36.220881 54.131003 -35.633753 -14.664695 -39.281806
1 75.113357 14.560987 -12.651966 -35.717189 12.432144 -33.434853 5.124710 -25.427191
3 11.779899 2.222827 31.053289 -9.869583 -2.831349 -9.989990 -7.583579 -14.781515
5 -10.099154 -77.449044 51.018388 -79.866405 259.606017 -80.033984 -41.399420 -21.776401
5 -14.690729 -9.547001 12.210552 -22.147546 91.348030 -22.453163 -19.270908 -15.449236
5 78.648776 -28.746487 17.321166 -44.038438 96.090155 -43.688659 -39.669037 -35.917474
1 115.697773 -18.988311 96.068856 -81.380053 56.287133 -80.102521 -45.888506 -41.694372
5 4.225885 0.222405 -10.708610 -13.320852 50.898047 -12.533340 -5.653980 -13.129555
1 46.491855 -2.137026 -1.566509 -17.070712 28.306713 -17.740731 -17.248854 -19.034737
5 -3.440198 -13.676686 -9.324799 -8.643940 59.498851 -8.855678 -4.949296 -10.608255
5 174.199756 -94.201686 107.835509 -124.541738 221.641582 -122.059876 -45.945155 -116.928390
1 48.470477 -7.250656 7.105991 -19.462295 13.241934 -18.780824 -4.801709 -18.522919
1 58.866215 -15.446785 -4.615284 -17.047099 14.514149 -17.649633 1.155640 -19.777204
5 -2.754199 -2.524364 -3.660450 -1.563641 16.590202 -1.413426 -2.962364 -1.711759
1 183.241116 -58.728265 48.199716 -68.838943 75.268976 -68.631696 -69.972955 -40.537952
5 -3.605232 -7.323290 13.943753 -4.038288 15.629585 -3.915756 -6.942562 -3.748210
3 36.878945 17.125897 75.338800 -34.201661 16.386121 -33.023529 -34.828012 -43.676561
3 14.257747 -17.899103 32.578382 -14.951372 29.819522 -15.057550 -11.026996 -17.720630
5 4.203939 -5.876049 -4.713271 -2.155638 11.595711 -2.282134 2.237159 -3.009717
3 14.086077 -42.958494 138.284419 -22.488383 1.888867 -21.448947 -34.181092 -33.182446
5 -2.905008 -8.164061 14.277572 -7.346195 17.805171 -7.528477 3.697995 -9.836998
3 8.464437 11.514795 23.745646 -8.827722 -4.645209 -8.564767 -11.105008 -10.582171
2 2.401055 34.003735 15.040524 -15.573611 -0.654411 -15.434043 -2.894305 -16.888942
3 6.110863 18.641830 51.876178 -13.139793 -10.959404 -12.288731 -22.276058 -17.964884
1 49.893384 -17.613308 -5.954438 -15.333989 32.078946 -14.468990 -12.685185 -15.916420
5 67.197285 -13.310864 26.818609 -57.005500 119.378498 -56.656243 -34.041777 -52.380001
1 32.813121 -21.201287 26.647959 -14.229847 23.258874 -14.408644 -15.958666 -16.921512
1 47.659610 0.273525 -8.666475 -17.024089 -1.505291 -16.246695 0.662159 -5.152747
5 27.781668 -9.707264 3.241283 -15.982808 36.286422 -15.213542 -10.272082 -16.133677
5 0.450720 -5.403258 5.038680 -1.265661 8.809102 -1.153414 -3.635525 -2.840645
3 18.494309 -20.312934 38.045349 -10.084917 16.205015 -9.912466 -18.467905 -13.966452
3 37.015607 -6.797389 117.489631 -41.503242 17.800816 -39.912004 -44.582450 -39.510964
1 59.928689 -19.436247 1.333548 -17.357306 12.813233 -17.589949 -9.762405 -9.929563
3 99.501640 -75.860203 113.264060 -42.084308 28.018802 -42.419426 -67.669070 -12.751497
1 165.267192 -15.138749 -40.979106 -66.116351 61.531832 -62.636664 -22.815916 -19.112237
3 40.539202 -46.439076 84.798213 -21.107694 21.357077 -21.726023 -38.721940 -18.699763
2 -24.906987 44.612952 24.925707 -13.805313 -2.262769 -13.098382 -11.521908 -3.943299
5 -3.626659 -5.873184 9.659690 -3.401037 14.719592 -3.684661 -3.793996 -3.999745
5 -3.927754 -19.650064 19.181318 -23.434996 106.501602 -23.047818 -28.517856 -27.104432
1 53.683200 -4.703943 13.898102 -23.169199 -5.468363 -22.321849 -8.532925 -3.385021
3 18.302281 -5.658407 82.914771 -32.186422 19.453640 -31.619986 -43.919396 -7.286480
3 10.868919 -12.837287 46.180891 -18.011717 35.636836 -17.049103 -21.136472 -23.652069
1 28.497442 -10.468478 20.551999 -17.863347 19.752927 -17.609621 -3.677370 -19.183555
3 56.538750 -34.510136 105.569149 -38.175008 15.699009 -38.593221 -51.015746 -15.512797
3 10.766618 -10.250510 11.336909 -4.187812 9.874013 -4.257497 -6.965464 -6.316258
3 9.436432 -17.615080 55.294314 -15.744034 10.526141 -15.914849 -17.582025 -8.400899
5 -2.406223 -20.423282 10.244036 -11.813843 63.204614 -12.073016 -12.144372 -14.587914
1 370.952226 -112.549151 321.438856 -202.679362 78.649926 -200.045299 -210.339426 -45.427775
1 35.213285 -18.591657 1.443457 -8.875694 21.599529 -8.664133 -10.834364 -11.290423
1 62.315997 -41.785680 14.997877 -25.143845 61.906368 -25.186764 -34.233487 -12.870465
1 38.698823 -20.154764 24.943723 -7.776388 -13.892023 -7.981029 -11.467049 -2.371295
5 19.033136 -5.935523 -23.126435 -5.877532 30.989243 -5.712678 -2.418453 -6.951759
5 1.313056 -4.288357 -3.360254 -5.970685 28.343989 -5.589072 -4.309088 -6.139589
3 48.712707 -38.292399 53.208431 -25.968900 42.419888 -26.047662 -36.660106 -17.371958
8 6.945572 1.228285 7.853570 -10.793422 3.665411 -9.857501 -8.836241 9.794326
3 112.460874 -94.809367 334.439075 -146.921495 253.161797 -143.084115 -156.800191 -158.446574
1 29.440709 -3.948895 10.342694 -10.198053 11.118012 -10.678891 -10.795029 -15.280550
3 3.901018 -0.677042 47.505130 -13.549564 13.872197 -13.436404 -26.460095 -11.155241
5 3.429094 -17.116047 -5.072811 -7.933730 47.326712 -8.281192 -3.346645 -9.005381
5 25.343346 -28.886348 28.872025 -11.948512 29.542290 -12.143912 -22.170908 -8.607983
3 27.291354 -41.412107 86.375681 -20.826016 24.210969 -20.977183 -34.336885 -20.325815
3 23.111673 -20.427090 26.688440 -10.746359 18.117351 -10.698685 -10.909267 -15.136064
3 14.277553 -33.331786 43.173997 -15.163467 42.092000 -15.596230 -23.854670 -11.597397
3 21.221892 -24.718778 48.457954 -10.880078 11.055257 -11.187977 -18.850790 -15.097479
5 84.777146 -41.215004 -17.433680 -38.440683 115.346847 -38.504351 -22.660834 -41.869440
5 20.179071 29.578126 -1.236943 -39.622033 82.996275 -38.394105 -12.645176 -40.855214
1 196.500035 101.132045 161.195666 -135.794903 -37.687876 -130.012273 -57.494593 -97.838095
1 33.429746 -0.776522 19.607232 -13.998154 -7.058218 -13.877932 -3.187909 -14.138245
1 105.380138 -41.686533 19.559282 -39.727974 56.490887 -40.113520 -30.640655 -29.261626
5 32.161003 -2.547188 -27.445316 -17.118766 68.806283 -16.581045 -26.321920 -10.953051
3 38.376743 -26.190219 117.160541 -53.544516 106.654355 -51.670838 -73.686725 -57.099337
1 38.333284 -14.102121 17.659666 -5.238879 -12.945399 -5.227809 -9.996324 -8.482419
5 8.512385 -8.951034 3.887569 -10.264058 29.759350 -9.840264 -3.350281 -9.753667
1 72.947830 9.306803 7.230837 -13.715371 -51.556963 -13.141303 -5.234768 -5.837063
3 66.524246 -5.010370 199.039787 -108.487205 119.665027 -103.036828 -101.882432 -66.812226
5 -0.764126 10.717459 -2.353048 -10.295492 34.170551 -10.033225 -8.072072 -13.370045
5 14.916127 -14.735916 15.864568 -6.832332 15.938808 -6.805798 -11.069855 -7.275600
1 38.817451 -6.848240 37.262779 -41.291374 28.621652 -41.099819 9.698243 -25.160690
2 -13.123075 41.460485 -6.936858 -15.748482 40.201214 -15.388401 -13.989593 -16.475292
3 20.975103 -0.768972 61.105684 -32.115152 38.062817 -30.493100 -41.418769 -15.347612
5 75.675929 -30.229353 4.863871 -49.862707 84.954194 -48.611192 -31.378111 -5.412634
5 4.717888 -7.324662 9.683515 -12.061912 35.782196 -11.472944 -6.202910 -13.121173
5 9.388366 7.944828 20.765137 -14.978203 26.880935 -15.042310 -18.791691 -16.167065
3 -3.133824 -8.149295 11.978176 -3.503919 7.932527 -3.667170 2.784940 -4.241436
5 129.346339 -47.447695 161.178274 -139.519601 261.467151 -138.317517 -85.755178 -140.951781
1 8.133522 7.575243 2.728796 -2.212691 -14.953934 -1.898479 2.245543 -1.618000
3 42.248850 -32.860797 60.104317 -21.851966 11.016708 -21.372111 -17.682863 -19.602140
5 229.536519 65.633606 -27.263032 -228.765821 285.296332 -217.276167 -19.555619 -87.605822
1 92.543022 -22.604336 29.759444 -36.468749 50.214275 -34.593109 -41.068142 -37.782400
3 92.909647 -40.040000 121.771570 -59.571318 59.070424 -57.629533 -68.792858 -47.717931
1 42.482651 -18.664501 12.244538 -12.655602 18.656023 -12.360206 -11.139255 -18.563647
1 176.462220 -17.516513 126.903627 -109.408977 69.417118 -106.162923 -50.329165 -89.365389
5 1.539878 -5.038539 1.323014 -5.721945 17.450883 -5.411743 -7.493650 3.352103
1 243.448492 -20.193642 195.403409 -93.876478 -7.377037 -91.866146 -97.770313 -127.768278
5 2.477907 -13.117072 26.502220 -12.219646 40.270951 -10.754927 -20.432304 -12.727125
2 4.381424 16.445775 7.783263 -4.046098 -11.569853 -3.942234 -3.642799 -5.409478
1 92.542760 -43.028162 41.699362 -31.814373 1.541612 -32.782724 -12.926339 -15.232141
3 40.389611 5.463255 72.203477 -25.739372 18.017146 -25.257601 -44.759317 -40.317198
3 92.921065 -76.294634 102.931135 -41.288769 24.238325 -40.518964 -58.186829 -3.801328
5 7.848144 -8.579560 -11.843680 -8.682598 43.933518 -8.408218 -5.090135 -9.177470
3 227.772838 -22.242132 248.666756 -155.700792 142.740752 -151.041115 -173.630631 -116.565672
5 -11.987088 5.981337 32.353608 -22.517861 62.232711 -22.584599 -27.869750 -15.608358
5 8.879692 -1.667750 -8.500538 -14.252701 24.570900 -13.616687 -3.107828 7.694912
5 30.951660 -14.773867 47.292259 -41.403803 68.546348 -40.385315 -19.821754 -30.405527
2 -8.811061 19.232593 1.081816 -4.252067 5.194192 -4.243204 -4.012099 -4.190168
5 -11.829287 19.829422 3.250374 -18.979557 42.101656 -19.878420 4.494721 -18.988910
3 4.603164 -8.724995 16.692202 -4.991161 8.135000 -5.011995 -4.931896 -5.770320
5 -3.594442 -21.770142 17.717662 -11.729339 51.145245 -12.516751 -6.305107 -12.947129
1 74.239699 6.873992 -3.779037 -28.917109 37.315540 -28.969956 -20.989650 -35.773478
5 -0.865275 3.092261 19.654295 -19.645482 35.167195 -18.441610 -11.383697 -7.577686
5 -5.266002 -2.165908 6.056950 -1.678822 10.000581 -1.619891 -2.637994 -2.688914
3 13.274988 -3.929244 19.367996 -11.715641 -2.646027 -11.615583 0.579787 -3.316272
5 22.998760 -8.757758 50.784427 -26.742966 76.655401 -26.188649 -46.522154 -42.227061
5 10.140765 7.160408 -12.372854 -8.336400 25.779508 -7.815462 -5.730449 -8.825517
1 103.629973 -37.187416 56.221329 -44.571454 35.326976 -42.787573 -31.411857 -39.219976
5 21.158069 -10.441782 -36.009753 -33.537503 123.771654 -32.439964 -8.840388 -23.660334
1 101.208141 -20.833070 8.526184 -19.481794 2.133158 -19.001542 -19.907970 -32.643109
5 123.682907 -10.689508 30.842661 -79.632136 134.823044 -80.574967 -31.231484 -87.220518
5 -0.596470 4.498758 3.805413 -4.171608 8.999001 -3.624524 -4.918520 -3.992051
3 -0.306236 0.000000 4.526047 0.000000 -4.219811 0.000000 0.000000 0.000000
1 27.541671 5.286682 -3.505226 -11.066747 17.771313 -11.151880 -11.878515 -12.997299
5 9.608746 0.285481 -5.715224 -14.822726 29.494181 -13.778937 -2.803832 -2.267690
5 -15.365750 -28.826448 37.535826 -18.698907 81.359872 -19.366765 -16.961451 -19.676379
1 40.163409 -10.071025 27.481716 -8.949724 -18.300473 -8.503299 -10.106652 -11.713950
1 113.103333 -59.685300 21.967073 -60.435427 108.909518 -61.235712 11.468374 -74.091863
3 8.118848 -3.987211 61.499806 -41.073145 52.420115 -41.675401 -16.952791 -18.350221
1 114.755408 -31.589793 79.183302 -64.342600 58.952745 -63.339909 -43.910790 -49.708361
1 97.670600 -5.711770 29.159970 -45.061049 32.548776 -43.554144 -19.815677 -45.236704
1 75.728123 -33.913209 62.108312 -42.278689 34.910197 -40.641312 -19.165106 -36.748318
3 -5.328968 5.201508 48.324824 -15.965578 27.441463 -15.536517 -27.731140 -16.405588
5 93.047891 -35.379339 57.170815 -71.809773 135.781349 -67.881448 -49.274739 -61.654752
1 28.528075 -3.632529 -11.247002 -18.562462 26.046700 -17.959840 -6.326954 3.154010
3 124.196828 -67.023926 151.085608 -92.686050 93.275671 -90.609478 -60.614397 -57.624259
5 6.364908 -1.816411 2.411697 -12.892251 55.118834 -11.885072 -18.155271 -19.146433
3 235.116573 -46.395164 379.030900 -208.396652 175.083911 -204.912169 -170.823720 -158.703680
1 14.912635 0.695212 -1.766373 -4.562761 -0.832050 -4.174782 0.069202 -4.341085
5 32.252909 -34.040481 19.157548 -21.245011 55.981582 -20.337487 -30.771710 -0.997347
1 39.180259 -2.670212 -8.485895 -9.039806 -2.171874 -8.353108 -0.255887 -8.203478
1 68.062481 -6.563188 -5.186339 -24.200722 15.407866 -23.186286 -7.355486 -16.978325
5 2.773946 -18.275982 20.927208 -9.003045 33.580916 -9.464554 -9.482258 -11.056233
1 75.712282 19.907398 30.765300 -36.436589 46.911648 -36.027167 -50.765704 -50.067168
5 -2.246380 -8.558559 -2.850379 -5.107838 32.885753 -5.392184 -1.245292 -7.485120
1 37.786542 11.595195 24.799776 -24.701807 22.023643 -25.544616 -27.522118 -18.436617
5 0.129288 0.674801 -9.184594 -0.494426 10.169684 -0.231342 -0.916218 -0.147194
5 32.245732 -64.952949 72.346968 -44.362858 139.702998 -43.335617 -40.181027 -51.463244
3 9.496434 1.786558 44.292755 -15.867554 6.294507 -15.612542 -13.725867 -16.664288
3 9.351076 -8.873285 17.257201 -6.577603 14.447311 -6.468128 -11.075815 -8.060757
5 23.222175 37.474078 15.372101 -41.851373 61.038880 -41.347981 -28.582175 -25.325701
5 9.768551 -5.489954 -6.264748 -9.749516 37.896878 -9.101216 -7.335688 -9.724306
1 58.815274 -14.312455 12.201936 -20.487434 16.663386 -19.465100 -11.078984 -22.336623
5 10.638165 41.985448 28.177707 -40.175450 75.541059 -34.547873 -43.968343 -37.650706
3 86.241674 -58.317766 233.536142 -52.077844 -5.878030 -51.726972 -88.768852 -63.008353
5 -10.848361 -14.185629 13.433488 -8.124866 42.795088 -8.508281 -6.542717 -8.018720
3 19.399764 0.434647 58.556917 -32.722690 52.479217 -32.636895 -27.716276 -37.794685
3 -11.485537 28.759336 43.984751 -12.796394 -4.805845 -12.761134 -17.227587 -13.667589
3 -8.052786 -17.122690 116.064571 -43.095566 110.937796 -42.878117 -69.686627 -46.166583
1 76.796287 0.279488 13.887226 -43.506823 72.547326 -43.242161 -28.960821 -47.800528
1 81.579531 45.500108 13.540627 -50.279742 1.782705 -47.468002 -11.489234 -33.165993
5 12.041102 -7.612298 30.137383 -20.331797 41.677364 -19.361901 -25.816330 -10.733522
5 -5.959645 -15.714567 17.421679 -12.005418 54.101103 -11.854738 -12.866523 -13.121892
1 39.390546 -1.875838 -12.770060 -13.732374 2.911731 -12.699105 -0.408079 -0.816820
3 8.045546 -15.317130 62.735376 -14.015757 8.719448 -13.773816 -27.035928 -9.357738
5 11.981926 -20.616038 14.117807 -9.740264 39.493452 -9.506885 -13.476017 -12.253980
5 -6.457282 -10.610308 -1.552892 -5.460193 41.063811 -5.543337 -4.396943 -7.042855
3 5.828586 20.487060 115.811758 -52.486102 50.613992 -46.639131 -45.311380 -48.304779
1 71.731658 -11.906634 -28.476514 -20.481433 34.426912 -19.038564 -5.848607 -20.406817
1 93.440384 -40.935080 55.845554 -48.401980 45.705838 -49.303207 -11.073146 -45.278366
3 23.527111 -6.824162 25.147282 -19.999832 20.052719 -19.599671 -2.304799 -19.998646
3 194.426956 -143.097668 324.580587 -118.214749 112.739727 -111.949079 -137.428286 -121.057489
5 2.735790 -12.189621 5.160412 -12.106665 34.349629 -11.445567 -23.147132 16.643155
3 49.015221 -36.633082 138.911080 -50.054302 28.898725 -48.741309 -29.092756 -52.303570
3 95.187813 19.368190 109.122107 -60.831569 23.037761 -58.259292 -64.539508 -63.085498
3 -4.699368 -0.495887 12.824179 0.000000 -6.111820 0.000000 -1.517103 0.000000
1 37.748403 -3.322635 -12.595817 -12.437868 15.628307 -11.766997 -0.339609 -12.913783
5 86.604206 -63.028170 78.118571 -47.360527 96.187530 -47.223588 -61.108856 -42.189167
3 77.106992 -56.532709 104.027794 -46.735533 34.250323 -45.938323 -39.998402 -26.180140
3 168.252838 -53.268766 172.054546 -99.215004 91.208129 -98.729787 -98.405337 -81.896619
5 28.662539 8.132295 -1.414946 -39.097938 55.611370 -37.231045 -4.177769 -10.484501
5 -8.537949 -6.499153 1.404834 -6.921883 37.474833 -7.290814 -1.801194 -7.828673
5 -2.126283 -1.477696 -1.544248 -4.568905 19.045815 -4.574297 -0.670562 -4.083823
3 122.174491 -77.219921 185.131638 -82.015106 68.969792 -81.462163 -51.146448 -84.432284
5 -14.415103 -8.323601 12.979993 -4.192262 22.251245 -4.407403 -0.293328 -3.599541
5 30.466274 -7.565751 62.292426 -70.497453 137.964443 -64.321688 -23.795199 -64.543045
3 7.922655 -6.180781 27.730995 -14.454669 25.959165 -14.305465 -9.592114 -17.079784
5 5.938106 -12.353395 -4.852760 -6.022496 35.100599 -6.065781 -3.910449 -7.833824
3 9.851486 -0.124807 36.000966 -17.079711 25.007903 -16.804461 -26.946588 -9.904787
3 -3.886615 1.207547 6.466619 -1.698192 5.356825 -1.397516 -3.694654 -2.354014
5 3.384751 -2.051030 -5.036735 -1.316428 10.543939 -1.297755 -2.504255 -1.722487
5 32.323593 -7.358187 -8.176875 -16.364366 41.324389 -15.292289 -10.115987 -16.340276
5 35.644317 -11.852594 -13.127387 -20.463212 60.541793 -19.271677 -10.873897 -20.597343
1 83.934135 -21.137836 18.794142 -50.689951 75.217989 -48.906757 -24.054470 -33.157250
5 10.138760 -5.541361 0.735906 -4.010398 11.717590 -3.677728 -4.679765 -4.683002
3 -13.420023 -4.188842 39.808379 -5.472716 6.111713 -5.130267 -11.053565 -6.654679
1 64.533052 -15.741362 26.270727 -20.851808 7.045957 -20.354959 -26.102444 -14.799164
1 130.842726 -45.743961 74.713128 -53.937265 7.031840 -54.244904 -26.563061 -32.098505
1 162.743812 -82.886426 104.695241 -74.210974 71.179407 -72.025310 -84.298737 -25.197012
1 16.863508 -11.122157 5.573754 -9.026322 16.360767 -9.268445 2.406305 -11.787411
3 217.714421 -49.878031 424.185785 -155.813459 6.203058 -150.673621 -131.497383 -160.240760
3 60.931586 -69.690236 89.745824 -47.057778 89.537943 -47.496998 -62.664622 -13.305718
5 -11.999422 6.964710 2.382703 -11.266312 47.519998 -11.356367 -9.624709 -12.620602
5 1.760067 -5.032224 2.563254 -2.460741 13.826329 -2.361087 -5.217519 -3.078077
3 -1.374150 -6.621824 19.008455 -3.643745 5.606146 -3.700665 -5.727849 -3.546368
5 9.285182 -2.798104 -7.639354 -5.196638 20.152112 -4.905084 -3.232080 -5.666034
5 5.693434 -10.335941 -4.844908 -5.800256 29.068523 -6.196251 -1.587103 -5.997499
5 130.788505 -102.220783 91.844919 -103.847515 227.772611 -98.723014 -68.819222 -76.795501
3 -10.105795 12.614463 13.803233 -9.543765 7.095721 -9.879460 7.984471 -11.968868
1 116.493528 -43.234990 91.579317 -62.553412 42.656028 -63.237747 -44.623808 -37.078918
5 6.100676 -9.180390 -4.594317 -7.178459 31.659624 -7.210475 -1.125162 -8.471498
5 -74.263652 4.108558 91.919756 -90.197670 339.153109 -85.437552 -95.582055 -89.700493
5 -7.874269 0.038771 -0.629402 -5.739117 28.924257 -5.423488 -2.655924 -6.640828
3 118.089816 -52.570597 200.966688 -105.468417 163.904072 -102.036659 -128.094475 -94.790423
1 25.030162 -9.858177 22.422485 -10.663600 1.173662 -10.173730 -5.206973 -12.723828
3 153.148768 -148.245891 510.391135 -152.484285 152.400511 -145.740967 -176.881114 -192.588160
5 26.535921 -34.481199 42.616944 -31.275768 75.152735 -30.776751 -19.295210 -28.476674
3 116.471653 -2.294020 199.951479 -74.042037 38.727571 -72.029509 -122.758903 -84.026229
1 19.806100 -4.299809 -5.407406 -2.922032 -1.214902 -2.833311 0.380334 -3.508975
1 43.370548 -19.847197 13.891585 -16.649485 29.704966 -16.419643 -16.286786 -17.763988
5 17.018374 7.774547 37.282291 -29.020333 50.254080 -28.703656 -29.775744 -24.829562
1 180.861190 -67.348178 175.304211 -105.005516 122.066416 -103.668803 -86.572381 -115.636943
3 158.171874 -135.855277 270.474232 -84.837803 64.718037 -84.887771 -119.363474 -68.419826
5 30.746460 -33.408645 41.909118 -36.287115 110.737630 -35.345104 -37.217233 -41.135116
5 18.866735 -6.662029 -9.301261 -8.522451 29.283926 -7.852145 -6.196084 -9.616691
3 79.802522 -39.060149 120.914682 -64.502631 104.851177 -62.486055 -64.507721 -75.011828
1 50.031340 -9.567942 2.501922 -13.500344 -9.731146 -12.855230 -0.709769 -6.168830
1 136.069491 1.893494 110.072525 -92.700682 70.107062 -90.027634 -60.912366 -74.501893
5 14.150738 -29.917968 40.381661 -14.959329 45.867625 -14.472532 -21.808266 -19.241927
5 -13.900973 -7.846079 5.646705 -12.562386 30.555100 -12.066908 -16.320396 26.494936
3 102.086038 -159.131226 310.585730 -130.401909 267.198257 -124.864324 -160.459409 -105.013159
1 62.636297 -25.742074 2.156392 -15.099933 16.754260 -14.314115 -9.079284 -17.311540
5 11.417350 -16.116880 18.986057 -8.293087 25.498032 -7.947239 -13.722734 -9.821498
3 20.241994 -25.326285 57.843019 -13.211455 -5.006110 -14.247089 -4.629845 -15.664228
3 36.148504 -76.058775 179.643354 -59.424707 100.445954 -59.019801 -40.489801 -81.244730
3 193.681768 -86.523664 248.404234 -138.141128 207.157173 -134.807371 -135.279745 -154.491270
1 98.381580 -39.814545 92.494402 -54.343391 33.042130 -55.069995 -24.438603 -50.251583
5 7.039129 -7.920066 -0.889335 -6.983556 19.399259 -6.803923 4.840974 -8.682481
5 63.720101 -23.043346 -12.949281 -24.393882 64.504410 -23.249367 -15.646711 -28.941922
5 17.555691 -51.271561 124.378196 -48.988862 144.215545 -49.111690 -68.629790 -68.147535
5 14.527986 -6.531396 -3.263085 -5.211309 19.585404 -4.843902 -7.458200 -6.805497
5 55.261565 5.198220 -1.289097 -43.640799 61.931641 -42.560399 -10.785768 -24.115364
5 27.365875 -2.502659 -29.844426 -23.531834 82.967953 -23.532049 -12.350879 -18.571980
1 7.977797 -0.805882 2.445762 -0.000000 -9.556395 0.000000 0.000000 -0.061282
1 68.213751 -14.447663 35.955356 -34.862903 59.031320 -34.688339 -40.192734 -39.008785
3 324.250986 -75.940346 399.132522 -190.242698 76.712057 -184.115362 -206.107655 -143.689504
5 26.464806 3.057344 -12.109569 -14.778923 28.258048 -13.776596 -3.131848 -13.983262
1 20.722192 -12.579026 1.871096 -6.929204 18.347557 -6.617938 -6.699983 -8.114693
5 33.888679 -12.058743 13.408010 -20.770787 54.067899 -20.144045 -24.724227 -23.666787
2 3.890409 21.713537 9.684087 -5.025200 -13.583104 -4.703935 -6.246477 -5.729317
5 32.227511 -18.630585 -0.494546 -9.417626 35.367305 -9.118766 -14.064379 -15.868915
5 -1.259927 -2.068890 -1.788120 -1.316428 11.915700 -1.297755 -2.504255 -1.680325
1 45.217089 -20.253874 -13.985805 -11.115671 6.703209 -10.801337 -5.898911 10.135299
5 43.770088 -16.539710 26.676795 -24.938361 54.778137 -24.502124 -28.645362 -30.599464
5 3.990810 -21.667445 65.148117 -32.078439 85.856911 -31.853068 -28.173891 -41.222996
1 40.034729 -4.475676 28.456374 -18.613099 12.199820 -18.750241 -19.052324 -19.799584
5 2.955649 -11.351894 -12.197613 -17.064611 53.838007 -16.580897 7.889423 -7.488064
5 10.655003 -23.096749 4.362613 -18.010865 73.854743 -18.068602 -18.865470 -10.830675
5 -7.682419 -8.929391 14.330064 -5.877978 34.221148 -5.799219 -12.161286 -8.100921
1 33.455639 -10.851938 -3.413806 -9.284158 11.794451 -9.024743 -12.207296 -0.468147
5 -19.547795 -19.428402 33.685605 -8.358594 35.103149 -8.690210 -2.403990 -10.359761
1 74.605237 -9.631125 29.383574 -33.680146 9.098183 -31.921986 2.929398 -40.783140
1 289.439459 -89.055360 44.130647 -128.889661 203.414642 -124.945270 -79.259272 -114.835185
3 -16.746846 -1.023708 131.324311 -50.629873 43.136742 -50.860163 -8.435750 -46.764712
5 114.170597 -58.602774 105.246616 -112.456528 222.672614 -108.603445 -90.417681 -72.009394
1 136.813818 -79.079651 85.671412 -62.811015 52.852746 -62.620472 -42.439614 -28.387225
5 15.988214 -9.453027 -8.480049 -5.211309 25.292707 -4.843902 -7.348181 -5.944452
5 66.112556 -54.229195 154.316548 -99.854536 241.856585 -98.241845 -104.463854 -105.496259
1 25.293462 1.564817 -16.340273 -5.442318 3.281917 -5.564054 4.281426 -7.074976
5 32.352740 15.291904 -5.906318 -27.135091 58.720609 -25.942390 -20.058628 -27.322829
3 271.257300 -95.149556 328.617318 -175.577534 140.408462 -172.063978 -160.322593 -137.169420
5 6.572652 -7.945685 3.134760 -16.714366 67.785392 -16.094689 -16.170458 -20.567606
5 90.670215 -2.417963 11.214541 -50.673867 110.104593 -50.274261 -60.771629 -47.851629
3 124.729552 -64.283919 181.163463 -81.342093 126.029753 -77.968110 -97.066542 -111.262109
3 85.932801 -79.886137 251.119574 -72.519942 104.213162 -70.349888 -118.866323 -99.643248
5 46.076274 -27.869641 18.105468 -35.280068 92.728507 -33.966129 -22.753691 -37.040714
3 0.647244 -3.007932 50.544440 -11.744438 4.671999 -11.759733 -9.202925 -20.148655
3 58.822468 -42.052220 64.452794 -21.749441 25.134584 -21.739823 -34.430473 -28.437890
5 13.273217 -25.648646 65.231455 -39.801565 67.948774 -37.827213 -18.693148 -24.482871
3 21.845881 -33.002174 117.488981 -40.019267 71.960457 -39.636697 -47.471958 -51.165223
5 196.079284 -56.944732 52.513439 -126.867036 262.548221 -121.780890 -107.431825 -98.116457
3 -3.361313 -0.563258 21.792394 -6.153166 3.241878 -5.763723 -10.775153 1.582342
1 194.717073 0.896351 120.696539 -108.329630 110.670058 -105.539124 -90.125608 -122.985653
3 1.709456 -0.850830 45.867288 -15.976905 20.693536 -15.632739 -22.558253 -13.251553
1 53.021774 -31.431692 -0.577334 -16.190724 26.299992 -16.047947 -14.002323 -1.071747
1 66.137411 21.616083 7.789004 -33.659686 36.065897 -32.620419 -25.313538 -40.014749
1 87.340102 -31.914151 57.399635 -49.201036 72.162096 -47.820110 -56.283404 -31.683131
5 55.483846 -22.569027 105.271345 -66.214070 110.351230 -64.905473 -59.958517 -57.459332
3 33.509613 -19.262062 43.870630 -14.667147 23.999507 -14.868042 -28.443838 -24.138662
1 128.207591 -68.743444 67.200589 -44.627852 56.540732 -42.619990 -41.235916 -54.721710
3 108.617701 -97.932531 143.693427 -61.729078 96.027610 -60.608437 -68.389644 -59.679050
1 29.005553 20.608363 -6.270172 -12.068840 -15.593031 -11.499626 7.715505 -11.897754
3 5.612623 10.180705 25.561243 -11.753983 10.479329 -11.607603 -12.771985 -15.700329
5 35.424245 -36.696477 4.705511 -15.195189 65.559609 -15.359179 -14.131685 -24.306836
1 36.941934 -4.256934 -17.092631 -13.551858 26.419179 -12.527525 -1.995236 -13.936929
5 62.392692 -3.165918 46.107074 -49.490062 76.351031 -48.590145 -46.078016 -37.526654
3 6.138126 -8.883013 15.852086 -12.952844 6.686174 -12.579614 12.217854 -6.478768
5 20.278240 1.785602 -10.948043 -12.048256 41.043488 -12.024315 -14.313247 -13.773470
1 52.905919 -21.863752 9.381663 -20.168380 34.977892 -19.946104 -13.431492 -21.855748
1 118.250937 -50.542555 108.402570 -64.812030 37.996851 -62.655170 -27.448146 -59.192456
3 6.788762 -40.324878 183.718216 -43.430978 61.169346 -40.807322 -71.756957 -55.356187
5 -34.127947 -23.277200 58.048619 -20.113200 75.206841 -20.119442 -8.685669 -26.932000
5 -9.822167 8.269662 0.150213 -13.585353 49.176514 -12.732250 -7.808346 -13.648274
5 14.957444 -5.181692 -11.883570 -6.888503 26.504739 -6.769897 -4.272114 -6.466407
5 43.286395 -24.126203 11.988292 -25.067368 57.666195 -24.907046 -21.293024 -17.547241
1 84.341360 -33.663868 51.673356 -27.273098 14.206538 -26.228029 -27.541519 -35.514740
5 -6.457282 -10.610308 -1.552892 -5.460193 41.063811 -5.543337 -4.396943 -7.042855
5 27.261183 -20.243990 34.069564 -17.326159 36.188501 -16.686431 -23.388186 -19.874482
2 -2.755119 22.683932 2.805521 -6.730522 -1.314332 -6.365909 -2.170297 -6.153273
1 12.988215 -1.118554 5.560361 -7.651121 5.612257 -7.520936 -0.679951 -7.190272
3 9.841569 -1.536666 21.910327 -11.391313 14.852063 -10.366501 -9.096026 -14.213452
3 14.619925 -6.737182 68.546598 -19.321364 12.890837 -18.795126 -27.321130 -23.882560
5 1.498280 -6.905546 11.154015 -8.622716 34.542650 -8.323533 -13.315545 -10.027603
5 155.708853 -111.481477 132.525957 -80.910613 179.647179 -79.213302 -106.217110 -90.059490
3 16.020772 -9.614007 22.580907 -4.863914 1.915024 -4.676739 -13.236395 -8.125647
1 11.535853 9.462167 -3.029568 -5.671436 2.600485 -5.698326 -0.685130 -8.514046
5 24.721575 -8.575103 42.852612 -28.598677 45.027046 -28.175230 -20.688632 -26.563594
3 39.006322 -80.248767 181.226644 -48.101937 84.403002 -47.515766 -57.419405 -71.350096
1 157.348759 -84.010819 84.860961 -61.514309 61.642711 -60.045422 -77.144873 -21.137008
3 179.974814 -71.158922 181.849055 -114.759734 173.755177 -110.220474 -112.153457 -127.286457
1 92.162471 -57.385233 68.680460 -48.946483 51.607838 -49.479804 -10.600295 -46.038963
3 49.685220 19.025914 51.490473 -41.986733 21.002631 -41.133787 -33.719610 -24.364111
5 -32.467114 17.059843 11.143422 -7.736730 22.152540 -7.430307 -3.313251 0.591599
5 69.687460 -80.516370 97.819842 -42.778812 112.497912 -42.437900 -57.254572 -57.017559
5 140.130425 -87.969774 132.960763 -74.043592 158.506796 -73.101417 -103.343158 -93.140048
5 71.034872 -49.422795 -32.996826 -68.836041 220.432025 -65.540859 -42.856725 -31.813650
5 24.443763 -22.336833 25.382486 -12.432440 39.425073 -12.413143 -24.149609 -17.919298
3 -2.546707 -0.758663 38.729873 -14.403852 34.151253 -14.491527 -23.531360 -17.149018
1 381.802113 -137.806154 256.735735 -156.137818 135.532133 -152.854648 -160.269772 -167.001595
5 26.545378 19.435176 -20.785478 -53.918868 62.008909 -51.349841 31.224204 -13.159467
3 184.875539 -86.315330 192.829772 -122.609184 123.540228 -119.701091 -97.730989 -74.888948
1 77.153252 32.663546 64.188285 -56.554279 9.922310 -53.945076 -31.672301 -41.755738
1 39.550041 14.797870 -1.144867 -11.559053 -13.369935 -11.354693 -3.487239 -13.432124
5 -6.550977 -1.841575 -0.197293 -2.427976 20.209677 -2.415246 -3.808021 -2.968590
1 127.129051 -25.897900 93.535913 -62.617465 27.455953 -59.538206 -56.968955 -43.098389
3 -4.336797 12.261440 49.891224 -15.819976 -17.575766 -15.575848 -2.750230 -6.094044
5 101.454734 -46.698955 39.695451 -51.163497 106.548905 -51.044769 -46.194581 -52.597295
1 412.163532 -168.099883 350.179936 -214.766673 195.780134 -208.278099 -196.748968 -170.229983
5 11.820866 -4.739857 8.525924 -6.194740 12.220708 -5.908287 -9.507524 -6.217089
5 0.557546 -8.835728 1.112256 -5.800256 26.747034 -6.196251 -1.587103 -5.997499
1 57.941738 3.013332 -11.355499 -23.952667 15.997202 -23.420778 -12.423887 -5.799436
3 215.573259 -23.635842 403.546170 -248.088593 227.522123 -239.860025 -245.162429 -89.894656
3 -26.540584 -32.255782 68.553537 -14.887662 48.801790 -15.342905 -13.812611 -14.515783
2 50.755661 69.890280 35.769243 -38.010634 -38.166780 -37.083433 -26.938417 -16.215919
5 55.402965 -27.188962 -5.985448 -28.099155 98.047891 -26.435736 -30.790307 -34.951247
1 8.429316 -5.582416 4.064081 -2.922151 5.920805 -3.104083 -3.329940 -3.475614
3 114.773448 -72.194625 251.790103 -85.993071 16.892008 -84.865870 -88.410382 -51.991610
5 57.435738 -76.399509 184.269239 -120.855876 205.865912 -117.877225 -64.449389 -67.988893
5 -2.376287 10.574963 75.904862 -65.220582 140.558026 -62.571223 -86.473966 -10.395793
1 37.243798 -3.385969 -7.050229 -14.778923 19.150332 -13.776596 -3.357870 -14.044544
5 61.536947 -40.321313 34.073389 -39.879519 111.269851 -39.458076 -37.091338 -50.129942
5 246.749808 -100.312536 189.407377 -166.444024 298.036132 -162.038316 -135.304404 -170.094044
3 36.767413 7.644724 56.468960 -28.808202 11.178909 -28.862153 -43.574473 -10.815178
5 5.629815 -2.359909 -0.489356 -6.058827 18.685429 -5.969129 -3.355340 -6.082684
3 50.944354 -43.576205 112.079832 -39.526103 53.510433 -38.944282 -54.550629 -39.937401
3 17.886023 -10.105733 40.224086 -16.699897 15.640303 -16.362849 -20.472903 -10.109031
3 67.870139 -22.210648 99.971109 -45.101689 41.070870 -44.617622 -44.608565 -52.373591
3 235.503253 -138.623368 267.039397 -146.518104 186.529041 -143.249286 -124.525257 -136.155675
1 150.691857 -34.718874 93.678960 -64.046388 57.973909 -62.879145 -59.433264 -81.267057
5 7.434335 -2.059494 3.059101 -4.329589 7.606474 -4.045986 -2.025318 -5.639524
5 76.849615 -12.021426 24.524938 -62.691570 144.620787 -61.585661 -54.650033 -55.046654
5 6.456177 -17.435632 14.294684 -6.864965 27.454137 -6.158301 -9.462655 -8.283444
5 6.206122 -10.312452 20.011345 -13.582659 47.101915 -13.039622 -21.191125 -15.193523
3 88.302811 -34.275851 175.522947 -79.169077 102.575760 -78.464784 -106.280176 -68.211633
3 4.461037 -2.941859 10.650333 -6.729464 6.606959 -6.421484 -6.617041 0.991518
5 8.829324 -8.233275 0.363037 -7.765734 21.016715 -7.979059 1.226568 -7.457576
1 59.680414 34.163853 17.248754 -32.620425 -26.358778 -31.037696 -7.080649 -13.995473
3 -5.514866 2.835365 21.347490 -8.088828 14.313396 -8.597398 -5.019785 -11.275373
5 60.858508 -47.519535 56.045147 -68.550402 204.658121 -65.719869 -63.914085 -75.857885
1 119.222791 -37.939910 115.759439 -73.732419 110.605339 -73.753052 -98.425403 -61.736784
3 50.054987 -36.198965 64.828936 -32.625397 42.737444 -31.685010 -24.115365 -32.996629
3 -6.093910 -17.639942 46.020207 -14.432555 40.074936 -13.766045 -15.471240 -18.691453
1 43.224561 -16.043700 -4.162417 -17.518070 19.995948 -17.517606 9.530407 -17.509123
5 16.232727 -8.277479 5.504513 -6.332156 17.677881 -6.450706 -11.338170 -7.016609
1 29.393956 -4.532101 -4.750590 -4.926735 1.332776 -4.777758 -4.006784 -7.732764
1 23.718082 -0.786199 10.076714 -9.053206 3.615993 -9.015107 -8.263674 -10.292605
5 -10.735082 -6.950549 -9.303092 -5.148567 45.508713 -5.365542 -3.131935 -4.873945
3 43.958469 -108.540665 179.105817 -74.779111 127.407227 -73.152992 -50.630015 -43.368730
1 38.893892 8.479497 3.300511 -23.100883 25.464024 -21.677028 -7.467424 -23.892591
3 46.998358 -52.477889 182.877441 -58.986205 66.855065 -56.920330 -69.886223 -58.460216
1 16.487134 4.361140 14.374118 -10.353502 -11.756739 -10.067218 13.160944 -16.205878
5 -4.296107 -6.340885 -1.847920 -9.182242 42.650575 -8.970794 -12.095955 0.083327
1 25.320704 -3.895386 -8.087841 -5.209346 -0.730153 -5.284891 -5.962081 3.848996
5 18.834013 5.379717 -4.449485 -14.913986 20.947640 -13.818869 1.849990 -13.829021
3 1.270195 13.420403 15.971170 -7.004486 1.025230 -6.856781 -9.547566 -8.278164
5 39.742593 -89.752892 67.131340 -111.229889 384.455479 -110.429296 -114.437484 -65.479855
1 40.069851 -3.593004 -8.436148 -24.773782 38.362705 -23.005240 -4.145839 -14.478542
3 103.617463 -43.501125 136.334904 -55.614904 29.773787 -55.940392 -56.617532 -58.052204
1 69.524530 -17.970268 3.447656 -15.821879 4.955636 -15.736246 -18.747214 -9.652214
3 -16.238382 -5.549735 29.247681 -3.269249 -5.461175 -3.286807 8.884405 -4.326738
3 26.864258 -9.583296 60.290039 -16.227875 -3.829815 -15.780590 -18.513999 -23.218723
2 -0.693294 3.882354 2.656576 -1.810854 2.936651 -1.529096 -3.530492 -1.911844
3 -3.984836 11.167185 33.364625 -12.235984 2.239616 -12.210092 -4.451887 -13.888626
1 80.926499 -37.868766 25.717905 -46.444375 76.715281 -44.082048 -30.948880 -24.015613
1 47.738824 -24.515246 21.148662 -21.589902 39.205599 -20.388280 -23.433989 -18.165668
1 22.852432 -5.107513 -7.728812 -9.612984 17.830639 -9.188495 -0.362787 -8.682480
3 -9.574189 -9.451661 23.425593 -6.782639 4.550782 -6.616092 -10.408334 14.856543
5 19.511801 -17.900624 18.805189 -18.501968 26.016241 -18.242277 -10.694269 1.005907
3 5.849206 -12.813184 23.390888 -5.569594 13.518460 -5.627293 -12.103897 -6.644585
5 24.663667 25.268121 72.998990 -64.279309 91.067918 -63.428553 -46.419792 -39.871039
3 118.254246 -92.801437 183.357387 -64.235845 76.271318 -64.114414 -80.901352 -75.829905
3 14.285126 14.095800 14.926587 -9.819506 -1.081849 -9.620672 -9.448518 -13.336967
1 26.951879 9.727214 25.618882 -11.930337 -10.907853 -12.032641 -10.776736 -16.650407
1 131.049550 33.599532 -8.343732 -72.061750 97.889973 -68.951326 -48.743348 -64.438896
5 22.975967 -20.200989 49.787742 -58.874895 136.682749 -58.169134 -24.847300 -47.354141
1 104.942520 -51.420697 46.602006 -36.801890 62.241161 -35.957043 -50.386560 -39.219494
5 13.553994 62.854367 5.889400 -37.085166 79.548375 -36.283389 -44.736050 -43.741529
5 0.932783 -4.019754 -6.419663 -7.624614 40.065019 -7.320330 -7.040101 -8.573342
5 3.325079 -8.669236 14.879621 -15.089814 38.709248 -14.511517 -3.811021 -14.832359
5 -20.643043 24.535509 11.923370 -17.271342 52.036114 -17.530194 -14.207790 -18.842623
1 270.560079 19.319160 38.220792 -178.620450 73.801820 -175.873230 16.988279 -64.396445
5 19.897977 -8.471164 -4.691704 -7.545464 31.190172 -7.906460 -10.624508 -11.848847
5 26.548954 -18.374361 46.977659 -34.309565 58.018738 -33.836537 -9.884358 -35.140525
5 5.713325 -0.087688 -3.159184 -18.761018 21.683102 -18.411625 3.046006 9.977084
1 36.876489 -0.625325 24.793410 -22.954343 9.252902 -22.845411 -7.085946 -17.411774
3 22.022092 0.166711 29.515360 -15.703577 -8.516283 -14.881532 -6.913596 -5.689176
1 78.996720 -8.282525 55.700285 -34.078560 21.956191 -34.654408 -33.072723 -46.564981
5 74.600042 -30.152300 51.405943 -58.519790 133.357917 -59.386405 -35.267215 -76.038191
3 -14.805403 7.572338 55.850610 -28.905671 39.153031 -28.860041 -8.088727 -21.916135
3 132.454899 -60.281454 170.845685 -88.904637 68.567039 -88.256061 -37.180599 -97.244870
5 -7.812831 -11.585006 9.638203 -6.134811 24.241950 -6.643668 4.985886 -6.689724
5 43.746790 -27.843745 -9.696093 -33.094877 78.454946 -31.538649 -16.574343 -3.454028
1 220.697218 -60.909770 86.420675 -70.929837 12.930627 -70.310464 -73.889670 -44.008780
1 13.657862 -8.624690 12.204633 -1.740965 -7.172132 -1.699495 -2.218250 -4.406963
5 -18.288679 3.535069 12.412084 -8.265720 17.413341 -7.899322 9.450298 -8.357069
1 31.262830 -16.548577 20.000508 -25.087791 24.899072 -23.719586 -5.877417 -4.929039
1 35.530730 -14.860790 -5.869279 -12.357908 34.301321 -11.958489 -10.009897 -14.775690
5 -1.618422 -2.753845 -5.695502 -7.605616 36.205978 -7.425928 -2.714520 -8.392144
1 26.493451 -14.482099 16.289718 -7.211114 3.912428 -7.380071 -6.924549 -10.697766
3 -9.803957 5.931128 11.647406 -1.037726 -0.593766 -0.874044 -4.037325 -1.231716
5 -4.807935 -4.751087 18.817161 -6.757565 19.961375 -6.461232 -7.350442 -8.650276
5 9.248643 -6.713335 5.187760 -16.634986 37.699063 -16.032769 -17.067730 4.313355
1 78.762671 -26.362581 2.371996 -24.698222 33.912824 -24.399709 -23.129927 -16.457054
3 77.896640 -22.900002 104.453081 -53.703593 48.675061 -51.803143 -69.256652 -33.361392
1 43.203524 -32.629191 33.090847 -19.432786 21.872212 -19.995835 -13.612871 -12.495902
1 108.977341 -30.407338 108.874913 -83.981347 41.028386 -80.548120 -75.064028 11.120191
3 -0.124381 -2.032062 5.331248 -1.459403 2.019495 -1.470105 -1.010109 -1.254682
3 31.085396 1.354703 38.053436 -28.362505 35.817985 -28.256255 -16.705247 -32.987514
3 12.891628 13.236571 63.978766 -36.311703 -5.000315 -36.503012 9.644275 -21.936206
5 21.835198 -15.035443 -3.318820 -8.133461 32.698696 -7.947985 -10.678121 -9.420066
1 18.510467 -11.705998 -2.869787 -4.732871 8.051585 -4.620725 -6.110118 3.477448
2 2.388974 15.476629 11.776309 -10.183836 7.406160 -9.709251 -16.224167 -0.930814
5 38.467364 -21.615388 26.891828 -18.569624 42.296867 -19.246291 -20.648720 -27.576037
5 20.088742 -24.744060 25.208409 -11.213076 37.134620 -11.421347 -19.305722 -15.747567
2 5.363566 6.730330 -1.444097 0.000000 -10.326317 0.000000 -0.220038 -0.103444
5 -7.238717 -16.174767 23.384263 -8.319153 25.935865 -8.874227 0.268145 -8.981410
5 48.041571 -23.219401 41.370866 -41.192107 61.460413 -40.482499 -36.837434 -9.141408
5 22.681329 -17.235298 40.554078 -29.701110 72.921432 -29.455985 -32.643600 -27.120844
5 4.168290 -3.422102 -9.534247 -7.953580 35.644643 -6.385902 -5.640985 -6.876116
3 84.223252 29.130404 142.808018 -77.245887 40.495985 -73.779732 -71.979229 -73.652803
5 6.439302 -8.304192 -2.281750 -5.350127 28.598257 -5.519328 -7.137961 -6.444203
5 19.523228 -9.453027 -10.262763 -5.211309 24.340171 -4.843902 -7.348181 -6.744215
1 416.424675 -41.762261 -27.920559 -161.248892 182.520711 -153.541192 -97.889165 -116.583310
3 45.918388 -18.593170 58.829556 -19.329715 -5.961612 -18.914534 -12.196655 -29.752258
3 9.907208 0.756248 25.756070 -2.232187 -17.338029 -2.145879 -6.571498 -8.131935
3 9.384757 18.325602 23.057919 -15.502883 8.044226 -15.756655 -9.377156 -18.175810
3 217.916651 -148.837607 305.730363 -170.139291 228.087504 -168.412461 -178.180479 -86.164681
3 -0.717868 -0.333216 5.315632 -0.646182 -6.119829 -0.625211 4.326399 -1.199725
5 9.120036 -11.909188 15.861704 -6.259154 16.770962 -5.970411 -10.962955 -6.650992
5 7.848144 -7.389353 -11.034098 -8.682598 41.933730 -8.408218 -5.090135 -9.177470
1 43.026411 12.142473 -7.208238 -18.209335 -7.158776 -16.715489 10.423773 -16.300817
5 5.129570 -21.130457 28.294832 -17.487961 58.596692 -17.140773 -27.324444 -8.937461
3 22.858771 -8.431517 26.271215 -3.962108 -18.329606 -3.839022 -4.115564 -10.452171
5 -0.277739 -11.052896 -6.120652 -5.212980 39.000025 -5.427667 -3.938834 -6.969257
3 55.367565 28.950573 78.313041 -45.007404 10.079088 -42.375648 -41.142547 -44.184668
3 -11.559728 -58.028552 95.866078 -41.623483 73.893342 -40.065186 -54.131784 35.649317
3 60.066224 -35.470662 86.181292 -48.144561 80.883574 -48.896352 -33.718272 -60.901246
3 49.749150 30.547196 112.098398 -65.407879 79.155339 -65.463095 -66.215403 -74.463705
5 11.760263 -5.819366 -3.637841 -4.010398 13.948076 -3.677728 -4.679765 -3.883240
1 60.740216 -32.358174 24.220894 -23.695282 52.129632 -22.824952 -23.219825 -34.992509
1 34.934328 -5.828959 17.607906 -16.801699 14.806726 -16.965933 -4.989702 -22.762669
5 59.472128 -79.129762 85.509867 -54.802142 136.828496 -55.041396 -42.933356 -49.903832
1 35.065918 -7.884184 -9.394004 -11.700120 20.336444 -10.989387 -3.934413 -11.500253
5 15.933927 -9.879365 -11.415752 -10.664142 40.996972 -9.935809 -13.698752 -1.337080
5 4.588998 -12.250702 10.050831 -8.622716 36.906164 -8.323533 -13.205526 -9.143516
5 7.334892 -13.812771 12.949774 -6.602100 24.507445 -6.580031 -9.508217 -8.288991
1 30.404408 -9.769935 8.442258 -12.946982 15.711043 -12.472996 -5.083543 -14.284254
3 278.566048 -127.940747 426.961803 -198.278962 203.004401 -193.860730 -204.886664 -183.565154
1 79.301933 -54.606402 14.565054 -49.773505 66.940910 -49.978437 9.367020 -15.816577
3 8.334629 -10.504026 24.188014 -14.430604 17.346008 -14.223477 -7.338687 -3.371855
3 1.430312 -7.711682 14.190195 -3.256706 -0.175830 -3.551499 3.243049 -4.167838
5 33.177615 22.954229 -11.888965 -31.937404 65.962985 -30.889394 -12.605863 -34.773207
5 6.565484 2.214803 6.031030 -20.055824 63.911005 -19.657995 -18.530414 -20.478090
2 0.082145 21.646332 1.736839 -8.993084 15.480966 -8.523704 -11.134371 -10.295120
3 -1.495114 15.855949 74.132481 -19.822685 5.991372 -19.590607 -29.985056 -25.086338
1 11.881065 -0.558018 3.284959 -3.177669 -7.913603 -3.137242 2.261671 -2.641163
1 92.681505 15.613077 4.849673 -42.708259 -0.348623 -41.864403 15.609085 -43.832059
5 23.255347 -16.040063 4.791193 -10.141290 31.130446 -10.303587 -11.503113 -11.188934
1 46.392664 0.369388 -5.994323 -19.927393 24.409018 -18.702987 -4.475559 -22.070805
1 40.669804 -20.309328 17.987684 -17.965549 29.954809 -17.739495 -13.888661 -18.709265
3 49.409468 -16.459698 49.717716 -41.337818 44.947772 -40.712596 -30.184043 -15.380804
3 -18.799833 6.657028 30.911958 -8.932679 16.779083 -9.007785 -4.839708 -12.768064
3 -50.057115 -12.306969 81.395475 -47.190011 66.303504 -43.866461 -55.287324 61.008904
5 7.258284 -18.549223 25.524889 -10.259532 35.731540 -10.373407 -16.501334 -12.831217
1 73.895898 -30.210582 67.349019 -38.463298 65.562517 -36.820585 -50.929803 -50.383164
1 162.534168 -78.302837 69.329964 -60.289769 87.642743 -59.660563 -62.124113 -59.129594
5 33.024349 -17.420124 3.195997 -23.790847 75.741541 -23.627628 -18.156457 -28.966830
5 -5.676661 -11.220487 -17.383601 -7.172716 67.280958 -7.230653 -9.729850 -8.866991
3 23.569555 -40.482429 133.153422 -38.646730 77.477636 -37.465238 -63.613008 -53.993207
1 170.890086 -23.154125 10.324863 -49.390102 -5.792941 -47.096460 -11.891214 -43.890113
5 -12.053335 -4.780192 5.461202 -4.323945 14.115320 -4.492047 -1.126903 7.199901
5 51.202607 5.872555 27.248411 -51.419238 54.378161 -49.958260 -3.427138 -33.897094
1 22.069942 -17.118101 6.490676 -4.635789 19.108870 -4.774281 -10.974543 -10.166775
5 -0.007488 19.857105 -6.277772 -18.714665 45.495644 -18.064036 -0.851701 -21.437086
3 111.782979 -7.470029 184.174793 -90.040338 74.296377 -87.517946 -80.367050 -104.858785
1 37.515128 -3.637009 -15.493354 -13.551858 22.542709 -12.527525 -1.772206 -13.075885
1 124.177074 -62.445376 104.486868 -51.130307 74.669494 -50.001434 -86.851512 -52.904808
5 20.293227 -23.121016 -3.026107 -20.060211 87.305886 -19.687041 -19.044647 -22.660089
3 2.000751 -4.450837 18.733662 -6.954886 8.374815 -6.708907 -4.575752 -6.418845
3 113.532957 -62.990080 232.821932 -107.220517 175.276468 -107.414220 -120.126947 -123.879600
5 51.895165 -27.088710 13.474157 -26.184349 82.435233 -25.134119 -35.815336 -33.582042
3 153.981734 -128.238860 299.780888 -140.082176 292.195712 -136.794723 -171.342778 -169.499799
5 30.769552 -6.161744 28.689322 -24.803380 38.414162 -25.172675 -11.345635 -30.389605
3 4.100671 -22.755562 81.321771 -24.107963 36.457632 -23.036758 -31.502499 -20.477289
5 37.062373 -16.047725 43.690877 -34.889505 59.558485 -34.263274 -30.670244 -24.440985
1 75.154373 -11.565959 -6.239373 -35.657241 57.545578 -33.965179 -13.241224 -32.030976
1 18.883965 -11.307278 15.675450 -6.736508 -1.163104 -6.980993 -8.868773 0.497240
8 6.049076 -12.511481 20.994625 -22.755064 6.706209 -22.307088 -15.789847 39.613570
5 8.088282 -11.078891 -12.476113 -20.176346 72.222179 -18.964730 -18.218046 0.603663
5 38.743477 -37.058582 10.970501 -22.304071 77.045273 -21.982562 -25.858851 -19.555185
5 68.324843 -16.579806 -32.165783 -28.342803 86.845217 -27.811029 -15.251706 -35.018930
5 -7.860691 -9.564079 35.851802 -34.561400 105.969866 -32.678505 -25.685261 -31.471728
1 148.861073 -62.671000 137.641258 -70.431291 43.477938 -68.523448 -58.714144 -69.640381
1 115.524349 -75.582522 78.329694 -68.119339 91.600717 -65.830805 -41.707199 -34.214897
5 13.552965 5.819758 16.233934 -13.672143 23.924214 -13.182000 -17.887205 -14.789520
5 18.513012 -2.366566 -4.142549 -13.477448 32.923142 -13.154671 -14.148464 -4.146455
3 49.265581 12.677362 130.029505 -42.184146 10.617788 -42.406129 -67.314450 -50.685508
1 31.037895 -17.011169 18.318706 -5.918820 -1.358021 -5.955233 -7.415641 -11.697718
3 105.497747 -119.349109 272.241454 -110.463799 211.449120 -108.465180 -130.442933 -120.467301
5 4.706006 -96.837690 310.597555 -161.109415 400.801752 -149.121536 -144.716050 -164.320617
1 106.151499 -2.922781 83.519114 -63.487408 39.773868 -62.054222 -46.318860 -54.661211
5 5.049067 -4.584877 -5.983320 -2.280810 16.724291 -2.167382 -3.816230 -2.940737
5 -0.813870 -3.017345 -8.186980 -6.199387 28.288598 -6.474754 2.346893 -5.943157
2 0.308603 4.271585 2.266616 -1.810854 2.158513 -1.529096 -3.753522 -1.911844
