5 -1.486673 -20.726281 18.472603 -31.668007 90.325253 -31.749734 -23.167158
5 47.553073 -5.852308 4.492851 -63.670430 125.019851 -63.494315 -44.048718
3 28.290037 33.659416 102.148554 -77.004208 41.248501 -77.500481 -50.841816
1 14.322651 2.947026 8.805714 -7.547272 -9.274454 -7.175267 -2.078399
5 23.047548 4.120427 9.368633 -24.562712 33.037327 -24.688371 -20.322852
3 204.429805 -26.165958 278.210425 -209.600809 57.864317 -207.101686 -97.636083
5 3.256768 -4.296467 4.590837 -13.250678 31.734070 -13.112282 -8.922248
5 22.869409 -15.190564 -16.454933 -7.203689 34.577077 -6.516841 -12.080460
5 5.705870 9.202490 -12.921976 -7.808343 27.779761 -8.129994 -13.827808
5 7.457126 -13.134610 56.743595 -45.469017 71.286128 -44.367161 -32.516059
3 -5.715228 -0.205645 19.909878 -10.239208 -5.370005 -10.082724 11.702931
1 47.727540 4.644612 0.873420 -25.544842 26.290052 -24.677299 -29.313479
5 21.390746 -15.336671 15.094680 -21.552857 46.474254 -21.339691 -24.730460
3 -17.388675 17.596651 60.263604 -32.070922 -4.566484 -30.904800 7.070624
5 5.643537 -13.587207 8.637592 -14.421007 39.550120 -15.210054 -10.612981
3 34.129049 12.123108 52.001122 -23.278616 -47.623239 -23.048415 -4.303009
3 -38.879880 13.412739 103.006896 -33.808608 -12.568867 -32.688595 1.526312
3 12.353511 -28.699923 79.137082 -59.165347 69.816429 -57.426508 -16.015241
3 -11.147737 7.377081 32.616191 -15.810286 21.214038 -15.871444 -18.377844
3 1.183229 -25.461748 49.217991 -23.632269 31.572801 -23.027081 -9.852924
3 12.725794 76.349795 79.146264 -91.435499 56.495524 -89.597858 -43.684016
5 17.756358 0.833452 -13.658912 -11.452967 24.404008 -11.736860 -6.145080
5 128.622146 -11.045982 31.499401 -93.492066 156.244011 -89.439399 -122.388099
3 20.133397 -6.843141 38.959400 -13.382307 -13.097780 -12.343663 -13.425904
5 11.897428 -6.885693 12.808799 -10.822654 15.776030 -10.514531 -12.259378
5 -7.349345 1.414287 25.058156 -21.140440 39.268627 -20.829224 -16.422061
1 57.236257 26.276932 44.660572 -65.425601 11.919315 -66.889037 -7.778439
1 76.636437 -22.707559 56.369350 -36.345921 -38.313909 -35.918766 0.280368
1 87.552709 -5.104852 29.698291 -30.763353 -9.628998 -30.101215 -41.652579
7 1.855862 -0.331210 7.839479 -4.075697 -22.578814 -4.121718 21.412099
3 128.964304 -23.548930 165.666897 -129.047139 48.180543 -129.219793 -60.995879
5 -5.651032 -10.982052 4.185758 -5.335456 27.771526 -5.337959 -4.650784
3 27.336301 -45.567361 116.710106 -47.032565 55.596578 -48.053947 -58.989111
1 162.811879 4.751704 99.597195 -116.186012 -6.213127 -113.562126 -31.199515
3 57.412183 -2.966892 58.141177 -29.634870 -48.386536 -29.550459 -5.014606
3 8.862671 -1.708505 17.278324 -16.370269 16.077534 -16.671881 -7.467875
1 71.174319 -17.627314 -4.185373 -18.506032 3.726694 -18.338032 -16.244261
5 -4.038139 -8.888679 -1.445292 -2.515420 21.125864 -2.290766 -1.947568
5 -10.190467 6.569898 6.164076 -11.117848 14.831264 -11.708575 5.451651
3 8.387663 4.328961 15.381934 -5.057000 -4.138668 -5.249740 -13.653148
3 3.483613 0.251300 17.660579 -12.009122 -3.338756 -12.110072 6.062457
1 80.699096 -1.030771 -27.320414 -18.517377 -4.719038 -17.929614 -11.181882
5 0.120369 -16.107072 -3.750388 -22.372708 79.325307 -21.824691 -15.390815
5 104.433662 -58.725402 43.194654 -111.759902 171.675291 -110.090366 -38.727930
3 2.002269 7.698071 11.053199 -8.081350 -4.071954 -8.138807 -0.461429
3 -3.370105 10.267349 62.252191 -36.903088 28.834186 -36.059934 -25.020603
5 30.560575 -4.370802 36.200624 -37.189579 45.556432 -36.654008 -34.103239
5 57.085264 -9.488957 61.724823 -86.978050 113.025462 -85.016138 -50.352400
1 6.770945 2.441690 -6.769919 -0.159716 -3.809361 -0.135874 1.662236
1 116.613427 -59.913941 47.742304 -75.647100 57.314073 -74.293901 -11.814857
1 30.467069 -14.372915 20.735109 -17.829238 11.194851 -18.014125 -12.180749
1 218.367470 -46.618995 76.119033 -96.016736 -45.067362 -95.343269 -11.440142
3 -11.207616 -9.017158 70.592739 -10.880641 -19.224926 -10.465302 -9.797096
1 38.742313 22.105004 12.469897 -35.124392 30.521744 -35.073857 -33.640707
3 -6.325904 -17.227027 69.343531 -42.869723 50.556489 -42.453029 -11.024336
3 -6.034045 -7.978071 107.008057 -43.778791 9.628134 -42.501436 -16.343849
5 82.189910 -8.798163 42.217906 -81.463753 105.040212 -82.050699 -57.135414
3 6.255023 28.847563 81.623523 -65.384612 -5.684143 -64.875075 19.217716
1 38.987913 -15.531009 8.661401 -21.629192 13.418363 -20.505215 -3.402262
5 41.783271 -13.528923 33.511628 -43.624832 55.210383 -43.983788 -29.367737
1 123.225077 -38.348610 74.437301 -86.311256 30.372539 -86.520977 -16.854076
5 -11.443670 8.852538 4.121250 -13.996736 29.194221 -13.665415 -3.062187
3 8.514784 -10.631452 23.547506 -14.691455 12.417282 -15.005268 -4.151397
1 16.456817 -0.332122 -14.150546 -6.175083 4.048189 -6.391818 6.544563
3 175.257250 -31.536320 206.334025 -166.583279 83.106935 -167.295223 -99.283380
5 5.649966 -15.155468 1.202924 -14.223854 38.177150 -13.927703 -1.723014
3 20.047693 -5.735565 42.515379 -23.397220 11.111318 -23.711851 -20.829754
1 11.095467 -8.278346 9.932197 -5.336850 4.022483 -5.228940 -6.206011
1 186.543804 -17.198275 12.939562 -54.471917 -69.819818 -52.998646 -4.994710
3 -3.007349 -2.577612 26.984844 -4.550916 -10.445950 -4.367745 -2.035272
3 10.287886 -3.148609 106.805395 -46.533156 9.660180 -44.837127 -32.234569
5 19.356338 -9.897836 2.124787 -16.199854 29.408490 -16.173018 -8.618908
5 1.638036 -5.568247 7.314007 -7.409841 23.134911 -7.723540 -11.385327
1 77.971464 -27.749584 3.121763 -39.961079 73.202476 -38.688457 -47.896579
3 16.121579 -11.801763 16.681387 -6.239943 -6.220620 -6.030177 -2.510464
3 3.056529 -11.576954 21.067551 -9.141974 10.100111 -8.190296 -5.314970
5 -10.716873 -2.509582 13.688356 -17.454328 45.455317 -16.875545 -11.587346
5 33.005723 -8.776251 -15.370954 -19.026180 35.231454 -17.273157 -7.790633
5 17.371675 -4.564960 8.976321 -19.857967 30.451954 -20.594750 -11.782272
5 23.750452 -10.928239 33.603964 -50.854872 49.496276 -51.109799 6.042215
3 -1.094591 -7.450188 34.073946 -16.495377 15.206794 -16.461355 -7.779231
3 0.636241 -0.975337 46.731638 -19.331908 -6.942480 -19.838419 -0.279736
5 -1.262007 -1.002003 9.895584 -20.317910 42.974584 -20.124237 -10.164011
5 23.736263 -13.976835 -24.434826 -18.102288 72.242884 -17.736474 -21.728722
3 38.796129 -21.797458 56.387066 -17.150735 -29.427024 -16.263664 -10.544314
1 146.013359 -44.422946 103.619635 -56.938545 -38.247943 -56.792429 -53.231127
1 37.220552 -22.009317 9.332907 -17.841440 22.815138 -17.361125 -12.156713
3 66.228862 -9.666474 92.074839 -50.413512 -15.049297 -48.843644 -34.330772
5 29.762913 -24.496044 81.043195 -73.109347 86.366189 -74.105152 -25.461754
1 60.312510 -28.565803 5.719572 -30.410759 41.690802 -28.810029 -19.936291
3 -12.416601 11.799318 33.790353 -6.985351 -20.050451 -6.606517 0.469250
7 3.039995 2.489873 -5.408145 -3.030137 1.545104 -3.088325 4.451636
3 -15.976870 -17.925490 54.767503 -15.942897 24.469501 -15.300308 -14.091438
3 13.473848 -14.170932 40.279483 -23.820654 12.863448 -23.288300 -5.336893
1 58.182812 -30.814120 43.556607 -42.975890 28.004173 -41.522183 -14.431395
3 -15.728542 10.139715 73.407444 -31.304166 17.696011 -31.299039 -22.911426
3 -25.041619 -13.429145 53.170619 -23.177282 35.460094 -23.143629 -3.839037
3 32.147648 -31.638574 88.368760 -40.675861 8.599790 -39.762809 -17.038954
5 -5.145148 -12.965713 -9.835579 -17.428348 84.762781 -17.114921 -22.273071
1 38.378036 -13.324291 18.508798 -17.413768 -9.193772 -16.980592 0.025588
5 20.084308 4.618138 -3.970638 -25.652769 54.065821 -25.406434 -23.738424
5 10.516676 6.640837 17.819861 -31.868843 33.986035 -32.051659 -5.042909
1 42.941820 -18.404258 2.755596 -18.258283 12.805565 -18.576581 -3.263858
1 48.212571 -23.861672 36.434845 -28.782874 20.101099 -28.426238 -23.677730
1 59.053996 -15.404387 13.278574 -13.446816 -21.520199 -12.725931 -9.235235
5 13.812844 -3.310126 -20.216140 -6.862126 33.311301 -7.176668 -9.559083
5 -13.914687 -4.174496 20.600461 -10.603629 28.484472 -10.454615 -9.937508
3 -10.587161 -27.858606 63.525433 -34.385759 44.458834 -34.483667 -0.669073
3 -15.530306 8.641914 37.024944 -15.062891 7.265137 -14.659163 -7.679635
5 155.476896 38.836290 76.533060 -224.134524 368.029079 -218.716078 -196.024708
1 341.822659 -26.873482 117.385929 -175.530822 -38.497384 -173.512047 -44.794858
1 38.934129 -7.518997 10.707396 -20.460060 27.634261 -19.010246 -30.286480
1 35.942357 -15.672586 3.765213 -11.193147 -0.562067 -11.233558 -1.046211
5 28.722197 -21.606188 -1.923933 -20.147114 54.237327 -18.903229 -20.379058
3 33.699227 -17.887823 57.774115 -27.798942 1.327384 -27.572612 -19.541351
1 30.635725 3.624458 26.408312 -10.578250 -31.210322 -10.499495 -8.380427
5 31.176487 -40.194653 29.190786 -23.708605 33.189075 -22.037502 -7.615586
3 14.489224 -23.396181 21.324028 -16.164657 14.913246 -15.421430 4.255770
5 15.259965 -39.553783 42.393761 -52.204207 96.457734 -52.083092 -10.270377
5 16.236092 -5.903776 15.395637 -22.973167 45.324817 -22.774891 -25.304709
1 186.213670 19.581891 172.818536 -135.850951 -71.303851 -137.452393 -34.006909
3 6.451536 -12.398834 58.873556 -17.505253 -1.117616 -18.597271 -15.706119
3 35.905806 -9.252541 101.383313 -43.190919 -18.388533 -42.313132 -24.143992
1 63.969153 -15.163578 -5.537759 -30.315729 45.582071 -30.349480 -28.184674
5 93.509063 -28.029791 34.679684 -76.892624 93.767105 -75.569997 -41.463435
1 31.419924 -24.141358 23.151662 -12.067474 4.815641 -11.605139 -11.573256
5 9.348517 -6.538749 -5.599231 -12.529158 21.199780 -12.984375 7.103215
1 50.756896 -0.906599 14.901981 -14.610219 -27.982705 -14.427406 -7.731948
1 57.574427 -3.327889 -8.243448 -17.451815 5.518376 -17.456157 -16.613496
3 6.823926 -8.241219 16.031594 -9.821207 12.481195 -10.265175 -7.009114
7 11.531866 -11.371169 13.389751 -13.543615 -27.895074 -13.332746 41.220986
5 -23.095540 15.992371 29.533732 -47.437573 77.851393 -48.016342 -4.828043
5 -19.276102 -2.265281 18.799243 -13.576457 40.634497 -13.387997 -10.927904
3 -32.405776 1.307143 83.631462 -45.923353 38.562929 -44.247315 -0.925088
1 46.710822 4.316347 42.936683 -53.666323 19.562402 -54.173499 -5.686430
5 2.542673 3.500515 7.220739 -14.222662 23.500970 -13.762687 -8.779549
3 -14.121415 -19.870677 71.697341 -20.958368 22.198293 -20.147860 -18.797315
3 -1.280408 -9.943393 44.395110 -11.034924 -11.788897 -10.594338 0.246850
5 59.253389 -32.860533 181.620032 -195.764064 227.340587 -194.438508 -45.150899
1 6.067210 4.512399 4.251252 -2.325117 -5.448281 -2.522968 -4.534495
1 82.410517 -13.464712 45.502160 -28.259961 -47.222347 -29.056607 -9.909050
3 -85.660684 165.778514 298.007470 -244.142932 135.878678 -243.187085 -26.673969
3 54.122046 -34.328271 62.628990 -49.899100 57.894621 -49.897746 -40.520538
5 48.391829 -5.346305 30.894792 -72.518123 107.018788 -72.592926 -35.848057
1 65.941478 -17.690817 27.688977 -24.326230 -29.583421 -24.099643 2.069657
3 18.500931 -77.169420 205.027842 -133.263947 172.079257 -131.672861 -53.501799
5 -3.041569 -2.424219 12.513863 -12.072488 24.194167 -12.258462 -6.911293
1 203.845809 -116.243495 122.107283 -144.114595 179.369175 -138.527681 -106.436487
3 5.116505 20.205117 54.152278 -26.083367 12.234729 -26.452867 -39.172393
1 14.930545 -6.103651 -7.498463 -2.616695 6.847058 -2.316816 -3.241980
3 31.783600 2.172242 40.173649 -38.999069 27.848166 -39.957279 -23.021309
1 86.831268 -35.394511 46.259531 -45.423414 45.661810 -43.665727 -54.268953
1 143.207501 -7.026476 33.929209 -56.589748 -23.950268 -53.586733 -35.983485
5 -4.540366 -0.096660 -3.625673 -9.495397 30.684181 -9.398252 -3.527834
3 289.988618 -82.403229 292.098434 -232.621143 204.712370 -230.198763 -241.576273
5 23.506741 -35.610639 -26.301388 -61.528698 198.046296 -61.865676 -36.246632
3 30.904953 -1.279581 34.250063 -13.380724 -33.277711 -13.045991 -4.171010
3 -20.202593 -4.884151 91.510369 -45.481309 36.691659 -46.384782 -11.249193
5 -4.531912 -5.631620 -5.850926 -1.528926 19.130757 -1.259842 -0.327532
5 -16.174014 -25.221118 -9.867949 -15.565601 73.401665 -15.571820 8.998837
5 -0.854116 3.244537 -3.856092 -9.198253 26.484074 -9.285371 -6.534780
5 11.408439 6.299193 -23.726468 -23.865407 47.875082 -24.565169 6.574326
1 34.646387 16.189966 30.973624 -32.719219 16.464705 -31.956860 -33.598601
3 -14.820342 6.907193 53.079765 -22.785215 6.052206 -22.504808 -5.928800
3 56.182529 -12.196046 125.556503 -66.370498 -10.516077 -63.892361 -28.764045
1 48.579954 -2.893615 -25.521150 -15.531747 7.280657 -14.765758 2.851658
1 149.642413 -66.221126 -23.126276 -59.451805 80.619477 -57.946109 -23.516568
3 -0.128116 2.318695 24.986650 -9.917832 -1.734197 -9.734551 -5.790649
1 73.692895 -23.725317 51.674416 -57.786832 42.385452 -57.693866 -28.546749
5 -2.912376 36.097011 -17.071454 -35.035887 64.133877 -34.477650 -10.733522
1 129.612039 -39.327394 -12.823864 -35.702724 21.571429 -34.247359 -29.082123
1 155.301733 8.736316 76.593831 -74.891181 -92.304792 -74.205136 0.769225
3 2.613019 6.163838 20.354397 -5.395220 -12.167744 -4.987340 -6.580949
1 174.812269 -58.040439 50.971845 -121.488244 121.381111 -116.026994 -51.609544
5 10.210016 -9.257991 10.143722 -10.860785 14.102803 -10.982528 -3.355237
5 -14.046600 11.627170 16.392976 -15.349811 16.631707 -15.094353 -0.161089
5 -11.391344 -17.127546 27.835705 -20.248859 36.826160 -20.842779 4.948662
1 28.445144 -14.576751 10.306619 -14.397551 18.616982 -14.177212 -14.217230
3 83.916293 -95.340166 157.270462 -93.726129 118.964612 -92.637154 -78.447916
3 22.927680 -34.023394 91.818905 -39.655893 -9.058912 -39.146412 7.138026
3 32.278344 -5.580018 118.750165 -68.747678 12.965057 -67.522980 -22.142890
1 50.846074 4.202588 43.585244 -48.670485 14.941466 -49.042041 -15.862843
1 236.744673 -63.738853 153.178637 -182.261363 162.997932 -179.607518 -127.313498
3 4.956213 -23.317564 49.125877 -17.136006 11.184149 -16.715968 -8.096701
1 95.555386 52.051511 -4.270379 -93.955280 87.656668 -93.285246 -43.752658
3 26.528570 -2.213258 29.623439 -22.470782 2.258904 -22.062102 -11.664771
1 173.094981 -36.358422 137.102374 -121.471351 47.807937 -119.326292 -80.849223
5 14.589703 20.224427 -2.440482 -19.442695 27.384446 -19.144929 -21.170470
1 398.081453 -88.474150 199.310849 -259.817384 160.677473 -249.315044 -160.463183
3 3.586481 6.295311 26.253604 -6.752136 -7.034720 -7.255443 -15.093098
3 30.163593 -38.852619 89.821280 -29.686086 -7.249681 -29.332395 -14.864090
1 7.854220 2.511539 2.613935 -3.189853 -6.080419 -3.224199 -0.485222
3 35.809503 4.021983 40.664404 -31.294503 -1.996217 -30.150443 -17.054727
5 1.258761 -10.884725 4.096454 -10.473045 22.730502 -10.274409 3.546462
5 80.396374 -48.203802 0.051199 -45.423149 99.043351 -43.299623 -42.564347
1 30.964343 -12.977949 5.975035 -8.819205 -8.238680 -8.876480 1.972936
5 13.651292 -16.417565 26.674041 -23.889547 31.394391 -23.610083 -7.802528
2 -3.956475 19.451557 6.192756 -3.604714 0.392625 -4.331507 -14.144242
3 40.572016 -28.516586 104.243131 -63.356181 57.344021 -65.104612 -45.181787
3 25.767316 -31.218910 30.186540 -12.995764 16.147733 -13.036693 -14.850222
3 11.438986 -6.533667 18.170439 -6.851928 -10.457440 -6.590410 0.824019
1 50.015435 -15.665559 17.703095 -38.606343 33.399510 -38.264751 -8.581385
5 -3.534465 -1.967970 8.998143 -11.886527 26.765800 -12.161953 -6.213028
1 71.481546 -17.333382 -3.172778 -33.956676 45.758673 -33.604751 -29.172629
1 57.827212 30.897714 3.202856 -54.948269 43.530704 -52.566092 -27.944122
1 139.447521 -25.725814 117.571193 -69.550828 -48.504127 -66.161622 -47.076320
3 0.223662 -20.461604 22.517548 -10.995344 17.106044 -11.032064 2.641758
5 30.128906 -35.001368 10.831543 -45.647346 76.050328 -44.412511 8.050451
3 10.218478 -1.572304 12.185873 -9.926995 0.768461 -9.766938 -1.906576
3 2.564127 -0.040896 16.036450 -3.475933 -10.004427 -3.249827 -1.829494
5 42.845643 -4.572617 33.202574 -47.460633 47.701374 -48.380976 -23.335365
5 -6.798537 -23.027514 72.521471 -72.424768 96.288251 -70.246378 3.687476
3 -16.604101 -11.391051 85.152554 -21.275036 -3.684273 -21.317851 -10.880242
3 -10.720836 -8.837112 38.942006 -15.401100 24.652090 -16.080924 -12.554124
5 7.715673 -2.416588 7.709596 -14.796860 19.251315 -15.249217 -2.213918
3 9.046898 5.444541 36.454450 -20.295307 7.841025 -18.957506 -19.534099
5 11.193546 -18.719703 19.200505 -15.818608 31.431964 -15.716439 -11.571264
5 4.250472 -7.190427 -0.693717 -13.059802 39.253816 -12.925799 -9.634542
3 3.305610 -9.369971 22.066017 -16.026825 17.619901 -15.541418 -2.053315
5 14.581749 -16.302962 -3.507883 -31.424881 94.748954 -32.274632 -25.820344
5 45.213553 23.568869 28.728453 -57.481597 49.742282 -57.773488 -31.998071
5 12.771352 0.818924 15.817927 -19.973754 23.914536 -20.563265 -12.785719
1 305.138763 -45.737415 226.331878 -181.451544 70.386730 -177.748014 -196.920384
5 15.925745 2.189883 -1.084175 -26.018615 62.517955 -25.346231 -28.184557
3 9.122669 -23.097988 116.032012 -71.534835 86.011750 -69.573304 -46.960301
1 112.889565 -51.515970 74.693459 -83.621952 88.370328 -82.627578 -58.187851
2 0.991563 1.293962 -2.426175 0.000000 -0.680164 0.000000 0.820815
5 47.044229 16.452654 29.421561 -68.862062 86.397081 -68.965940 -41.487519
1 82.730745 -27.974961 69.345051 -69.254993 75.120694 -66.727070 -63.239462
1 74.487131 6.024303 64.215088 -73.968164 43.788934 -74.143126 -40.404163
1 227.194802 -131.948006 175.620105 -132.755187 46.723285 -129.059143 -55.775851
3 -21.006138 29.909777 48.551589 -43.389119 31.667643 -41.641732 -4.092023
5 -13.209601 16.277474 -7.543881 -14.309973 31.081207 -14.277035 1.981808
3 -7.731224 7.067359 14.852595 -6.295384 1.628587 -6.189224 -3.332711
3 91.792151 50.237499 101.352063 -112.980421 49.271115 -109.573693 -70.098711
5 -6.653072 -3.391720 1.586898 -4.277106 12.317167 -4.620709 5.038543
1 163.126987 30.471148 122.025136 -155.660742 32.124295 -155.210550 -36.876274
3 -8.059523 0.489568 41.714399 -22.707713 16.680077 -22.478074 -5.638732
1 45.210063 -14.064617 -5.577496 -8.916892 -8.426990 -8.947371 0.723303
3 17.982957 -16.562112 63.574051 -21.035575 -6.341160 -20.064125 -17.554034
5 -3.213161 4.276117 -6.210037 -6.174889 23.245635 -5.947493 -5.976170
3 8.213987 -8.499489 11.945006 -5.522811 5.867167 -5.325448 -6.678411
3 -0.572021 -10.357499 29.973862 -17.064829 29.711636 -17.387516 -14.303632
5 -0.715204 -5.436101 20.458583 -31.452881 65.185187 -31.244863 -16.794721
3 38.732825 -16.696070 91.876284 -57.334089 -0.079537 -57.444986 0.945571
1 32.472047 24.208620 29.367980 -20.178717 -24.463143 -18.931940 -22.474843
3 -10.061378 -1.856108 30.063117 -5.422931 -7.921326 -4.961737 0.160364
3 47.017683 -12.216203 49.716385 -19.783491 -39.922938 -19.595272 -5.216166
1 76.729428 31.832920 62.518389 -63.098580 -16.694254 -63.209504 -28.078400
1 138.365817 24.001034 17.043596 -97.286533 107.881599 -97.589024 -92.416481
5 16.928205 -14.454227 -0.390927 -9.895664 21.997149 -9.909367 -4.275168
3 -19.805968 29.702992 311.145827 -209.715882 102.673998 -207.238470 -6.762496
3 57.712585 -65.991953 105.494115 -57.592381 39.723691 -55.422568 -23.923487
5 -0.915126 15.806240 -6.741322 -15.238729 43.435750 -15.966041 -20.380771
5 -9.593537 -2.173210 -6.076822 -4.927598 22.222587 -5.198970 5.747550
5 -11.546106 -1.930586 12.484656 -8.436116 22.614693 -8.333408 -4.853133
5 -14.392005 -1.922238 11.705152 -10.417668 31.165055 -10.358106 -5.780190
5 -0.808208 2.879049 -18.212766 -10.694619 35.865075 -10.870631 1.842100
1 206.322511 67.787062 49.932442 -157.604159 170.174401 -160.436346 -176.175899
5 -20.109589 8.999264 1.875096 -9.032587 31.269784 -8.398961 -4.603008
3 17.241630 -34.442573 101.641522 -66.322468 83.581435 -66.661880 -35.037664
5 13.909608 -8.884700 13.834610 -14.647770 23.988459 -15.183598 -13.016608
5 37.675409 -35.243176 -30.128818 -108.380107 263.418168 -107.813158 -19.528313
3 11.991016 -9.964378 22.773998 -9.502936 -3.255617 -9.615773 -2.426310
1 181.364853 -50.000299 144.721010 -154.264476 71.139856 -153.044236 -39.916710
3 34.874651 -18.276104 35.297346 -21.586235 10.529970 -21.380960 -19.458667
1 280.864550 26.215553 107.943094 -222.751599 224.223259 -225.734853 -190.759994
5 37.135350 -31.009301 -0.581319 -51.776540 125.248354 -51.157714 -27.858827
5 105.749950 -55.451289 112.996337 -116.022631 155.874542 -111.619690 -91.527212
5 15.887148 -7.563544 -3.570702 -7.345420 21.209005 -7.614691 -11.001797
3 0.377294 5.079627 36.253524 -21.680037 13.282069 -21.967204 -11.345272
5 47.021986 -11.567875 0.921695 -32.399393 51.444897 -31.506413 -23.914897
1 24.653306 11.329867 -7.254210 -13.220437 19.286577 -14.096754 -20.698348
1 160.764110 -57.463080 125.674323 -107.730579 41.953890 -103.375768 -59.822890
5 43.549438 15.010537 46.901743 -53.590417 74.033725 -56.321321 -69.583700
5 9.341503 -6.549118 -5.013146 -14.078879 39.727414 -14.161580 -9.266193
3 58.155511 29.413522 87.062202 -75.996312 24.312532 -74.358916 -48.588538
1 29.657608 -5.676791 7.478778 -16.636803 15.907064 -16.902634 -13.827221
1 185.967704 7.243251 55.627163 -134.647907 117.170005 -136.925977 -94.434231
3 29.860979 -4.981460 58.344878 -35.489184 22.359805 -35.203739 -34.891278
5 -3.451845 6.508141 -5.338961 -6.917912 25.721403 -6.977315 -9.543510
1 132.883705 -29.625240 83.399764 -51.210273 -68.750478 -48.043831 -18.653649
1 54.018724 -4.838362 20.325375 -24.304554 8.364566 -25.552943 -28.012803
3 26.478534 -17.219156 31.782132 -14.198132 0.451205 -14.356039 -12.938544
3 -7.066761 0.381383 18.898745 -14.214544 11.165977 -14.245073 5.080272
3 8.687773 49.038994 90.932072 -91.414216 80.594175 -89.474864 -48.363933
5 125.965602 45.906223 154.366231 -199.954655 207.484563 -199.954036 -133.813920
1 122.564433 -33.334179 65.208081 -67.414413 19.614809 -65.692897 -40.945830
2 6.126354 17.199591 5.278289 -8.189299 -13.237899 -7.807854 0.630818
5 13.364945 -24.063813 8.604699 -39.714552 114.823374 -39.762152 -33.252501
5 95.261379 -78.136967 54.248987 -126.291949 261.005146 -126.980821 -79.105773
5 21.131848 -7.374947 -4.660274 -10.812232 24.567087 -11.234752 -11.616730
3 35.508253 -21.590654 82.384639 -55.239557 39.069568 -54.139707 -25.992544
1 148.264765 2.658573 -8.822209 -19.062236 -91.547941 -18.907614 -12.583340
1 11.830667 -2.015855 -5.441127 -1.330577 0.399865 -1.558179 -1.884794
1 166.638927 -38.846873 -11.240427 -59.533125 33.794422 -58.213942 -32.598980
3 287.584812 -47.167218 302.422554 -242.263417 149.918498 -236.648629 -213.846587
5 16.925562 -7.002187 3.423207 -20.211380 40.733393 -21.038671 -12.829923
1 24.541416 -11.742154 4.551166 -8.297243 5.468388 -8.603165 -5.918408
5 74.595529 -67.054884 90.111676 -79.354272 90.169706 -75.975573 -32.492180
5 2.505780 -2.957055 -4.702580 -4.117949 18.335381 -3.416107 -5.647469
5 24.124416 -31.521279 -8.032992 -28.876272 87.611462 -27.581970 -15.723363
3 7.780612 -8.171812 10.953410 -5.336850 6.209592 -5.228940 -6.206011
1 46.737842 -14.096972 7.401130 -14.157754 -8.994234 -14.531052 -2.358958
3 -23.951447 -10.853942 87.130418 -41.030484 48.377413 -41.433722 -18.238236
5 25.643644 23.505984 -0.274721 -52.348018 84.254322 -51.505047 -29.276162
3 6.266505 -15.758473 43.884836 -19.286749 12.999734 -19.202097 -8.903757
5 17.387507 -9.333756 14.282739 -26.929460 48.481391 -26.645153 -17.243266
5 -4.046771 -8.888679 -1.904411 -2.515420 21.070275 -2.290766 -1.424228
3 -2.496838 3.092245 18.228267 -9.383691 14.114543 -9.369675 -14.184850
1 70.547578 -16.044954 0.306232 -15.432679 -18.087302 -15.352137 -5.936738
5 -2.738894 -8.217214 13.690401 -14.572406 27.838777 -14.073057 -1.927607
5 33.707026 14.569575 26.302840 -41.909494 36.709535 -41.621269 -27.758214
5 58.707387 -15.985867 118.257121 -162.806481 243.787734 -162.933386 -79.026505
1 68.901862 16.515498 58.826368 -73.650038 47.353502 -71.938103 -46.009087
5 113.686244 -17.179099 78.851727 -130.237658 163.658144 -131.795440 -76.983917
5 39.562906 17.629861 41.995032 -86.696963 125.963614 -85.566692 -52.887755
1 36.246690 4.860207 -17.754038 -9.159647 0.249412 -9.130006 -5.312618
5 59.131873 -37.239625 134.831462 -138.571355 156.225841 -137.481749 -36.896441
5 -2.551758 -11.199649 2.597159 -13.198124 53.473306 -13.190358 -15.930576
3 5.119261 -0.048022 54.734753 -25.510650 12.818361 -25.208480 -21.905225
1 299.706894 -74.686403 168.510060 -212.439551 127.411318 -208.609812 -99.892495
5 13.324171 -7.625631 20.519038 -27.140665 47.413876 -25.881939 -20.608848
3 22.076100 -1.466200 96.220855 -44.707815 -20.318687 -43.691851 -8.112402
1 204.562697 31.894995 88.476404 -120.971338 27.079988 -119.970614 -111.072123
1 175.894117 -24.730496 95.285206 -113.260055 70.443705 -108.208284 -95.424188
3 3.245234 -3.646584 49.934505 -14.513974 -22.076473 -13.393245 0.450537
1 33.890515 11.238794 -14.831484 -21.340657 28.437058 -20.392500 -17.001724
1 50.327587 -35.377099 46.327702 -33.304658 31.927354 -32.502210 -27.398675
5 5.998890 28.717751 15.384361 -48.506364 67.108450 -46.768954 -21.934129
3 38.506681 -40.038388 94.509408 -65.810719 88.219385 -62.741173 -52.645194
5 190.963588 -108.566601 90.283577 -147.582400 201.164547 -150.154724 -76.107981
3 14.229342 0.123878 14.648591 -8.103627 -5.166927 -7.447995 -8.283261
5 131.777897 -106.371888 100.828838 -130.587647 204.598898 -128.109605 -72.136489
1 38.514772 -17.653941 24.326740 -21.026431 16.965280 -20.308444 -20.817976
5 23.523985 -26.952577 10.239212 -25.482432 45.122427 -24.570948 -1.879668
1 50.887289 1.916388 5.121070 -44.882847 46.221719 -43.810902 -15.452718
3 34.835847 -9.678673 59.132610 -61.262923 47.031573 -60.216585 -9.841847
3 6.535107 -20.656713 146.680713 -76.688530 40.377328 -74.548433 -21.699472
1 58.933914 -33.530716 34.647258 -23.810509 1.307324 -21.899289 -15.647979
5 52.983569 -58.653532 23.504063 -58.475854 134.248192 -56.171443 -37.434991
1 135.682157 -19.633607 -10.197496 -85.573282 128.827164 -83.238764 -65.866166
3 -0.862783 -0.399388 18.999150 -11.276072 7.019835 -11.576597 -1.904145
5 -1.647019 -17.215453 4.159311 -15.436196 58.734450 -14.702370 -13.892722
1 79.250058 -9.675779 4.721662 -26.787748 3.662838 -26.609042 -24.561988
5 -1.987377 -5.966280 1.909939 -19.522224 58.090189 -19.857248 -12.666999
3 61.032734 -37.756384 84.989666 -50.896424 11.416607 -50.228253 -18.557943
5 -29.485784 24.907381 14.426908 -20.671254 40.071697 -19.574119 -9.674829
5 8.097298 -11.545751 -6.317321 -15.150936 51.735523 -15.339055 -11.479757
3 34.754436 -8.280230 35.647349 -22.227437 -3.935281 -22.196638 -13.762200
5 32.947984 -11.696132 109.687893 -92.027602 140.578332 -91.077600 -88.412872
1 161.529224 -43.965579 116.225192 -50.800453 -112.676676 -49.471478 -20.840232
5 11.673094 17.989077 34.916300 -35.206177 36.338372 -34.145111 -31.565555
3 -148.890042 42.762791 785.959585 -379.613532 195.927812 -377.716009 -118.430605
5 9.938422 -10.857904 -13.274752 -8.197137 22.901939 -8.716447 8.205879
1 88.474842 1.233856 47.895618 -32.421751 -62.397149 -32.299204 -10.486210
3 66.975724 -37.340967 94.734769 -44.207242 5.256384 -43.589726 -41.828939
5 -2.753026 -19.713706 -3.726429 -17.594725 75.370678 -17.442557 -14.140234
5 5.089387 -13.060440 33.127631 -25.757718 41.812289 -25.393010 -15.818138
5 -10.085477 -2.748698 -1.020577 -5.338710 24.808407 -4.979774 -0.635172
3 -15.683865 -4.021217 36.379639 -8.057991 0.776203 -7.957327 -1.435443
1 94.907670 0.277372 30.441415 -24.363296 -48.353353 -24.394798 -28.515008
1 287.443275 -16.249351 10.012189 -118.553747 78.164660 -119.937580 -120.879437
3 -13.663307 -10.959225 43.848061 -11.468735 11.064953 -11.722305 -7.099442
5 139.804614 -45.346712 89.798767 -115.489513 166.276288 -114.222751 -120.820689
1 68.748177 -22.629158 -30.726035 -16.289054 5.595824 -16.868013 12.168259
1 34.459066 -10.274961 18.977151 -8.241941 -19.391136 -8.304821 -7.223357
5 26.453248 -33.807605 11.671491 -43.162614 86.847673 -41.893235 -6.108955
3 86.871672 -24.685479 136.711983 -82.862157 25.877005 -80.369814 -61.543205
3 127.091325 -62.564519 147.003504 -93.066454 20.627585 -88.932574 -50.158865
3 53.016896 -60.327038 250.577974 -166.037266 177.749602 -163.278933 -91.701230
5 21.966474 -21.730562 7.447995 -20.260344 47.461028 -19.474653 -15.409937
3 52.264253 -11.160449 53.857424 -37.372281 -5.601113 -36.582582 -15.405254
5 -14.443344 31.581683 -4.220666 -13.804076 37.391356 -14.136194 -22.368758
3 71.304640 -53.402993 110.168955 -76.090527 77.433635 -74.759729 -54.653973
1 163.164122 -0.839745 45.401178 -107.233306 96.795654 -105.128444 -92.159452
5 -1.149272 -28.619905 83.785318 -67.606963 102.164161 -70.282803 -18.290536
3 31.537675 -19.989009 40.175095 -23.095383 13.052121 -21.884331 -19.796167
5 -13.917440 -5.256953 25.202977 -17.151817 46.269010 -16.477368 -18.668408
1 323.378027 -57.958224 194.650205 -219.749959 81.072152 -213.705606 -107.686582
5 6.825828 -6.082736 10.200968 -9.874291 13.415466 -9.951604 -4.533631
3 133.024778 -48.868860 187.268501 -161.374722 130.079831 -156.405790 -83.723732
1 125.009828 25.717188 -3.723517 -61.462272 6.046420 -61.791044 -29.796603
1 28.999216 -6.461976 22.734707 -9.560098 -22.277419 -10.398660 -3.035771
5 -4.499766 2.348212 3.031061 -2.533012 7.609885 -2.608404 -3.347976
1 97.069860 43.417361 70.803005 -72.752996 -23.012211 -71.014510 -44.510505
3 8.173933 6.627060 35.251431 -17.269815 -4.708156 -16.778909 -11.295546
5 46.825848 -6.467228 19.425386 -59.991097 93.150914 -59.241011 -33.702810
1 336.454181 10.219823 171.479250 -277.593355 238.939541 -273.643785 -205.855635
1 22.681838 -5.307496 13.077929 -14.041548 13.563565 -15.091415 -14.882873
5 -2.403447 -1.902979 -8.959483 -5.424723 17.058308 -5.678891 7.311215
1 43.494856 -20.031201 -1.796123 -21.729304 28.467039 -21.012234 -7.393034
1 469.752203 -95.608786 389.269894 -303.464279 22.284988 -293.928020 -188.305983
3 13.115476 -30.027541 22.763210 -21.763089 17.893015 -21.740779 19.759709
5 16.590504 -29.378219 36.262469 -33.549667 60.001811 -33.199254 -16.727645
5 38.451555 -6.111679 37.207756 -46.491869 71.182458 -46.451536 -47.786683
5 2.940204 1.994430 -0.960739 -3.030137 3.405538 -3.088325 -1.260971
3 145.853268 -45.736521 181.699760 -109.022764 -66.379583 -104.034447 -2.379712
1 62.128712 14.963719 25.479136 -47.638378 49.290299 -49.255351 -54.968134
5 62.924953 72.299031 15.788749 -90.569736 130.317621 -89.251289 -101.509321
5 -3.798306 -3.093933 15.859435 -17.794312 37.530796 -18.291974 -10.411705
5 45.580057 -37.781751 47.359899 -61.119701 123.049492 -61.247402 -55.840591
1 242.355775 -72.298411 105.993390 -203.339196 228.842592 -204.173751 -97.380394
3 15.548031 -27.353649 129.755219 -25.367292 -66.760941 -23.583437 -2.237932
3 7.474265 -2.291653 13.309991 -6.962369 10.490864 -7.481556 -14.539542
3 31.378071 -53.622473 105.580548 -65.631069 78.820836 -63.185555 -33.340356
3 36.377741 -16.212010 37.977609 -27.125661 4.166775 -26.479514 -8.704938
3 2.456808 -6.543759 38.418312 -33.365801 21.713300 -32.524546 9.845685
1 281.700319 -6.518411 132.644233 -185.376345 61.113417 -184.742352 -98.820856
5 47.984973 -23.513568 91.377640 -84.941510 96.768769 -81.174858 -46.501445
5 1.916409 -2.092634 8.087372 -6.492418 8.179994 -6.108197 -3.490524
5 0.591033 -14.963192 78.871390 -61.035591 96.329947 -61.875046 -37.918542
3 4.352489 11.866565 23.852926 -8.175485 -9.401400 -8.066671 -14.428423
3 3.128383 -13.849576 51.828714 -12.127300 -15.920652 -11.894496 -1.165074
1 156.616210 -35.012875 132.838080 -100.040184 1.590984 -96.302747 -59.689462
1 30.352036 -5.998557 4.228432 -12.011593 5.390655 -11.329431 -10.631541
1 36.690649 -20.016103 11.443821 -21.020907 28.710857 -19.549371 -16.258944
3 36.546995 -5.954806 40.214469 -36.079999 5.321885 -35.326366 -4.722179
3 -1.952468 9.423085 18.442293 -10.159266 2.649925 -10.003765 -8.399803
3 -22.061692 19.623999 114.023666 -82.997445 112.449583 -83.813394 -57.224716
5 62.860335 -75.079325 110.703699 -101.379869 140.236439 -97.313468 -40.027807
5 -5.077036 -18.104728 44.988317 -50.376532 98.636770 -48.256451 -21.810339
3 23.817753 6.204047 47.502990 -25.105870 2.688642 -25.296563 -29.811000
1 21.420920 -9.357772 1.228538 -19.576038 11.396080 -20.794081 15.682353
5 0.312275 -10.565452 7.366472 -8.150404 24.148150 -8.041961 -5.069080
1 58.744780 -25.670990 9.196521 -30.955491 34.195667 -30.044361 -15.466125
5 10.944360 1.783787 3.267547 -13.004191 22.004086 -13.519581 -11.476006
5 2.281077 -12.491875 -1.357220 -7.731436 24.528778 -7.819505 2.590182
3 77.195261 25.387419 97.683784 -117.253833 66.174190 -116.367636 -32.819179
3 -20.278969 9.957333 60.965875 -30.650484 6.337047 -29.976253 3.645449
3 82.686288 18.572320 88.235452 -84.793817 82.945434 -83.615825 -104.029849
1 48.746673 21.923122 10.914110 -11.713047 -50.963056 -11.583074 -7.324728
1 17.799913 4.806724 -17.035869 -4.575980 3.911943 -4.429074 -0.477658
1 51.178010 -11.313309 2.936762 -9.107891 -21.242448 -8.678259 -3.772863
5 0.433614 -9.549690 5.456240 -8.724614 27.018863 -8.791019 -5.843394
3 7.497798 -9.861327 17.741494 -5.780163 -1.372233 -5.358406 -2.867164
3 -12.486283 26.102733 137.307327 -107.338684 95.089136 -107.698368 -30.975863
3 17.678333 -13.978238 62.946166 -33.691056 18.811625 -33.044441 -18.722388
1 102.792464 -34.631201 83.534588 -68.152518 31.962647 -69.561106 -45.944876
1 73.580490 -4.950912 14.455136 -16.351403 -28.048954 -16.307338 -22.377018
2 -23.264253 23.841597 22.791523 -7.659482 -5.276331 -7.222251 -3.210805
1 48.032499 -18.672306 37.113810 -32.026740 18.010912 -31.378391 -21.079783
3 6.898675 -1.352950 11.777515 -6.028405 0.916607 -5.776172 -6.435268
1 73.195811 -13.950987 49.320755 -52.028420 22.247892 -49.393242 -29.391806
5 21.340383 -24.773169 11.752250 -63.371954 161.851446 -65.852622 -40.946332
1 78.421295 -22.340149 31.608660 -31.174029 -7.509230 -29.939787 -19.066758
5 15.025823 -6.722595 5.310727 -11.270724 16.472804 -11.696685 -7.119349
3 2.353584 -3.615587 16.977619 -5.851999 -14.522019 -5.778213 10.436616
3 0.269266 -37.772733 93.752686 -32.121081 20.630334 -31.469715 -13.288756
5 -10.523673 -12.059627 20.818277 -10.321949 28.657674 -9.800694 -6.770007
1 118.876224 -53.409773 35.669711 -71.584639 88.167648 -69.640712 -48.078461
3 57.118624 -73.544175 180.422374 -87.820838 67.038141 -83.920380 -59.293741
3 -1.601384 -3.730250 18.805320 -7.589771 6.832046 -7.359108 -5.356853
5 20.166869 -14.237573 -15.838221 -15.541806 60.786153 -14.648194 -20.687226
3 -6.960814 -23.202325 139.664240 -78.109464 95.796622 -77.800122 -49.388135
5 -27.912756 32.945172 34.709601 -74.560451 125.528636 -71.645490 -19.064712
3 62.462804 -5.343642 85.507926 -45.990270 -11.523921 -46.015137 -39.097758
1 52.244850 -2.387631 39.266248 -43.509691 47.801994 -43.074477 -50.341292
5 -17.675003 -0.198040 12.473929 -12.950680 43.242900 -12.966510 -11.926597
3 -11.857283 0.121995 41.432576 -13.779205 -2.001051 -13.556489 -0.360543
5 0.496578 -27.280009 14.025144 -19.179101 45.778923 -18.677925 4.836389
1 167.477409 -41.742338 -1.195854 -54.976455 24.302070 -55.063105 -38.801723
1 53.140034 -6.313615 36.207652 -6.982077 -67.920339 -6.556415 -1.575240
5 -31.447461 -22.067911 22.672956 -41.613710 101.825475 -41.135585 11.766236
2 -14.316243 63.354654 -9.737579 -24.969075 43.318739 -25.627274 -32.023223
3 -1.510614 -3.650282 42.862333 -26.854702 33.384365 -25.947835 -18.283264
3 -22.407849 1.220623 46.673952 -21.016460 26.000399 -20.672257 -9.798409
5 64.622674 -36.152242 30.556255 -52.308836 90.032760 -49.819975 -46.930632
1 111.639349 -14.576390 21.957513 -69.626856 55.283510 -69.330270 -35.346854
5 -2.675934 2.599159 29.513906 -45.408566 79.912244 -45.479471 -18.461336
3 45.433304 -9.447669 90.788999 -70.622999 77.309227 -70.394386 -63.066472
5 -18.245008 16.586808 -18.796842 -12.487267 43.817504 -12.528665 1.653469
3 29.052859 -0.137790 34.532148 -32.801947 5.825185 -32.409671 -4.060784
1 165.712625 -30.283831 145.452602 -76.673249 -100.927557 -76.531354 -26.749243
3 15.113046 -5.916842 23.659773 -5.720039 -17.193413 -5.335150 -4.607374
2 -25.029457 38.007101 9.978757 -10.431579 -0.212423 -9.879598 -2.432802
1 21.370860 14.402377 -3.866318 -24.056510 17.923942 -23.638052 -2.136300
5 14.037667 -7.070752 -9.841696 -21.432955 59.395572 -21.191946 -13.895890
5 -11.200309 -8.480800 11.855193 -9.246647 34.019296 -9.551843 -7.394891
1 75.410885 -27.559181 0.754760 -32.102772 46.047190 -29.355216 -33.195662
1 20.613205 7.802484 -3.707887 -1.658574 -23.280394 -1.484001 1.715166
5 -1.873382 8.256030 -3.619814 -9.530823 21.841165 -9.084858 -5.988318
3 -23.490571 -3.966163 64.021187 -15.609948 -13.949198 -15.020517 8.015209
1 35.842976 -15.611454 15.707451 -20.506749 16.589457 -21.231213 -10.790468
3 88.485984 -38.003099 158.762831 -79.803243 1.633975 -78.167860 -52.908586
3 24.095016 -14.938741 45.372099 -30.617669 29.958394 -31.008709 -22.860389
1 94.285060 64.134776 77.456407 -90.730470 -43.397658 -90.259587 -11.488530
3 -2.556141 -3.451858 6.718634 -0.800533 1.169406 -0.934415 -0.145092
3 12.436832 9.222385 87.718994 -48.917273 6.412848 -46.445817 -20.427967
1 51.622895 49.966070 7.564826 -44.014280 -11.796585 -43.224018 -10.118908
5 1.302061 -6.916946 -12.817243 -14.142607 58.484299 -14.082247 -11.827316
1 40.005473 -10.468590 -10.228894 -8.712529 -6.039645 -8.844226 4.288411
5 27.351592 -13.529833 -25.897624 -15.224150 48.947809 -14.324573 -7.323220
1 57.414104 -1.662565 18.675120 -22.204659 -17.055223 -22.040635 -13.126142
5 19.728848 -25.455244 16.627955 -20.838673 49.636202 -20.064261 -19.634825
5 5.026701 -6.742615 -0.849096 -4.534923 16.052092 -4.403544 -4.548615
5 -21.448829 6.796013 1.036010 -10.426433 27.679995 -10.096451 6.459696
5 44.505592 -16.650567 -27.662296 -22.106368 55.738374 -21.456350 -12.368386
3 17.283801 -14.291269 78.034339 -48.420293 65.807461 -48.009254 -50.404782
2 17.377082 30.215911 1.335514 -14.150088 13.613001 -15.673873 -32.717546
3 28.639067 39.953277 111.164433 -95.795483 97.265362 -96.970603 -84.256052
5 7.833686 2.630086 -3.055251 -6.406524 11.786272 -6.249003 -6.539266
5 19.574840 -10.120569 -11.476765 -10.547574 34.273358 -10.779493 -10.923796
3 168.514986 -28.008884 294.296610 -193.231438 41.863804 -193.311579 -90.123498
3 50.641390 20.450715 52.280197 -37.105230 -26.603170 -35.491159 -24.172743
1 72.395577 -10.821745 8.497331 -11.041515 -51.436824 -10.900343 3.307520
3 3.036962 -7.452351 39.136846 -17.996197 -12.056387 -18.697019 14.028147
5 192.596401 -7.971603 207.448083 -228.186328 216.338213 -219.620570 -160.604182
3 -1.809770 0.763754 10.967936 -0.572009 -6.815286 -0.695721 -1.838904
3 6.523883 -10.458955 31.327246 -10.667310 -2.145433 -10.758042 -3.821389
5 -4.476322 -0.720674 -3.201251 -9.495397 30.819731 -9.398252 -3.527834
3 -0.955613 16.872631 24.469765 -23.781008 15.323056 -24.276751 -7.652079
5 14.957860 -4.134821 20.267165 -20.560337 26.303873 -20.002977 -16.830762
3 32.399023 -2.291566 33.511886 -7.071887 -45.331298 -7.384387 -3.831772
1 23.906318 -19.401739 -3.346232 -10.609444 21.960304 -10.349553 -2.159652
3 -3.564072 -5.550741 28.999051 -12.669731 11.809778 -12.667502 -6.356783
3 23.909516 -2.039031 79.280511 -51.756245 42.037423 -48.659652 -42.772517
1 98.093900 -28.066386 46.433245 -61.877146 46.133778 -60.472493 -40.244895
3 79.207719 -24.033590 102.927346 -83.217285 59.334937 -82.026209 -52.192917
5 6.426136 -6.446519 0.524783 -5.543731 14.432905 -5.833618 -3.559956
5 21.464446 20.366893 34.986787 -40.953081 38.192202 -39.633879 -34.423365
3 12.446413 21.968572 36.713503 -24.601043 3.792985 -24.704129 -25.616300
5 50.997966 -64.895088 80.989860 -62.990644 100.268938 -63.468275 -40.902755
5 1.020222 -11.303156 14.071025 -17.310754 44.368052 -17.906069 -12.939320
1 93.516639 -26.065343 42.974666 -30.250873 -24.438561 -30.832445 -24.904081
5 -1.788665 -8.857082 18.080933 -10.442430 20.143775 -10.649274 -6.487256
1 26.370198 -0.904068 5.219601 -5.000620 -20.063931 -4.726256 -0.894924
1 27.488339 -12.100847 23.794313 -22.164712 19.176700 -22.500829 -13.692964
5 266.973854 -39.808036 204.429485 -261.234518 282.013135 -254.000440 -198.373466
3 16.337217 -4.709486 86.638035 -52.826842 13.128503 -53.293884 -5.273545
5 -29.449267 1.873551 19.350868 -22.609663 58.131757 -22.759666 -4.537582
2 -7.680190 15.024635 -5.804230 -5.166269 11.455240 -5.203386 -2.625801
3 -7.306151 19.666857 57.008624 -34.001269 23.323415 -34.946721 -23.744757
3 135.227247 -93.844154 244.310957 -206.096936 210.327168 -209.953494 -79.970782
5 -10.322419 -13.029919 0.528648 -12.781763 60.206779 -12.632337 -11.968990
5 4.079157 -53.506200 35.932056 -31.637162 100.991136 -29.475843 -26.383143
1 11.007087 -6.079391 3.752685 -3.277469 4.099766 -3.462425 -6.040251
3 14.227090 3.439258 88.066227 -47.946392 22.118612 -49.208112 -30.696684
5 26.578124 -11.871839 2.237494 -16.119135 29.069008 -16.993093 -12.900557
5 11.984851 -16.820224 -16.161564 -33.847306 102.430813 -34.845203 -12.741369
5 30.037737 -12.352445 10.348089 -23.638400 34.963566 -24.773182 -14.585364
5 41.844196 -14.148499 34.128599 -48.266542 58.081197 -48.685250 -22.953699
3 -10.580923 -21.737223 129.920305 -47.365392 21.523329 -48.628386 -23.131711
1 86.962654 15.349762 -1.053522 -40.940604 -27.816745 -40.057726 7.556184
3 10.888015 -12.484497 25.555967 -13.332331 12.757763 -12.969517 -10.415400
1 174.875478 -15.834352 74.229664 -57.955852 -80.460756 -57.465719 -37.388455
1 104.866031 -31.181822 60.639977 -74.623088 74.841703 -73.485643 -61.057155
5 24.169486 -15.918871 32.637338 -28.461682 35.297561 -28.171656 -19.552175
5 7.919220 0.457857 -14.560491 -8.283303 32.217697 -8.130467 -9.620513
1 128.773171 -21.566006 53.252845 -60.154168 7.136017 -58.244236 -49.197622
5 46.372002 1.667612 34.142270 -58.484585 57.672007 -58.818847 -22.550458
3 -6.538392 41.753404 123.010540 -107.923515 88.357574 -105.106641 -33.552969
5 39.650043 35.913290 22.362703 -63.952290 68.218046 -62.959905 -39.231885
5 27.499539 -16.987737 -17.891228 -11.988100 46.989977 -10.993595 -16.628855
3 -31.998188 23.916694 28.037709 -20.221630 26.471528 -20.015448 -6.190666
3 24.541480 -30.466454 246.645428 -123.512739 55.342304 -119.892171 -52.657849
5 14.516725 -5.709137 5.000536 -19.522224 38.433445 -19.857248 -12.862096
1 124.637827 -56.098137 68.161789 -82.291675 90.209672 -78.151130 -66.468341
5 -0.222443 -38.821442 41.119623 -34.146799 79.796434 -34.197278 -13.528095
3 -8.861344 1.856541 22.122313 -8.236498 2.103906 -7.756513 -1.228407
5 6.026588 -13.022893 0.933979 -8.969045 33.058644 -9.147830 -8.879442
5 47.948661 -33.336659 40.643061 -43.233623 66.129357 -41.508049 -36.642744
3 272.286190 -59.926594 289.462817 -221.261562 177.081527 -218.199736 -239.442629
5 0.372080 -23.613582 35.338237 -27.765649 49.954843 -27.414450 -6.871478
3 24.284839 1.774205 65.390743 -31.493556 -3.474443 -30.868020 -25.613767
3 5.531177 -39.153523 81.281661 -40.819429 56.224795 -41.782175 -21.282506
3 35.576810 -32.605705 87.175704 -63.422206 82.805604 -63.117615 -46.412588
5 8.811821 -4.071466 0.561489 -7.013195 12.990895 -6.506252 -4.773291
3 -22.191955 11.376148 27.189629 -16.379979 14.484572 -15.772127 1.293712
5 -11.192888 1.044124 28.950915 -42.111296 68.104336 -40.933401 -3.861791
5 45.893796 -34.570756 -1.948453 -42.410698 111.556908 -40.494191 -38.026604
3 30.874284 -19.867836 66.544238 -31.997480 11.573464 -31.711399 -25.415270
2 -9.985212 40.824487 38.804367 -37.681837 30.439345 -37.004426 -25.396723
1 146.189628 -34.932985 87.159956 -108.025691 99.939052 -106.263409 -84.066547
1 135.876913 -29.811313 31.186268 -81.550274 50.449774 -81.373822 -24.777543
5 2.375983 -11.500591 28.782618 -19.608907 38.936818 -19.508249 -19.477672
3 6.773786 -11.494737 59.175404 -15.027736 -17.869872 -14.391134 -7.165711
3 4.444170 -25.641698 80.606837 -38.315734 28.523760 -36.153294 -13.464043
3 58.997173 -20.837775 99.404935 -70.882603 46.655666 -71.449441 -41.887954
3 138.633918 -2.070145 142.644543 -135.296090 92.106319 -135.583849 -100.434694
1 271.531507 -12.293079 96.115349 -212.900471 210.834301 -211.821007 -141.466595
5 38.474371 -24.135665 24.051748 -90.862054 204.371697 -88.538180 -63.361915
5 -7.135350 1.384110 -15.128309 -7.821397 47.479382 -7.264618 -11.513819
5 8.388870 -14.506253 8.383855 -9.364998 17.699588 -9.795241 -0.805820
3 14.035505 -3.963604 24.256644 -6.669229 -11.881568 -6.640166 -9.137581
