5 30.453276 -8.083366 3.100725 -18.076021 38.200886 -16.451554 -13.283856 -15.860092
5 26.706845 -3.599712 36.412776 -47.795587 48.684672 -47.925390 -26.317390 13.833777
3 59.912342 10.642409 142.857862 -81.979229 74.029830 -81.508822 -59.683796 -64.270601
1 10.823547 -1.252363 6.720263 -2.599810 -6.086561 -2.268845 -2.233585 -3.102646
1 36.858557 -3.176566 3.791256 -12.187156 -14.566572 -11.903732 -5.443969 6.628178
1 270.441965 211.755117 66.172817 -169.275313 92.113310 -167.840615 -122.703410 -180.663894
5 0.324010 -4.090412 12.653574 -12.094614 24.770664 -12.094622 -6.396049 -3.072552
3 2.607498 2.301338 18.580034 -6.939729 8.955847 -6.836671 -8.225781 -10.442538
3 -4.394213 -2.740211 31.988171 -4.969542 -5.703536 -5.696036 -6.839100 -1.645535
5 20.958217 36.814567 30.172540 -42.149457 82.920522 -41.907106 -35.322030 -51.487258
5 6.258093 -4.819035 -4.725438 -6.113546 23.626561 -5.817847 -2.182812 -6.225975
1 26.502901 20.574124 21.805233 -23.400516 6.060953 -24.245201 -21.425954 -5.871544
1 22.601754 7.640371 19.100050 -14.555542 -0.514646 -13.420921 -9.500375 -11.350694
5 -0.626421 -6.322722 28.157596 -19.675260 44.845565 -18.221035 -6.556934 -21.600793
3 0.133717 -1.287177 43.674510 -14.619871 -0.243516 -13.506755 -6.256725 -7.894184
3 42.015841 -21.351451 50.089778 -33.726749 13.965654 -32.998182 12.483290 -30.478182
3 -16.932825 20.225182 33.791985 -21.494455 20.919108 -20.805965 -14.174717 -1.528316
1 52.732230 41.590592 46.153717 -53.820815 46.009545 -52.275466 -29.860110 -50.529697
3 -15.335601 -13.347604 47.510885 -12.893595 5.323571 -13.552013 -13.185291 15.479647
3 24.636914 10.359037 49.200029 -30.062625 27.794197 -28.465538 -18.229429 -35.232590
3 -12.091272 149.783624 208.948652 -119.083617 142.279624 -118.402545 -103.472841 -147.961632
5 45.992766 -33.913388 -3.128252 -31.352070 81.412602 -29.888177 -9.847235 -19.276254
2 85.393878 111.724560 85.580067 -75.545834 -10.147427 -78.766079 -77.233707 -41.005479
2 -4.914237 53.630866 6.140565 -12.179094 -18.261436 -12.668387 -10.822333 -0.925948
3 -11.177717 -0.184796 36.248397 -6.807959 -15.821025 -7.583722 -7.159756 12.486578
5 13.473717 -26.697227 21.667491 -18.728250 39.487510 -19.076762 -15.003929 4.877448
5 52.628591 1.876250 58.014604 -59.491303 98.477741 -57.236760 -36.087496 -58.181629
1 78.113849 4.685275 20.298354 -37.281911 35.728531 -36.883521 -28.538350 -36.122231
3 25.857057 26.349465 30.391723 -24.050430 -6.691260 -24.905942 -24.669891 -2.280730
1 11.129451 -14.094041 -7.695399 -2.074043 6.555493 -2.277910 2.322330 6.134118
3 -8.471210 9.186255 105.619090 -51.120380 87.113174 -52.968501 -48.904661 -40.453772
5 -0.937224 -3.758042 -3.148671 -1.432392 11.554203 -1.028660 -0.949438 -0.299776
1 71.549956 13.612653 61.334509 -48.078151 38.948430 -46.036066 -44.158589 -47.172746
5 39.568702 84.220401 87.098135 -94.978665 93.012434 -91.614872 -50.873917 -66.432232
3 -19.724653 -12.778501 43.566663 -21.013652 34.778581 -19.661594 -10.513919 5.347072
2 10.752611 24.461142 15.906373 -12.366692 -3.989325 -11.222452 -6.300147 -17.241510
5 7.059546 -15.594965 11.853562 -16.014604 38.671761 -15.831681 -14.441603 4.297981
5 1.287459 2.453334 4.410125 -4.359820 10.984819 -4.420747 -5.830453 -4.524717
5 -6.693541 -4.102769 -3.049886 -7.996299 38.341521 -7.434708 0.569684 -9.634002
1 22.446683 -4.579250 -7.025703 -2.543995 -3.795199 -2.616647 -4.564315 2.678426
3 13.157147 -15.696447 22.008831 -8.975955 10.051246 -8.427986 -2.703086 -9.413750
1 22.228837 17.336370 6.154294 -20.390210 -7.277101 -20.125068 4.991728 -2.918853
5 13.572355 -21.017066 4.404225 -11.244242 17.416960 -11.130044 -3.100067 11.097876
5 105.311720 27.432266 64.204211 -107.422111 172.297225 -105.653455 -70.381020 -85.788846
2 -2.339753 32.741473 5.667921 -10.058153 -11.508801 -10.217180 -4.798514 0.513005
2 -51.689246 51.429055 42.112772 -24.742864 -20.049460 -25.187214 2.088836 26.038119
3 27.831212 0.854454 83.174907 -39.704096 60.602178 -38.861018 -33.597096 -60.300541
1 134.342233 -13.019316 66.289022 -78.891515 75.733865 -76.844368 -48.533578 -59.076351
5 56.568330 50.077399 59.375876 -81.428265 124.486588 -82.705537 -81.667428 -44.706972
1 80.392100 14.584899 55.148854 -51.188001 39.842800 -49.870979 -52.775162 -36.134521
5 17.753498 -25.686272 -7.152416 -11.637503 50.005224 -11.478537 -9.966134 -1.837863
3 33.548613 33.043140 258.983615 -109.659361 36.232540 -106.350582 -76.977871 -68.820102
5 15.447155 -11.993050 2.634435 -6.507519 27.598127 -6.319610 -8.788913 -12.070625
3 51.304715 -7.158645 53.429606 -34.372139 40.214662 -33.081767 -28.612522 -41.723912
5 21.851735 -3.629905 65.369744 -41.057039 72.351258 -38.683575 -21.392164 -54.810053
2 9.584010 15.472270 4.580244 -17.254897 14.057686 -15.741201 -7.388583 -3.309534
1 92.571106 10.846513 68.185983 -57.031590 47.284473 -54.214553 -38.644491 -68.997446
5 12.745566 14.288480 -15.444840 -10.082655 32.798180 -9.696702 -11.033708 -13.574321
2 -7.125178 45.741268 31.218914 -22.663023 4.567646 -23.159808 -15.460918 -13.118904
3 12.437974 46.307478 56.582047 -39.814641 54.137672 -38.440849 -33.258576 -57.951107
5 102.527895 -23.566523 63.424922 -73.997232 112.817081 -69.022713 -20.216958 -91.966476
3 -3.668573 17.867180 24.187295 -13.430791 3.091178 -12.823734 -9.790082 -5.432474
5 20.462220 -20.161766 0.553693 -15.621697 59.776206 -14.712714 -11.137978 -19.157963
2 -22.416841 25.466097 0.177768 -11.501029 15.466261 -11.676989 -2.688465 7.173196
1 212.984274 131.862768 156.302326 -144.352712 -13.402705 -141.970616 -100.855683 -100.567671
5 -11.918163 15.186308 -7.591645 -7.055216 15.213195 -7.060034 -2.285273 5.510826
3 22.410747 -18.276116 36.466141 -16.843670 28.022991 -15.210760 -9.776073 -26.793262
8 1.901953 -1.836590 -6.720336 -0.929321 -2.838917 -1.166613 -1.782097 13.371922
3 43.733925 19.182612 124.042245 -74.991304 71.774848 -74.605749 -51.362199 -57.774383
3 9.463197 0.437234 17.845808 -4.819899 -4.535518 -4.507600 -4.582792 -9.300429
3 -3.284177 26.271808 98.478485 -42.794573 43.371229 -42.683087 -34.629268 -44.730421
5 -10.433158 -10.779270 35.742271 -14.162818 39.519002 -14.157484 -9.055611 -16.672931
3 4.178758 -11.626906 16.300426 -2.392506 -3.549336 -2.700154 -4.991578 4.781295
2 61.620344 67.864062 2.979683 -29.140595 -9.254799 -29.511577 -21.629115 -42.928011
3 8.916296 -8.862515 28.030903 -10.592646 6.783611 -9.845578 -5.584701 -8.845369
3 3.942774 -21.263402 24.028035 -9.797705 15.704113 -9.793809 -5.835446 3.015439
3 14.495530 -0.011584 25.997012 -17.240564 21.640022 -16.671341 -12.765273 -15.443805
3 1.294570 16.185675 73.645304 -19.799572 -11.683585 -20.236894 -21.689960 -17.715544
1 46.187374 -10.309637 8.377419 -15.155308 16.820776 -13.756965 -7.568126 -24.595533
5 13.932691 68.984267 53.943785 -59.430017 72.772934 -57.873639 -30.656781 -61.673244
3 19.634009 1.243144 20.005940 -18.312824 13.702343 -17.376917 -7.940782 -10.954913
5 27.066394 -18.575314 -2.439709 -9.263239 31.002632 -8.311350 -7.700805 -11.778611
3 5.355228 5.583498 17.907377 -13.661324 8.272712 -12.721131 -5.216367 -5.519994
1 29.893028 28.258976 -7.234042 -11.982029 9.499866 -12.357469 -14.621084 -21.457249
5 -4.383264 12.800605 -8.829647 -6.148559 29.154482 -5.858574 -7.635674 -9.099369
3 64.121475 -0.459996 91.818988 -55.801414 26.763188 -53.652725 -38.180827 -34.608694
3 28.063333 15.666755 43.913500 -18.359512 -8.782906 -18.574538 -18.490139 -23.436496
1 77.832079 68.047554 73.630678 -52.558055 -15.627795 -52.436212 -40.761527 -58.126727
5 43.561748 -7.037807 43.183761 -45.487320 65.353478 -42.115371 -26.898758 -30.559737
1 74.381202 5.470002 -3.072479 -28.455984 40.179415 -28.347531 -26.528591 -33.626038
5 -11.978019 3.142386 25.759614 -17.050241 49.592168 -17.180507 -18.725130 -13.560273
1 11.015051 -11.070559 4.764459 -3.760938 10.285126 -3.628572 -2.909444 -4.695122
5 -4.501922 -24.141071 10.007552 -6.683755 26.704308 -7.355675 -7.210822 13.181381
1 38.665816 7.986585 38.253245 -25.900050 -6.237791 -25.018384 -14.970175 -12.779247
1 105.054979 1.126195 82.162179 -42.207799 -13.115981 -41.196307 -30.681296 -61.141973
5 40.704075 -1.540184 -10.015164 -21.062166 54.831160 -20.962641 -23.151956 -18.803130
5 -0.893951 -9.569286 29.262781 -16.692743 45.026663 -15.637237 -7.854125 -23.642102
1 103.851594 23.080333 -0.448428 -40.440918 36.741656 -39.535528 -33.131391 -50.117318
5 12.357009 2.724926 -5.790827 -7.535610 26.131846 -7.629251 -7.572935 -12.685159
3 7.630424 14.704492 36.101356 -21.496234 32.107333 -21.152144 -14.688240 -33.206987
1 24.267922 4.303395 11.668001 -20.067454 21.103807 -20.439930 -13.753374 -7.082370
1 55.109326 -6.412553 35.675766 -33.450285 38.322873 -31.464087 -18.461353 -39.319687
1 541.549949 92.250730 129.282690 -221.525844 60.352967 -219.652933 -142.539433 -239.718150
2 66.917102 69.491885 -6.017793 -32.081780 8.326494 -31.555225 -26.945683 -48.135003
3 6.748545 6.471103 21.791363 -10.170259 2.169455 -10.106230 -7.469269 -9.434708
3 3.426985 8.437940 14.809388 -7.252867 -2.916305 -7.493669 -8.120740 -0.890733
5 -4.868485 -6.831923 9.823030 -4.019543 11.631048 -3.944771 -4.618764 2.829409
1 78.139642 -49.080377 72.369801 -33.291714 38.261063 -31.563274 -27.899092 -46.936048
3 22.211564 -20.693220 26.006587 -9.755897 1.888014 -9.810183 -7.210488 -2.636380
2 131.887742 300.743477 240.306745 -202.920058 154.408271 -204.998791 -174.872362 -244.555059
3 272.601696 28.747664 278.552838 -181.429693 -24.879974 -180.825778 -56.512341 -136.254417
5 -5.012843 3.699149 11.677360 -11.848461 28.560273 -11.519173 -12.185295 -3.371010
5 7.317012 -17.332911 -12.463009 -8.792894 31.359241 -8.295222 -3.638094 11.845875
5 16.721432 -7.320521 24.963981 -17.474014 32.059780 -17.529752 -10.688273 -20.732636
3 17.437265 -14.091490 49.875844 -31.727582 30.213278 -31.515669 -25.922807 5.731159
1 37.379630 -1.069413 -9.867237 -12.850770 18.868476 -12.577656 -9.158586 -10.724445
5 7.747953 29.329744 -4.520166 -20.598876 45.169127 -20.817709 -16.170019 -20.140058
3 22.718128 -4.142634 30.900051 -17.102287 27.358377 -16.178802 -15.564448 -27.988385
5 -26.262249 -0.644858 45.757871 -39.314828 101.806679 -38.722300 -21.867966 -20.752350
5 32.387657 -23.434730 1.266230 -19.643133 57.453768 -19.833053 -19.048809 -9.147932
5 14.524576 -0.787028 30.710367 -33.686344 42.456499 -32.042342 -24.956647 3.780914
3 28.435858 -22.905733 37.862812 -12.833763 10.799352 -11.630831 -11.180223 -18.547471
1 61.940517 -8.014091 10.079726 -39.823525 46.287765 -40.378435 -30.947830 0.855869
1 39.292404 -0.622074 -7.642040 -18.624835 10.856554 -18.983629 -11.520420 7.244036
3 40.672130 28.158420 116.418448 -74.038602 115.996994 -73.617298 -53.432759 -100.157343
3 -13.142730 -3.201225 19.060224 -8.862651 18.748148 -8.547597 -9.661650 5.607479
5 -8.378594 2.749066 9.465750 -9.906148 29.700479 -9.174773 0.303177 -14.758956
3 -5.799722 -14.369438 51.332821 -17.919983 11.692001 -18.145103 -1.881659 -4.908918
5 21.222965 -5.776628 -4.080550 -19.947421 30.832385 -20.057999 -18.538629 16.345874
3 30.370280 75.184812 221.484774 -120.842171 111.805217 -118.393889 -65.975586 -133.633458
3 7.277502 -4.354944 35.701334 -9.846905 5.154500 -9.246728 -5.348565 -19.336193
1 60.618205 5.058479 47.088411 -39.456759 37.000985 -36.927787 -32.236056 -41.145484
2 7.055971 18.782125 2.818901 -11.211963 -12.015590 -11.568337 -7.728027 13.866918
3 32.295565 23.498677 86.042129 -41.298427 -6.449545 -41.079996 -32.253369 -20.755041
1 82.987575 -44.786735 65.259044 -44.693682 16.369520 -42.140348 -0.047095 -32.948281
2 10.642780 27.508279 -17.698754 -7.222505 -6.974946 -6.981239 -2.912390 3.638772
3 28.646866 -33.412735 39.689508 -14.048700 29.235169 -13.626878 -15.518170 -20.965060
5 23.253626 -0.213262 8.485377 -14.557655 34.883009 -14.237666 -14.556358 -23.057069
5 7.895550 -10.943456 -3.296191 -8.963657 44.542612 -8.316042 -10.236117 -10.682700
3 -2.245262 -7.580119 32.323041 -3.463905 -7.472145 -3.565682 -3.786153 -4.209777
1 43.709277 -15.530028 6.637433 -28.080516 20.405640 -26.663388 -20.327644 19.849222
3 46.782850 101.066377 337.470173 -182.757399 40.239897 -171.658739 -57.809488 -113.333694
2 37.590896 62.878549 39.419447 -42.272190 34.619014 -40.498056 -29.776890 -61.960774
3 43.093890 10.171404 190.155889 -82.283183 68.718170 -79.450052 -62.075623 -88.330500
3 -35.301673 -19.721824 47.178005 -16.777040 32.668171 -17.039245 -13.252768 22.246371
1 149.969329 19.544805 69.832641 -101.270954 133.306981 -94.414070 -71.879130 -105.089617
3 1.574831 6.923939 20.559560 -9.070413 -8.858564 -8.476482 -2.674978 0.022105
1 15.453792 -10.833133 -11.729445 -2.429297 5.181833 -2.707670 -4.301118 11.365035
2 -0.687970 43.840365 41.498111 -22.935138 10.191361 -23.294277 -22.381345 -26.231111
3 -3.553826 -6.211423 15.976707 -4.980939 8.187426 -4.851881 -4.612468 0.046403
3 50.152203 -10.860545 72.942564 -33.464879 10.985034 -33.236963 -22.687102 -33.830314
2 48.544323 78.899541 11.822351 -37.091018 21.228149 -38.333819 -44.740956 -40.328578
1 127.898311 25.627981 31.516007 -43.872485 -4.786009 -44.801770 -44.613285 -46.968760
3 1.910123 12.612425 18.670010 -11.120264 1.680127 -10.678018 -10.096806 -2.977600
3 150.204528 127.012613 395.096146 -209.635181 188.347069 -211.913957 -188.215394 -250.895847
1 56.939146 -23.745630 44.565283 -36.249551 45.218250 -34.223195 -19.674321 -32.829986
1 38.547828 10.401897 13.629600 -23.699886 23.126652 -23.022702 -17.083606 -21.899786
3 3.445385 -5.239790 122.564872 -43.238141 12.844981 -41.474176 -16.896413 -32.006720
3 -1.248751 -4.272684 19.306539 -3.139659 -1.760126 -3.136133 -2.233750 -3.515437
5 0.849726 -30.029413 5.584772 -19.337197 85.232582 -18.998294 -2.210608 -21.091567
5 7.090931 -15.928208 6.890766 -7.567217 29.350370 -6.725515 -7.006897 -6.104230
5 -0.874915 -18.218462 -17.940361 -20.010399 104.224761 -18.781884 -7.250948 -21.147790
3 14.928400 33.707121 74.953949 -36.461555 21.326260 -36.931475 -26.176445 -45.346258
3 8.787495 18.590307 37.142790 -16.187855 -16.609172 -14.990926 -8.976190 -7.756452
3 75.514087 -38.325127 140.539173 -57.473451 11.808676 -57.804101 -46.749460 -27.509805
8 -0.625858 -1.907803 -8.829195 -0.929321 1.868964 -1.166613 -1.782097 13.371922
1 100.073338 82.335052 -25.540250 -31.356343 -48.864011 -32.833447 -22.498035 -21.316315
1 21.813563 3.330904 -5.001091 -5.741065 -18.941862 -5.780084 3.271317 7.048316
5 36.989836 37.660934 44.565279 -46.898432 70.991074 -44.989343 -33.268943 -65.050410
2 17.135513 60.473533 31.608504 -34.962407 -3.339759 -34.431086 -26.847942 -9.636362
2 38.511283 96.369097 10.852719 -25.155123 -32.718360 -25.252595 -18.628944 -43.978086
5 107.977266 62.182858 -0.894584 -92.841367 147.665913 -90.879579 -59.097562 -74.112949
1 12.663833 -2.834269 0.232424 -3.667062 6.188201 -3.755519 -4.668240 -4.159370
5 73.145870 56.749809 23.381776 -90.118490 139.977361 -92.946757 -79.944410 -30.245173
5 -9.146256 -2.857632 -2.557656 -2.373888 22.923956 -1.857895 -2.972183 -1.158446
2 1.833481 26.081311 -6.732970 -7.141600 -13.569886 -6.503308 0.147820 5.885150
5 2.372618 -3.981361 29.581671 -21.482019 37.847203 -20.719811 -7.686809 -15.931491
3 -2.833865 2.160908 28.005144 -12.541826 21.211981 -11.882124 -11.604678 -12.515541
5 149.710780 -124.031255 -58.062677 -51.273738 151.318529 -51.457779 -30.959511 14.755642
3 70.630412 -42.297858 99.921032 -45.386537 54.806254 -43.982207 -23.447254 -70.243845
5 73.331680 31.960453 40.994574 -60.628336 78.580661 -58.616668 -35.356789 -70.265579
3 55.857056 0.420018 134.358907 -50.189965 16.075181 -48.559938 -34.692448 -73.268810
1 325.896126 22.432936 90.617512 -169.199758 228.129115 -167.378817 -139.856471 -190.640663
1 51.998521 25.422777 48.122353 -42.526291 19.561934 -40.530430 -27.579169 -34.469699
3 87.465555 53.551554 127.439853 -80.202559 24.379719 -78.903758 -47.915149 -85.815221
1 21.748864 -1.033887 -2.261428 -10.731542 6.638760 -10.430333 -6.738686 2.808249
3 141.283832 -30.306698 257.765478 -108.058104 37.491879 -105.617463 -73.791816 -118.767115
3 -27.309635 39.273076 40.472622 -17.918438 -3.443805 -18.311196 -14.158113 1.395486
3 220.036244 143.036954 486.123642 -258.327841 4.586756 -258.859441 -131.955513 -204.640833
5 7.309965 -6.817202 -0.118149 -3.749980 19.789720 -3.771732 -5.742164 -6.900459
1 34.118378 5.735463 30.919639 -22.141572 15.923359 -21.225171 -16.776601 -26.553497
5 10.284047 6.359762 0.077491 -9.439946 20.373385 -9.298945 -7.118186 -11.237607
3 0.338070 -0.654908 18.569233 -6.734317 8.332707 -5.864405 -2.880524 -11.105857
5 12.736163 -1.053419 -1.656808 -12.595591 41.302148 -12.328391 -7.009093 -19.395009
5 51.714504 55.332923 25.801038 -43.908781 62.594253 -42.981884 -43.208165 -65.343894
5 -4.873323 -12.814876 -5.125557 -6.331982 23.391354 -6.363239 -1.102353 13.219975
5 47.077634 -15.108223 18.864717 -24.637292 49.025766 -24.640262 -19.252268 -31.330071
5 -0.439382 4.662443 4.460100 -4.110546 13.592381 -4.364448 -5.690951 -8.109597
3 41.437423 -0.720188 90.263999 -58.677724 65.120391 -57.369163 -25.758876 -54.295864
1 42.985194 -13.500424 12.568626 -16.815737 25.041840 -15.127839 -15.260778 -19.890885
5 23.168461 -13.607443 7.725434 -9.160415 23.172928 -8.878223 -8.346695 -14.074046
3 -1.092623 -11.389783 28.654188 -7.006407 18.068661 -6.733479 -8.033521 -12.467036
3 -4.715044 8.797422 16.687203 -8.429829 -3.031588 -7.933919 -2.080226 0.705981
1 27.783025 -2.002736 8.222584 -17.239373 14.568503 -15.901823 -12.022148 -3.408033
3 -0.816134 28.159209 179.357087 -51.465021 -45.655196 -51.426393 3.720073 -61.873629
3 105.685058 68.895906 115.852977 -82.191353 73.944920 -81.022004 -65.738622 -135.426885
5 -3.282275 -5.846332 3.939847 -9.309030 25.500148 -8.894753 -4.499439 2.391834
5 54.492038 1.164509 40.694414 -51.562839 113.321803 -50.149052 -36.833567 -71.127309
3 10.743243 -5.561166 45.329870 -15.905406 17.395284 -15.762621 -13.721109 -22.518095
2 1.181089 17.942069 -1.572653 -5.661795 6.175385 -5.740464 -5.711946 -6.611686
1 75.036425 36.836015 59.584097 -63.293559 67.347117 -63.251963 -60.615357 -51.642787
1 69.836385 39.902427 51.233321 -41.348990 9.858171 -39.835533 -37.206840 -52.438948
1 39.632290 -0.221626 27.780451 -20.972767 12.279435 -19.972550 -15.701860 -22.823374
3 -1.598816 11.723181 41.054143 -13.868516 -21.104887 -13.767707 -6.831411 4.394013
3 15.041625 -1.854755 15.620955 -8.540748 2.101736 -7.386814 -2.152059 -12.829941
5 17.624169 28.913759 32.314798 -25.556884 39.113099 -25.747105 -24.456357 -42.205481
5 6.431485 -3.909227 9.351881 -9.391236 16.612082 -9.479019 -2.112256 -7.503712
5 -10.574549 11.331122 -16.915266 -8.413490 37.503669 -8.730969 -6.413065 2.212547
2 14.219077 37.621025 -15.664183 -13.488583 26.619433 -12.786101 -11.028800 -25.491870
3 14.650293 15.078685 225.113732 -68.245506 -27.945225 -67.565593 -42.482699 -48.603700
1 91.866628 15.534771 -1.366864 -45.274830 79.503303 -44.341283 -35.594324 -60.327403
3 7.436018 5.960908 71.291833 -26.542322 13.133780 -26.045922 -21.568953 -23.665343
3 221.615263 214.185308 224.407825 -156.266473 -11.804243 -155.957755 -135.668729 -200.511223
3 6.470435 9.101393 55.200343 -17.862817 -18.595827 -19.043657 -20.042791 4.772915
3 49.947087 1.233847 173.830622 -68.386711 74.989582 -66.525733 -68.149625 -96.939073
1 121.125023 52.943981 113.736374 -70.472600 28.123412 -68.543357 -61.464356 -115.448484
2 -2.006603 7.035802 -1.750070 -0.839971 0.172257 -0.776689 -1.108501 -0.726225
3 89.188234 -3.942759 92.137801 -61.394636 49.187010 -59.777066 -45.129709 -60.268877
1 54.062288 -16.131031 22.966867 -12.890945 -9.068147 -11.624981 -12.039940 -15.274110
5 29.410698 53.049846 76.877774 -60.537938 79.818421 -61.393540 -54.245028 -62.980243
1 164.030601 89.334179 105.918832 -110.842111 39.672032 -110.161192 -91.604840 -86.347515
3 21.431764 -2.735646 64.760091 -30.876082 38.324241 -28.121286 -23.511164 -39.271923
5 17.307269 2.330855 7.165597 -12.654852 26.072323 -11.820853 -13.150021 -15.250318
3 -2.592182 -1.090341 13.974764 -1.470557 -5.905494 -1.158639 -0.226697 -1.530853
1 141.076095 37.836262 93.996024 -101.397542 129.661731 -99.371526 -72.550471 -129.250582
3 -15.970766 -3.355174 13.870800 -2.768002 10.633451 -2.734442 2.881710 -2.557577
1 205.298013 -63.786198 46.925640 -120.312748 99.398831 -116.425031 -34.845333 -16.253189
3 -15.906702 20.720056 222.798846 -76.875985 77.889280 -73.688774 -55.707572 -99.229154
5 1.730766 -12.843627 -16.228699 -7.513297 33.947658 -7.470434 -3.073331 11.450964
3 -15.002880 12.183189 74.314835 -24.770999 24.140014 -24.599622 -24.294461 -21.970078
3 1.345278 -4.493758 19.895784 -4.559593 -3.801533 -4.914617 -6.149486 2.677925
8 0.541196 -0.369787 -6.826383 -0.929321 -2.838917 -1.166613 -1.782097 13.371922
5 -3.397573 0.847186 11.476278 -10.542218 20.759738 -9.814354 -6.432141 -2.896918
5 23.352107 -10.993693 3.065205 -15.723780 25.530344 -14.719147 -11.062029 0.550990
1 71.765631 6.397644 40.152342 -41.825522 19.634756 -39.938049 -24.631233 -31.555575
3 2.129755 30.053046 69.653586 -24.349532 5.892186 -24.703848 -22.813455 -35.861741
3 6.427964 -1.641183 18.194009 -4.565217 -4.094416 -4.111659 -1.726279 -8.483219
5 25.484169 -32.584331 31.222727 -24.153904 64.031144 -23.114072 -21.715758 -19.169975
5 71.322233 19.121081 3.055150 -62.659459 179.846500 -61.638883 -52.650509 -96.396120
1 129.088503 63.310677 102.929023 -93.992084 68.080000 -92.938034 -76.063976 -100.414121
5 -21.737122 12.506593 19.668702 -9.218138 27.712389 -9.087861 -5.555625 -14.288938
3 293.769508 75.484772 354.449254 -180.780894 -50.622112 -178.986879 -143.994453 -169.319213
5 58.823335 1.759801 65.787515 -60.735065 117.124687 -57.326757 -49.449855 -75.983662
5 -3.872133 3.872690 13.694679 -17.217942 59.890304 -17.500504 -12.414908 -26.452187
5 -14.555406 6.620890 -0.471947 -5.162056 8.653736 -5.398063 1.928017 8.384829
1 14.377076 5.886900 -17.979149 -2.031694 -7.272982 -2.336646 -1.581212 10.937705
3 -3.264948 -7.628821 19.453901 -3.527189 -0.766222 -3.495024 -4.190814 3.419116
5 -0.101059 -20.560745 -16.239211 -11.025638 75.704681 -10.157340 -6.828771 -10.791916
3 146.812459 142.871605 159.970904 -138.606964 71.608071 -138.389261 -94.803164 -149.463668
5 6.062472 -3.175431 -6.082826 -9.944982 38.833336 -9.681827 -4.348223 -11.662520
1 125.362241 -38.844221 82.136012 -65.968845 73.845326 -63.049008 -47.500521 -65.980987
5 -5.853792 6.230660 3.496603 -8.811121 18.593115 -9.038403 -5.912620 1.295556
3 -34.123708 62.395480 223.510593 -106.885690 57.273719 -106.175107 -51.404157 -44.591142
3 1.188371 -1.126706 14.407755 -6.569290 11.532321 -6.065635 -2.343717 -11.023100
2 -5.702563 12.543644 1.433539 -3.864612 -9.423001 -3.822260 -0.353947 9.189201
1 15.974933 -1.798003 -0.582255 -9.119016 5.363170 -8.600144 -7.155609 5.916923
1 347.697186 139.842896 165.857860 -201.537102 110.088100 -200.871544 -147.125032 -213.952394
5 28.161158 33.429399 16.753618 -33.838032 45.945642 -33.903813 -24.954328 -31.593650
1 134.415405 96.128776 121.618528 -104.713634 71.698390 -106.232455 -90.998328 -121.916697
5 13.995845 -19.224991 -5.511564 -4.186235 24.445672 -4.146728 -6.812828 1.440828
5 19.648119 -14.258358 34.566335 -21.146936 49.235983 -20.066018 -15.550826 -32.428299
2 22.514797 49.467260 14.222900 -31.205619 44.879649 -31.430035 -24.216360 -44.232595
3 -18.448910 8.471296 75.831783 -13.676443 -7.672241 -13.434130 -10.105284 -20.966071
1 132.061875 89.951846 128.682943 -111.157067 69.559244 -109.218952 -72.367695 -127.512207
3 27.234240 -8.800228 79.792729 -50.594214 76.327923 -50.827705 -37.809927 -35.322821
3 13.251426 -12.119616 20.272995 -8.885785 9.148727 -8.353118 -6.896520 -6.418109
3 94.216050 -16.596501 133.631298 -70.339376 82.051973 -68.630439 -58.285093 -96.047919
5 -3.026190 3.919115 19.631111 -13.066009 26.929862 -12.349486 -9.971385 -12.067020
3 162.429010 17.530905 225.243254 -112.601170 71.503011 -109.195559 -94.634298 -160.275160
3 30.947000 1.668312 35.120690 -24.555002 12.588531 -24.824058 -24.576368 -6.369109
8 8.406891 14.673596 -14.151827 -8.604795 -19.634377 -9.299708 -3.610144 32.220362
3 58.610026 -10.837721 64.729122 -46.022824 26.090611 -45.688644 -30.968596 -15.911984
3 130.638183 88.065614 289.916936 -189.920350 247.886014 -189.434186 -161.720607 -215.431629
1 28.445154 8.854694 8.421012 -10.631868 3.741679 -10.077035 -7.881195 -20.872439
5 18.707681 -14.384650 -5.036386 -15.639623 59.971177 -14.993654 -10.687545 -17.936999
5 107.518091 59.364176 6.835139 -79.748280 185.746632 -78.605577 -78.468064 -122.642126
5 185.464600 50.124226 200.343836 -176.421824 296.922063 -172.777479 -150.665980 -232.989450
1 150.726923 33.551931 -35.998285 -56.494455 105.535279 -55.449569 -56.209883 -85.661948
2 -4.117250 20.157704 1.215604 -8.751025 10.253403 -8.266801 -6.865924 -3.625713
3 -8.674736 26.292960 53.981924 -29.205693 25.330730 -29.090533 -23.443720 -15.190937
3 85.164525 -5.884740 240.676851 -92.912079 28.626629 -88.777641 -60.793384 -106.100170
5 84.161658 54.808636 2.882770 -71.308521 112.295133 -71.441905 -54.882452 -56.515328
5 82.492978 -72.378208 23.025292 -34.681304 82.797594 -32.946957 -21.074088 -27.235312
2 54.401746 90.787592 -40.424334 -25.700727 -9.670771 -25.120110 -22.076774 -22.196624
2 -2.434127 3.643330 0.793471 0.000000 -2.002674 0.000000 0.000000 0.000000
1 112.483375 -1.376311 73.901270 -50.768972 23.764350 -50.368892 -39.293182 -68.341645
3 315.718935 82.648439 383.391842 -248.019154 205.646724 -245.097102 -208.111259 -286.178454
3 7.078353 6.548630 21.531500 -11.311279 -15.025649 -10.467203 3.864975 -2.219329
5 -1.728482 -6.120131 12.351949 -7.838889 19.451343 -6.856067 -4.063124 -5.196598
1 137.397358 71.248891 36.764387 -74.535710 51.942132 -74.625175 -57.751006 -90.440886
3 8.608119 1.834756 40.826503 -25.471145 4.316739 -25.090142 -15.828531 10.803699
2 15.531111 25.609715 -20.306183 -10.118518 8.133248 -10.662655 -12.968148 4.781425
8 1.901953 -1.836590 -6.720336 -0.929321 -2.838917 -1.166613 -1.782097 13.371922
7 11.002424 -11.731259 -7.649218 -8.424646 0.750828 -8.191327 16.278438 7.964759
3 38.094752 0.813079 68.084131 -32.362868 -16.179548 -32.284077 -8.673010 -17.492462
5 43.244697 -5.448823 57.971091 -45.695822 75.593740 -45.970076 -33.419731 -46.275081
5 32.523043 -13.379979 21.734232 -20.917932 49.736610 -19.608322 -17.793736 -32.293914
8 12.887186 15.294991 -5.957709 -17.791888 -5.848805 -18.334997 -8.837641 28.588857
5 0.592107 2.166704 1.291962 -4.359820 15.084963 -4.420747 -5.830453 -4.524717
1 50.375502 19.555674 -16.959604 -19.524074 -0.812689 -19.453568 -15.143411 1.962168
1 22.791242 -2.898028 -2.775768 -10.855828 0.345297 -10.619259 0.738908 3.273437
5 8.936564 3.681727 -13.741266 -10.705470 32.639794 -10.695667 -7.904491 -2.211192
2 2.183347 56.210310 -1.567931 -29.861822 19.740027 -28.469213 -16.668172 -1.566552
5 169.471447 -87.012273 162.205286 -128.423606 189.783414 -123.221089 -96.553723 -86.249468
2 64.853138 95.896022 -14.339909 -70.903130 89.551223 -71.859444 -45.396437 -47.801471
3 110.950851 14.476087 139.099875 -108.909842 92.078028 -107.761991 -58.458426 -81.474590
5 102.643812 -45.662458 62.084071 -72.380253 128.525193 -72.391895 -70.180329 -32.638148
1 27.019204 10.838678 -10.216000 -13.860848 20.816841 -13.536071 -10.435369 -10.626435
3 4.717200 -11.326192 18.658113 -6.621849 10.219860 -6.448043 -5.690396 -3.508693
1 17.581542 -20.515675 13.523147 -6.087125 3.073845 -6.735230 -6.375271 5.534765
1 32.513662 -11.393331 15.191382 -18.837883 11.076001 -18.465099 -13.715358 3.630622
1 315.426544 93.546794 216.627754 -184.428505 102.799668 -180.786419 -154.796743 -208.389113
3 12.730131 13.029537 18.445155 -17.288064 9.291558 -17.376968 -16.621020 -2.210334
3 76.951028 14.412200 101.725604 -62.567929 67.481439 -62.167315 -56.022196 -79.812834
3 126.542428 82.650470 296.635136 -128.402220 32.275123 -126.710804 -107.773980 -175.216165
3 57.873339 52.943737 214.232282 -112.472569 112.808443 -112.105210 -97.155773 -116.124262
3 34.743853 -12.793669 73.389585 -18.078760 -30.787426 -18.310404 -2.980601 -25.182582
3 67.310171 -17.155055 108.532700 -40.598592 -41.436061 -38.933993 -15.190285 -22.528885
5 44.706461 4.598209 38.620657 -31.881331 51.214132 -31.135025 -28.333469 -47.789635
3 -8.413342 50.927481 98.174819 -45.084028 32.230536 -44.850735 -32.906567 -50.078170
3 13.465492 0.744208 118.000210 -53.312576 63.561971 -51.934603 -48.643859 -41.880849
3 83.899568 117.220992 227.431377 -123.129477 -50.438058 -117.280412 -60.196293 -77.507707
3 8.724912 17.448098 21.027291 -10.212985 -4.950701 -10.185804 -8.992355 -12.858457
3 67.297302 27.207551 266.825518 -121.366002 128.260428 -115.991029 -87.364105 -164.869672
3 19.564499 5.846309 19.697249 -20.083291 -0.151442 -20.693947 -18.600391 14.421009
5 13.660413 -9.306841 37.166852 -33.180675 66.556751 -33.226627 -19.076089 -22.593785
8 16.414769 -21.689739 -0.776883 -20.134456 27.928909 -20.516852 -19.372054 38.146301
3 32.286478 -10.703152 118.829156 -57.145350 72.318602 -55.373173 -40.857036 -59.355530
3 20.280859 28.211830 135.635738 -74.837986 71.805737 -73.691099 -50.407092 -56.997994
1 49.271844 22.607421 -12.774024 -19.911090 28.649683 -20.174583 -14.199794 -33.469462
3 17.143606 41.237223 111.821992 -49.590530 39.713703 -47.081349 -42.485205 -70.759448
1 101.330292 88.388177 52.434533 -82.812948 90.763384 -80.843278 -69.856127 -99.404044
2 -5.486048 25.501485 -13.540597 -6.717355 20.148267 -5.811150 -5.144262 -8.950342
1 21.089922 18.482376 8.779803 -12.827668 8.851482 -12.730668 -12.084361 -19.560889
1 56.374358 -23.923079 37.320355 -23.172503 6.539958 -23.237921 -23.972732 -5.928439
5 -0.666001 16.582399 -5.998085 -22.893321 63.008320 -23.622937 -20.900286 -5.510092
5 42.108960 18.837488 -7.657121 -43.321856 75.706073 -42.300981 -31.711814 -11.660754
5 -8.366311 8.785345 -3.565476 -13.253688 47.440561 -13.061297 -16.018778 -1.960360
5 17.776132 -14.460965 4.613953 -11.602948 35.453384 -11.361230 -11.205231 -9.213095
5 34.518884 -24.273681 21.737773 -16.100148 34.820441 -15.208523 -11.808153 -23.686594
3 45.976729 36.179881 139.237555 -64.789785 47.003284 -64.626177 -56.678833 -82.302666
3 33.422807 21.258452 197.030784 -66.166365 12.679842 -64.212812 -45.106585 -88.906125
1 64.799317 27.295646 -21.444202 -23.240139 -4.372245 -22.792821 -23.901843 3.656283
3 215.312908 4.254026 688.787980 -346.057167 283.090734 -337.205492 -215.370762 -292.812262
3 -11.157764 34.244174 43.926969 -16.460823 -38.160410 -16.799631 -5.043313 9.450794
5 1.403656 -7.224460 34.235630 -45.477933 101.281223 -44.759304 -30.708141 -8.750673
3 23.602859 4.791702 90.334216 -36.815559 40.685131 -35.554202 -29.307194 -57.736956
5 -6.672682 11.331122 -15.128990 -7.471995 27.163381 -7.901734 -4.390321 3.071217
3 18.211936 -13.672164 78.400034 -24.602272 20.320594 -24.375063 -21.517490 -32.765576
3 -1.104163 0.034006 15.921790 -4.610216 2.551403 -4.294772 -3.451759 -5.046290
3 -3.040118 0.078731 27.770592 -5.912274 1.073771 -5.517019 -3.731794 -10.721888
1 42.524326 -0.850022 7.132304 -6.744119 -44.367945 -6.829621 -3.774780 12.909853
1 256.391490 71.247088 112.095715 -102.028853 -10.857675 -101.459353 -81.948317 -143.440107
1 58.166151 49.747194 -12.491285 -23.185007 7.203190 -22.353429 -20.538966 -36.547851
5 92.690257 9.436708 118.605186 -95.075933 134.687031 -93.603215 -85.121910 -81.618136
1 29.370347 12.495734 -4.257143 -5.660282 -6.988783 -5.562639 -4.546748 -14.850486
5 -3.821922 7.099656 -22.542445 -5.510189 24.496203 -5.528148 -7.339349 13.146191
2 -3.551046 39.758569 38.026045 -30.374663 37.190922 -30.043561 -22.208356 -28.797916
3 62.088539 89.238610 129.658306 -75.933305 41.334884 -75.692168 -67.966942 -102.727934
5 82.953082 27.868141 29.221321 -71.351560 117.348867 -70.409497 -56.644065 -58.986301
3 158.375049 -39.133405 233.067859 -144.157220 208.011894 -139.240581 -116.911529 -160.012081
5 -9.662554 35.618500 -16.869945 -14.682044 55.842529 -14.617202 -12.620880 -23.008408
1 85.707579 -32.507661 63.681650 -51.104184 74.960078 -49.622740 -34.049207 -57.065517
3 -11.837820 21.912813 36.543423 -12.312340 15.244944 -12.773370 -14.643144 -22.134507
5 59.212315 23.717435 25.009762 -53.776244 78.954752 -54.355080 -43.884634 -34.878313
1 191.565680 23.861567 60.443405 -95.745494 112.486646 -97.406905 -85.358164 -109.846749
3 15.308786 11.134855 99.348372 -59.687356 54.418161 -54.842605 -18.195409 -47.484806
3 40.050428 -33.256909 41.095263 -23.521440 38.761129 -23.445762 -24.505928 -15.176784
3 24.307636 5.830120 31.647923 -21.427955 21.768215 -21.359079 -18.571589 -22.195274
5 52.719089 189.338734 188.834343 -184.377248 280.906399 -184.675905 -150.535914 -192.209519
5 3.597327 -11.733536 16.116367 -9.208205 28.842274 -8.770867 -5.665017 -13.178341
3 19.264927 28.653883 84.208458 -44.546359 -13.473356 -41.898429 -6.529164 -25.679964
3 77.504909 71.500218 108.594505 -56.168913 -63.885954 -52.504678 -31.258157 -53.781939
1 23.288182 -4.273560 -8.772725 -4.883721 12.653851 -4.820145 -5.751161 -7.440722
8 -3.936801 7.817808 1.801411 -2.394055 -11.217546 -2.663621 -0.127250 10.720054
3 119.010397 58.694955 138.773139 -72.957218 -38.778179 -73.733112 -62.097280 -68.912713
3 20.267725 9.787760 32.881643 -17.415930 10.060717 -16.863660 -14.804257 -23.913999
5 37.028394 1.725000 9.275137 -59.925514 178.134341 -58.969787 -45.408149 -61.859425
5 179.159131 129.811081 332.158748 -250.839086 349.355586 -246.666093 -214.506787 -278.472607
5 -4.797495 1.273612 -15.386386 -16.096675 29.354968 -15.420425 29.042816 -7.970416
3 7.826125 -6.775025 41.747172 -9.978592 3.051670 -9.280969 -7.560579 -19.029801
3 33.098851 12.873483 40.609754 -22.413767 -16.223455 -22.198883 -9.490793 -16.255195
3 373.562210 265.744542 396.767139 -307.268480 236.522623 -304.570082 -271.769412 -388.988576
3 -4.522976 -2.704389 36.690099 -19.490634 36.050869 -18.810872 -8.088389 -19.123708
1 71.068650 -8.253678 52.104883 -34.918735 24.702109 -34.005672 -26.817345 -43.880217
3 16.335773 32.775520 36.524519 -30.879304 -4.892862 -30.818777 -25.772469 6.727593
1 13.525168 -10.346097 -1.005417 -3.760938 12.820422 -3.628572 -2.909444 -4.695122
1 167.043774 129.735007 97.030456 -99.777506 31.358975 -97.514229 -85.392963 -142.483526
5 21.898298 48.255314 42.514046 -43.378829 54.002480 -42.861771 -33.379280 -47.050264
2 72.610164 183.524419 72.352741 -130.225454 97.087044 -129.371940 -92.602009 -73.374990
3 -5.207881 10.305164 21.112719 -10.598929 -0.748724 -9.686665 -3.234471 -1.941214
5 44.416981 35.621116 13.743837 -54.107609 112.927246 -53.429912 -43.625387 -55.546277
3 198.363837 -65.338854 285.156907 -184.666954 252.425417 -179.050189 -127.241591 -179.648585
5 49.274332 9.534372 24.671933 -32.142156 61.210984 -31.588479 -26.184669 -54.776317
1 9.953771 5.493489 -3.894258 -3.092597 -13.751593 -3.257727 -1.054798 9.603712
5 36.797144 35.390076 71.612958 -55.143997 83.860681 -54.229396 -42.132999 -76.154472
3 43.668311 -19.309221 76.219129 -24.671548 -5.016953 -24.266665 -24.658495 -21.964561
3 22.208530 -4.997110 55.031565 -23.798344 23.914227 -22.632101 -12.524268 -37.202498
1 122.036810 -2.639700 68.456983 -63.284296 88.175939 -62.126311 -56.211270 -94.408158
3 31.199753 13.450475 99.836272 -71.943256 96.150718 -71.894111 -61.070434 -35.729425
2 -0.180787 21.561672 -6.776194 -3.357893 -0.003508 -3.158979 -2.558443 -5.525872
5 59.706008 -9.631846 29.185526 -59.740173 116.110378 -56.854530 -36.517225 -42.258147
3 1.330454 11.530684 23.252694 -3.774672 -17.255801 -4.000679 -2.845737 -8.236946
3 19.046428 -8.549217 24.511281 -14.814485 -13.189562 -14.413716 16.112604 -8.703334
1 153.355972 107.236993 114.107855 -95.845401 -30.429654 -95.179756 -47.035540 -106.210481
1 21.388800 21.062134 -15.626467 -5.581103 -2.095689 -5.523088 -3.935026 -9.689564
2 -6.284600 44.358392 16.599408 -17.994668 25.300969 -17.328707 -18.528389 -26.122409
5 14.519508 -13.542628 4.132539 -9.602180 32.808289 -9.237723 -4.713668 -14.364137
2 12.856508 34.739411 -13.739668 -10.821664 22.834078 -10.972709 -14.466876 -20.429082
3 14.676938 79.875444 126.223784 -74.274851 9.786906 -72.408051 -41.043496 -42.836682
5 60.460119 59.574122 94.557268 -89.684819 105.180688 -90.836957 -75.395600 -63.854833
5 2.230133 14.438966 58.152445 -39.742062 71.500668 -38.486377 -28.679212 -39.414567
3 -10.958792 42.220556 56.026237 -22.037438 -4.623511 -22.268534 -15.386778 -22.971743
3 6.971077 -21.647266 42.296393 -13.935004 23.001511 -13.165346 -4.974142 -18.547223
1 18.175152 -13.240024 14.026223 -8.380691 4.131560 -8.110620 -2.628591 -3.973009
1 80.709337 -13.027010 -16.361204 -30.572090 67.266206 -30.740287 -20.183003 -37.091951
1 21.018892 -18.257115 0.916287 -7.340499 -4.901611 -7.763422 -1.752149 18.079614
5 -10.462536 -3.033507 -4.361990 -3.697323 14.146544 -3.901055 0.273170 11.036697
5 121.330986 93.070646 41.276247 -94.818228 145.275234 -92.435694 -68.060464 -145.638740
5 10.338302 2.801225 14.849821 -17.323441 23.796751 -16.102211 -11.182710 -7.177740
3 107.901977 110.699887 113.983275 -79.212436 -29.194172 -80.715077 -69.737359 -73.726110
5 15.142813 8.520942 -27.494970 -11.940385 44.046150 -10.919202 -12.717407 -4.637942
2 1.050776 19.658279 7.190912 -11.541158 -14.490103 -11.756400 0.432640 9.455052
8 5.578477 -2.270285 -15.450063 -5.077353 -3.610661 -5.474073 10.000095 16.303861
3 11.184513 -15.833175 21.724522 -7.196892 11.114958 -7.288871 -8.396762 -5.308294
5 -3.021890 -0.951109 -3.247315 -7.220851 18.244522 -6.343833 -3.378093 5.918566
3 22.639063 116.684920 150.470314 -116.587694 -30.529579 -114.400906 -39.837263 11.561135
1 19.945649 3.529302 10.322156 -16.495024 13.488825 -15.467925 -6.204282 -9.118704
1 133.626981 -34.338711 123.637378 -73.368352 64.713359 -71.229763 -65.635463 -77.405433
2 19.464174 40.847231 35.055760 -19.054207 -20.766309 -19.545507 -13.111259 -22.889884
1 28.292656 -6.993612 -17.567068 -3.047093 12.283900 -2.835757 -6.528360 -3.604666
1 66.827063 21.916160 47.997152 -29.995648 -14.920419 -29.322112 -15.472655 -47.029546
8 1.922104 -3.597930 6.583516 -4.864674 -1.152709 -4.773507 -4.916904 10.800102
5 53.560463 50.649403 50.626252 -59.061250 65.220397 -59.308301 -42.083366 -59.603602
3 17.876926 -9.171114 26.331117 -13.491965 22.374054 -12.717617 -12.207118 -18.994283
2 4.354310 70.650207 -1.557099 -23.338538 -14.592799 -23.535304 -20.616107 8.635322
3 8.560688 -6.785628 20.906588 -6.734317 3.903454 -5.864405 -2.880524 -11.105857
2 16.004129 40.483159 -8.048323 -8.416843 -10.915751 -8.025081 -7.918958 -13.162332
5 20.991198 -38.531846 -18.515213 -13.845030 60.453838 -13.782359 -0.347485 3.576893
3 12.812446 -10.192972 22.716998 -10.415263 18.720471 -10.266459 -11.610460 -11.764762
1 119.706181 -6.231196 80.901266 -66.924598 1.486701 -66.285027 -46.895532 -15.757806
1 167.088810 7.166611 77.522865 -88.452104 107.635418 -85.967789 -61.752810 -123.241011
3 -12.871237 -1.580584 25.471816 -3.133547 0.607556 -2.749795 -1.954176 -3.790033
5 1.241056 22.471655 -5.011189 -9.759292 24.056686 -9.775834 -9.572493 -13.650591
3 45.110771 -2.554686 142.330705 -68.342291 14.766054 -66.651460 -37.717445 -26.941656
5 -20.790523 62.808967 17.682773 -55.521033 123.478727 -55.303074 -25.875421 -46.480422
5 97.009995 -28.850408 55.919582 -53.073123 102.796562 -50.686932 -43.102345 -80.013330
3 21.570133 47.991773 87.076856 -45.143614 -10.351556 -46.108587 -37.604746 -17.430263
3 -6.268121 0.985884 17.476081 -5.921244 -9.959619 -6.158644 -4.318065 14.163726
2 1.692930 39.333435 8.269301 -15.979752 -1.346378 -15.511942 -7.126001 -9.331594
5 -11.388465 0.775171 22.552830 -21.216656 56.880844 -21.249611 -13.416719 -12.937394
1 49.066761 -19.914066 37.302785 -42.112642 24.404746 -40.678238 -34.276334 26.206980
5 62.270820 -77.676941 229.497462 -142.564953 234.144326 -135.549027 -65.193950 -104.927747
5 3.714253 1.840010 50.860780 -35.677974 85.246083 -33.074056 -19.622986 -53.286110
3 6.456658 12.674727 50.527784 -19.140062 -21.422652 -19.874031 -17.591052 8.368625
2 11.808106 50.696094 27.517856 -25.166718 5.633034 -25.099657 -20.040051 -25.348667
3 -3.540282 -19.435283 70.864982 -15.639369 3.193009 -15.278378 -15.740591 -4.424090
5 59.090580 -8.864240 29.052337 -40.603884 61.732679 -40.959634 -43.704440 -15.743407
5 12.034529 98.967323 15.079923 -86.715152 203.915595 -86.449866 -68.979024 -87.853336
3 -4.811932 9.937496 74.209919 -38.988305 51.642753 -39.325084 -25.006947 -27.657902
5 54.009826 12.778447 38.259098 -60.488941 130.100803 -59.687827 -55.745122 -59.226289
3 93.344126 28.272377 145.111240 -106.970155 139.302036 -102.984861 -75.593736 -120.481037
2 27.486513 41.211594 -1.948137 -26.092254 20.251236 -24.465559 -19.649362 -16.794034
1 103.519420 65.593161 77.685731 -86.266882 28.237970 -84.232178 -49.656095 -54.881130
3 -8.868253 -3.583795 16.367114 -3.504269 4.708333 -3.306904 -3.114885 1.302660
2 11.027815 21.927678 12.946929 -10.947677 -1.321952 -10.620230 -11.103007 -11.909557
3 2.532415 -26.408263 59.319160 -20.281280 6.889472 -19.085908 16.712305 -19.677901
5 2.327968 -26.083197 15.023371 -14.186978 52.757260 -13.400750 -9.650583 -6.787092
3 -5.276373 -1.617330 24.530474 -7.552748 -3.094834 -7.436989 -0.295972 0.743772
3 17.552756 34.869039 74.505398 -29.698767 7.960946 -30.435171 -33.145162 -41.609047
1 27.241592 6.486089 1.721759 -8.234152 2.294182 -8.223357 -7.509171 -13.776944
2 -9.724001 29.149568 -16.042042 -7.084273 10.102365 -7.049036 -3.230832 3.878250
3 -10.059572 14.729259 18.980239 -10.771922 7.538283 -10.801865 -6.766328 -2.848096
1 38.305483 -22.071459 16.367234 -19.568673 33.848734 -18.027430 -9.764671 -19.089217
3 68.702956 18.010978 103.302443 -71.733120 92.138273 -71.252393 -49.470149 -89.698991
5 30.725431 -45.456931 43.936033 -24.825837 53.065499 -23.723377 -20.743469 -12.977352
1 147.152702 8.319335 86.034209 -80.128655 72.624623 -76.484422 -47.062589 -110.455210
5 2.723704 -2.177805 -0.773799 -1.432392 3.913610 -1.028660 -0.949438 -0.275219
3 -20.269038 55.465080 132.607795 -41.194692 -5.576742 -40.989093 -34.199039 -45.844280
3 24.235847 -24.896753 65.821946 -37.221583 64.716854 -37.113969 -25.296198 -30.246146
5 14.212933 -21.672289 11.795103 -10.875141 34.911626 -10.526363 -9.027790 -8.818080
5 19.839842 -25.547702 -3.708578 -7.304999 26.802342 -6.934423 -8.260056 5.113574
3 16.487649 0.079480 30.157320 -12.404104 -20.965319 -13.138700 -7.533594 7.317263
2 23.451613 62.423311 7.792106 -26.908906 -2.820753 -27.750603 -13.443925 -22.742845
5 21.013886 -17.715859 22.982832 -16.549508 26.541828 -16.259325 -18.082243 -1.931613
3 1.673390 -5.550014 12.397774 0.000000 -8.496593 -0.000000 -0.000000 -0.024557
5 6.421136 -14.900282 -1.572117 -11.649751 55.736900 -11.157286 -5.708781 -17.169818
1 39.847595 -32.267340 38.740164 -23.097508 16.990545 -22.691166 -12.236582 -5.285713
5 58.481259 0.863374 18.109588 -38.070665 59.054327 -35.510653 -7.960391 -54.966838
3 2.539358 -5.758278 40.421904 -14.610043 30.165369 -14.392211 -12.814099 -25.552000
3 69.765376 66.870498 233.801003 -92.444636 29.283717 -89.698606 -70.737559 -146.839802
1 16.277951 -9.981995 -4.554454 -7.336309 12.754634 -7.399388 -4.016361 4.255921
1 25.114222 -16.196450 13.549984 -8.208607 7.596835 -7.940915 -7.649250 -6.265818
3 51.738102 -66.595856 249.797580 -155.926329 225.081279 -151.585584 -94.340892 -58.168313
1 59.138639 34.463415 17.324667 -31.067489 34.250931 -31.107802 -33.362188 -49.640178
3 10.824622 18.636983 36.978314 -9.138403 -27.844411 -9.117264 -7.953394 -12.386446
5 17.925931 -1.607773 14.922662 -15.155572 27.399897 -14.391288 -7.766669 -21.327188
5 -6.015111 14.275253 -33.904285 -14.486652 85.518903 -13.786947 -16.915384 -14.685775
5 -2.741514 3.811048 -7.044605 -3.305330 22.432800 -3.213381 -5.649498 -4.289521
3 5.796778 2.011766 26.346896 -9.846905 9.549282 -9.246728 -5.348565 -19.262523
2 3.106542 14.561818 5.326563 -9.457274 5.523559 -9.086862 -8.369328 -1.605020
3 11.752025 -8.223825 40.238670 -15.607505 9.445691 -13.707122 -4.201819 -19.696118
1 27.124772 21.784550 7.138552 -18.383855 -21.516351 -19.029806 -12.331165 15.213299
3 1.604339 9.123929 22.422640 -7.509432 -10.124787 -7.479992 -8.332902 0.296204
5 11.351712 -0.110661 -27.342088 -6.765974 27.641174 -7.008590 -3.038243 5.272668
5 2.248294 -3.186730 11.560863 -7.199876 19.313164 -6.447585 -4.435847 -11.852284
3 8.515574 82.997062 145.254373 -52.858995 -20.391336 -52.618752 -40.198353 -70.699582
1 91.601023 -3.221656 69.982897 -64.281967 79.083537 -64.315451 -48.418550 -60.429841
5 76.604032 23.385107 89.237228 -75.716522 109.300261 -73.479107 -57.265228 -92.065774
2 -4.343831 29.299734 7.637292 -8.464634 2.259826 -7.917725 -6.228591 -12.242071
2 -35.340003 100.064671 36.510834 -31.228882 11.274579 -32.228916 -27.423112 -21.629179
5 28.602623 19.500653 -32.624556 -21.104910 80.666293 -20.922799 -22.594449 -31.522855
5 67.007703 -38.204678 70.941669 -65.787095 143.324178 -61.278690 -50.682043 -65.321045
3 2.856099 -16.557656 47.188911 -11.504509 5.089614 -10.314575 -8.983583 -7.774303
1 21.324403 18.472975 20.204108 -17.645866 -19.803597 -17.351954 -8.109627 2.909555
5 16.621210 -16.093270 13.454013 -10.880714 23.295243 -10.774593 -12.105392 -3.516499
2 15.078819 21.681703 2.225183 -10.518288 -0.177967 -10.243963 -8.439653 -9.605834
5 10.219030 -10.725854 -8.715433 -10.905045 28.588796 -9.856873 -7.481780 8.877157
1 349.994461 117.788967 218.038016 -226.409573 273.964016 -224.877657 -199.832628 -308.665622
5 58.442973 -13.667369 -103.941683 -50.450125 186.509334 -48.442885 -3.339014 -25.111244
5 11.030650 -14.614391 13.620046 -21.960790 82.797687 -20.330084 -20.374091 -30.169029
5 15.465250 -13.375491 -0.039843 -4.702434 17.620862 -4.457807 -4.932189 -5.578349
3 6.497339 12.912979 37.954384 -21.607633 -7.437573 -21.009965 -10.748752 3.439219
3 286.139084 -143.794291 295.487570 -153.592872 39.870122 -147.525888 -79.766955 -96.816786
2 -35.598532 26.348430 23.040552 -14.915546 25.378690 -14.581706 -7.856964 -1.814925
1 42.498708 15.390717 38.054530 -27.131145 31.990934 -26.434229 -26.450975 -47.918544
1 7.206819 -6.867666 5.939230 -2.130934 0.719309 -1.622767 -1.876986 -1.367004
5 35.985747 11.924785 13.302655 -32.216741 44.293670 -30.747641 -24.149748 -18.392729
1 29.080063 -24.666275 14.736254 -12.087093 28.733173 -11.368804 -6.553855 -17.873464
3 2.332389 -18.801759 67.481204 -23.259222 42.657556 -21.264746 -18.749497 -30.395927
5 36.427994 -21.042974 23.064093 -19.537880 42.942490 -18.256618 -12.321697 -31.275405
3 -1.885987 36.002101 91.983548 -42.310393 1.193199 -42.640798 -14.145259 -28.196415
3 31.051800 -4.459771 103.981232 -44.731479 22.764121 -41.438342 -30.927258 -36.240305
3 5.488176 7.149759 9.421672 -10.203825 -1.278645 -10.345076 -6.120275 5.888212
1 26.359520 6.222655 4.255528 -13.654036 7.245781 -13.286230 -10.305918 -6.837303
3 108.259413 -47.186283 114.153357 -59.649388 17.485252 -58.363397 -43.485295 -31.213659
1 93.654417 78.822628 88.618254 -72.740106 31.791814 -71.964524 -63.399210 -84.783283
2 8.851284 55.101699 25.223691 -27.092322 -2.015393 -27.288487 -17.472136 -15.308339
2 -4.341082 20.463018 19.142376 -10.611369 -13.999211 -11.154339 -9.047921 9.548526
3 39.501702 47.235241 114.651650 -56.317187 7.881758 -56.469211 -46.784972 -49.698988
3 42.607011 -28.944878 99.459649 -37.502515 9.596089 -35.707028 -25.199561 -24.308774
5 97.099909 85.029017 120.356720 -121.784588 176.047901 -115.209508 -104.448157 -137.091305
5 -3.335095 -2.872012 -0.265251 -3.255364 15.918684 -3.014705 1.455069 -4.631325
3 3.922475 7.646037 14.382026 -8.134878 7.563524 -8.470782 -10.949838 -5.958567
2 -9.220102 34.878122 25.933600 -18.667013 3.864607 -18.595426 -17.568172 -0.625617
1 132.597599 52.959587 91.587131 -101.401767 132.347220 -97.828097 -81.605761 -128.655921
3 6.839783 -9.506987 23.781233 -10.261506 13.264983 -9.359428 -7.071338 -7.686741
1 84.557984 45.720579 48.454095 -66.435525 69.795615 -68.470778 -65.429909 -48.192075
5 0.238032 -7.255654 4.941029 -21.355787 38.308151 -21.440840 -13.385403 19.950471
5 3.259076 0.738269 10.297584 -8.514657 17.800404 -7.180997 -5.948745 -10.450936
1 11.411441 -3.886284 0.962302 -5.997609 11.135248 -5.140319 0.298217 -8.782995
5 144.638610 99.868054 23.619364 -124.344878 195.520032 -121.211708 -104.503732 -113.585748
2 160.261717 334.270593 121.890071 -206.046880 189.774797 -205.061822 -183.226010 -211.862487
5 31.987619 15.591779 13.621413 -28.643792 53.313605 -28.071068 -17.309796 -40.489761
2 25.839942 69.138785 43.842824 -33.694803 -6.657598 -33.980745 -26.915989 -37.572419
1 55.753066 0.261768 53.454578 -38.239245 33.207268 -36.007625 -30.343440 -38.086371
1 57.438244 -13.534064 -10.411937 -23.636347 7.922179 -22.991833 -22.861400 28.075149
5 14.358480 -5.476559 -14.926151 -7.932619 32.221985 -8.209918 -7.841100 -2.194118
3 10.595366 -38.176263 49.045232 -18.255320 25.125957 -18.976130 -9.418574 0.059729
5 61.846866 -29.808781 45.456514 -41.360948 74.906377 -41.230280 -29.296728 -40.513021
1 30.569625 18.303672 11.445211 -18.467589 0.230549 -18.054937 -11.994303 -12.032232
2 11.299100 36.171852 14.100468 -25.474739 32.384959 -25.037642 -17.974010 -25.469990
3 -13.961555 76.960119 87.156654 -46.499767 1.422127 -46.194529 -33.960536 -24.922519
1 152.212615 82.297993 3.809419 -80.806314 90.239434 -78.280415 -66.953581 -102.519164
1 68.515672 36.984508 23.235932 -60.324528 54.803133 -57.930557 -25.978669 -39.305499
5 2.790548 -1.007482 12.567803 -18.447683 49.809510 -17.467738 -15.816524 -12.428435
5 21.703522 1.701439 -15.589897 -11.342741 24.018251 -11.721807 -10.909120 2.140351
3 84.262875 -33.162091 124.241420 -59.189964 64.427187 -57.897739 -49.347154 -73.334538
2 23.732856 71.855646 63.150579 -68.410301 59.922738 -68.259759 -43.774470 -38.217297
5 20.075860 -20.311811 -9.007370 -9.166198 20.415187 -8.973118 -7.454471 14.421918
3 135.682249 8.744482 439.992647 -195.795550 65.551095 -189.194355 -87.689126 -177.291457
5 111.518737 -3.188238 96.660140 -79.553311 135.517919 -76.346523 -67.769419 -116.839310
1 17.019766 -7.054101 -4.639101 -2.056632 -1.919401 -2.336384 -3.964117 4.949969
5 -8.891082 -11.487635 -2.572775 -4.395865 21.560672 -4.495162 0.336933 9.944912
8 -3.311879 1.092840 10.814404 -3.432282 -8.526093 -3.744846 -3.967466 11.075321
