1 91.647539 -47.014879 18.015263 -30.816445 49.583980 -57.095650 -24.319808
5 64.584838 -56.753137 89.327877 -61.049411 94.150271 -82.597414 -47.663028
5 -11.044366 -6.400723 0.598151 -10.242220 31.163049 -8.188515 4.114625
1 18.915726 -5.758855 0.179260 -0.746390 3.967595 -10.906280 -5.651058
1 25.795774 -21.602053 4.719605 -11.292030 23.421544 -20.010543 -1.032297
5 40.149229 -35.842065 171.850422 -173.512510 296.281642 -201.969696 -96.957011
3 0.810654 -13.444223 40.305096 -3.920177 -9.449010 -11.268897 -3.033444
3 -6.157334 1.475644 26.815989 -8.612111 -9.953147 -4.052206 0.483165
5 -8.375339 -3.420297 -9.070410 -6.190030 36.274151 -5.264331 -3.953744
3 -2.182839 -4.592910 19.765793 -1.944323 -9.905238 -10.311597 9.171114
5 20.655642 5.362356 -3.665947 -3.658349 27.307787 -24.647441 -21.354047
3 0.818385 -16.262592 53.969354 -29.804391 18.007832 -24.520174 -2.208412
3 21.992264 -16.796833 26.036158 -15.216769 13.458159 -13.577722 -15.895257
3 -19.356829 -16.496535 49.080746 -26.548266 19.603342 -29.539625 23.257168
3 -6.265832 -12.807329 45.719740 -11.013772 -6.790054 -6.271232 -2.571522
1 45.277690 -13.269861 -29.255561 5.630191 12.039942 -25.834839 5.412438
3 35.732453 -23.027509 49.074349 -43.301814 -16.526175 -32.085205 30.133900
3 38.181084 -25.271338 137.440549 -59.026002 -2.588076 -57.419298 -31.316919
3 6.555273 -8.955181 73.731099 -37.022991 4.256951 -24.018529 -14.546624
1 115.081189 -28.158311 36.801516 -71.376395 114.621538 -103.211306 -63.758238
5 7.629292 -41.314828 -0.220203 -54.298031 76.354977 -52.350872 64.199667
5 10.540489 -13.521089 1.560672 -15.674857 38.847026 -14.587466 -7.164775
5 69.901349 28.847016 -35.136292 -87.755618 206.948885 -89.134532 -93.670797
1 15.105464 1.392749 -10.679846 -8.395572 7.413032 -8.570814 3.734987
5 -3.638669 -12.060099 3.221730 -11.930001 39.905774 -10.933187 -4.565549
5 3.769035 -20.400568 21.389913 -10.814603 24.801965 -17.662658 -1.083087
5 31.399588 -61.111996 30.312887 -27.850277 93.448621 -73.023041 6.824216
5 30.917542 17.774490 -57.899528 -15.518834 79.519403 -23.263836 -31.529236
1 10.704529 -4.619667 -9.144578 -4.135552 6.477562 -2.142571 2.860276
5 16.839206 -20.707300 19.252428 -64.149199 157.345168 -68.632250 -39.948055
3 0.893459 -55.160647 186.725023 -103.590297 107.501017 -114.205994 -22.162563
3 -12.730931 -4.732952 22.311181 -3.680877 5.551790 -3.529601 -3.188609
3 24.109889 -24.128336 67.595391 -56.732204 64.410664 -47.374679 -27.880722
3 94.623974 -50.720272 154.555616 -114.305530 74.187637 -112.921598 -45.419821
1 52.326597 -22.885827 23.328123 -41.840512 32.204621 -34.278372 -8.854629
5 -12.724876 -10.341143 14.852494 -17.845045 33.214050 -12.398500 5.243019
3 3.544418 0.399611 8.219251 -0.790809 -11.510111 -0.914487 1.052126
5 4.051635 -6.390421 -5.547447 -15.145875 34.464687 -13.240799 1.808218
5 0.663581 -5.045202 3.912881 -2.418095 12.205093 -2.646791 -6.671466
5 7.017640 4.336130 0.286635 -10.285542 19.320100 -6.696068 -13.978895
1 30.184150 -18.387220 12.844423 -8.630591 9.626488 -20.356417 -5.280832
1 49.129173 -4.378175 5.440427 -3.639750 -15.187598 -16.196548 -15.167530
3 -10.077997 -11.155114 38.519088 -6.545266 12.295058 -15.593772 -7.441998
1 139.381947 -34.628793 68.910780 -32.806317 39.706693 -114.512591 -66.051720
1 36.991509 -10.913294 11.133326 -13.019906 -6.699695 -11.363792 -6.128147
5 17.188684 5.291728 -7.053773 -0.785737 29.760383 -30.177687 -14.223598
3 35.088423 -17.283533 140.763551 -19.657856 -26.517414 -83.695551 -28.697620
5 49.549431 9.636001 39.615275 -42.531570 109.962224 -100.307408 -65.923952
1 18.014931 -3.566995 -1.103891 -3.178094 -4.199224 -3.742688 -2.224039
5 11.205171 -8.822734 63.798914 -68.638810 109.491381 -61.173330 -45.860588
5 -11.156610 -6.588314 -0.252590 2.643803 22.233549 -8.797931 1.918092
1 179.051639 -76.413366 58.718750 -115.448423 116.346070 -100.622463 -61.632210
5 -13.638898 -9.161040 -18.691424 -10.289258 54.607814 -8.660083 5.832891
5 -8.661899 -7.991992 14.332806 -2.869059 41.517555 -23.822708 -12.504704
3 -19.232942 -18.595250 62.771582 -51.927811 30.887251 -38.578005 34.675175
3 11.324179 -45.251216 118.714818 -48.168783 29.135195 -81.785417 16.031226
3 0.240827 2.252977 26.753544 0.366543 -12.347954 -10.653519 -6.612420
1 185.873847 -82.576840 85.214475 -38.576507 -27.215701 -88.288388 -34.430888
5 32.858998 -13.652851 1.111939 -27.098577 38.542754 -21.007714 -10.754548
3 3.724438 -10.383514 105.067195 -56.566858 61.572290 -47.659891 -55.753660
5 6.593530 -49.636101 58.013206 -72.412093 132.195452 -75.771124 1.017128
3 -0.520950 -10.907661 36.991094 -18.028421 15.524503 -16.145876 -6.912688
3 -7.186522 -13.481507 29.615785 6.358175 1.271586 -14.341345 -2.236176
5 102.557408 -57.654370 123.313360 -147.995248 221.186976 -169.258057 -72.150065
3 4.865265 2.839239 11.348964 -12.107286 10.953840 -10.068676 -7.831346
3 -13.055527 -19.383459 28.679135 -17.274144 27.690017 -19.887526 13.231504
1 18.566723 -23.905627 0.449575 7.973162 6.169190 -26.963591 17.710568
5 -6.578659 1.432645 2.978170 -0.166215 5.524930 -0.747921 -2.442950
1 160.120786 -58.743269 -0.722971 -47.589290 54.510455 -73.531732 -34.043984
1 20.051615 -5.967782 2.608823 -6.527157 1.067963 -2.798239 -8.435222
5 34.575467 -7.454746 11.241588 -27.884123 34.667157 -43.730935 -1.414409
5 -5.827244 -9.748845 6.794360 -14.961265 50.787910 -20.621566 -6.423349
5 3.149638 21.481799 29.723222 -49.502044 74.305572 -33.864853 -45.293330
3 1.623437 -7.692908 27.531432 -9.892033 3.175187 -7.789138 -6.955976
3 -8.483951 -3.932140 7.125775 3.971119 6.092076 -8.292032 3.519153
5 8.046205 -4.103970 -6.891618 -11.052701 20.566478 -7.062039 0.497645
3 -10.221176 -8.265825 30.131959 -18.224239 23.900161 -13.117081 -4.203800
5 2.243313 9.025996 2.244335 -22.456636 51.658444 -17.759442 -24.956008
3 -15.034240 -11.429158 53.606231 -4.188538 -5.986085 -11.647261 -5.320949
3 69.120147 -45.578162 106.754707 -60.227349 1.299379 -52.799146 -18.569582
1 33.016151 -15.818444 32.507241 -13.827782 -2.322380 -18.939311 -14.615475
3 17.628937 -13.048250 35.280379 -8.537397 -15.767552 -16.106459 0.550341
5 -1.552467 17.788927 1.155665 -10.486859 39.678062 -18.242064 -28.341262
5 0.270614 6.161351 -2.029252 -6.679267 15.036351 -4.409407 -8.350390
5 9.234008 -8.484282 1.948970 -17.363758 31.012401 -11.464771 -4.882568
5 15.012569 -29.828433 74.491489 -69.601028 103.307526 -47.347908 -46.034215
5 19.599974 -9.013284 -11.113835 -23.692525 66.311680 -18.251797 -23.840215
1 90.648013 -5.538215 30.742579 -49.311371 43.671540 -52.497541 -57.715006
3 7.114610 -50.601133 83.684846 -69.426028 74.514987 -59.668666 14.381385
3 15.445789 6.310792 32.637826 -1.818285 7.508033 -29.439156 -30.644998
4 0.105688 -2.406813 -2.388194 7.960313 1.219710 -4.437907 -0.052798
5 -15.450643 -6.269263 4.885979 -6.974411 19.268140 -5.573564 10.113761
3 32.375425 -20.638532 51.349814 -21.166308 -12.761746 -21.006752 -8.151903
3 33.939320 -4.863254 52.898647 -29.189353 -13.722255 -19.189393 -19.873714
3 31.574016 -8.836671 113.049496 -48.559579 -11.963915 -42.435202 -32.828144
5 -16.157739 -3.341344 26.879357 -14.693800 31.770564 -22.311419 -2.145619
5 -0.230199 -15.718452 15.044816 -14.180730 18.494395 -20.088494 16.678665
3 40.739634 -6.468072 112.707914 -39.300287 -17.952925 -43.967341 -45.758924
5 -6.655494 -0.249889 13.272979 -1.193978 18.655266 -11.227915 -12.600969
3 13.818309 -13.506529 34.670016 -11.484385 24.353132 -20.935853 -26.914691
3 2.148385 -28.829116 49.519314 -5.776737 24.868237 -39.296097 -2.633986
1 237.667936 -29.238688 217.650672 -119.094683 77.758305 -255.845048 -128.898491
3 0.020061 -7.090842 15.130326 1.492124 7.168942 -9.464093 -7.256519
1 54.656065 -10.177669 43.942687 -25.317598 -0.810243 -28.469220 -33.824023
1 19.315746 -9.202090 -13.129912 -3.624101 14.627016 -13.747434 5.760775
5 11.101001 -12.438194 -0.936445 -8.438545 25.649968 -8.448599 -6.489186
5 -14.560369 -8.273402 12.523447 -9.397155 34.561524 -8.963746 -5.890298
3 4.221022 -23.010180 56.099201 -0.915996 9.093313 -29.862196 -15.625166
5 160.259963 10.130492 201.095229 -218.884358 232.930658 -232.555838 -152.976136
3 154.142634 -111.443992 288.806393 -127.793031 76.753903 -201.133605 -79.332319
1 31.826455 -13.208334 -24.746843 -0.213654 17.425575 -12.091990 1.008789
1 25.148287 16.754655 16.164742 -28.279679 9.863775 -19.401484 -20.250294
5 14.190983 -6.496425 -5.419222 -7.449207 19.533975 -7.921733 -6.438372
5 0.055500 -3.159294 18.142324 -10.504104 18.966757 -15.773704 -7.727479
3 38.615046 -38.306808 79.846536 -44.180340 29.231208 -31.396236 -33.809405
1 42.078855 -9.087646 -9.498184 -0.529262 -7.017333 -14.059830 -1.886601
5 11.051949 6.785831 20.462323 -30.039779 34.730622 -18.406268 -24.584677
3 4.410842 -35.279859 89.733761 -48.832825 54.360550 -43.519283 -20.873192
5 -3.804344 -2.100338 6.452543 2.286798 35.420812 -18.770741 -19.484731
3 21.286439 -45.779918 81.393332 -48.173375 19.501786 -35.505930 7.277669
3 117.862619 -136.933704 288.730810 -157.794438 55.719539 -149.755274 -17.829553
5 -20.113324 -22.679103 25.434900 -11.559935 46.465587 -19.147773 1.599651
3 39.419744 -40.126122 40.009814 -19.206198 17.378228 -48.620684 11.145213
3 -7.501649 -6.561071 43.580775 -5.572362 20.757730 -17.184684 -27.518738
5 53.489408 14.414428 -2.943714 -80.615924 146.837634 -61.374241 -69.807590
1 25.459015 -8.135262 3.871740 -12.221710 5.321988 -9.186198 -5.109572
3 6.279172 -18.850173 36.533458 -29.798608 31.189954 -18.649753 -6.704052
1 58.037240 -25.191646 20.514350 -11.157212 0.704894 -21.611195 -21.296434
3 85.350185 -1.376176 146.378371 -152.926442 113.016737 -127.571284 -62.871386
3 21.809719 -8.920451 29.432253 -7.436502 -24.802816 -6.334958 -3.747247
5 6.082197 -5.895802 3.547824 -11.041601 22.537543 -4.659218 -10.570942
3 -2.025446 -42.970267 125.078197 -37.917669 -2.667112 -47.016240 7.518534
1 45.615986 -12.498741 22.175759 -12.176576 -29.797713 -10.434430 -2.884285
3 13.165293 -17.881437 63.977391 -43.645121 36.341486 -41.828733 -10.128878
3 19.798678 -39.863055 41.388823 -21.884769 37.266569 -45.107416 8.401170
5 -4.691073 -16.844730 -1.232869 -8.464638 39.856234 -18.377838 9.754915
3 7.539662 -8.007274 26.117949 -6.377609 0.896517 -11.786803 -8.382443
5 0.680697 -1.727045 0.764186 3.596993 5.538131 -7.682951 -1.170012
3 50.889823 -60.360920 266.870299 -129.658045 161.515186 -195.329599 -93.926740
5 -1.380225 -4.354497 -13.090387 -3.524012 21.003294 -3.235940 4.581768
1 81.637193 -41.977942 34.518219 -29.925773 8.133050 -33.480056 -18.904691
3 62.193901 -177.059877 363.954404 -258.003560 226.046243 -245.666075 28.534970
3 17.469928 -4.235130 88.617974 -54.015717 16.523935 -34.932064 -29.428924
1 65.739172 -27.722932 61.669161 -49.827989 38.557739 -59.188283 -29.226872
3 -54.472470 -38.458575 294.264559 -122.740332 78.965676 -125.731740 -31.827114
3 7.435019 -8.755435 32.540700 -11.538482 -12.057132 -7.593878 -0.030792
5 -7.875128 -1.026451 -17.931181 -2.085000 23.083543 -2.792716 8.626934
3 24.543220 23.988271 162.750937 -132.102731 97.319922 -114.750054 -61.749565
5 -2.425207 8.431145 -24.908580 -21.991870 85.319223 -14.716848 -29.707863
1 10.532814 -0.603803 -1.504508 -3.734754 0.038488 -3.169505 -1.558730
5 24.652522 -35.247943 8.796095 -21.005837 90.179007 -48.589597 -18.784246
5 32.457155 16.026273 13.990315 -51.692756 84.594591 -37.880886 -57.494687
1 61.257095 -9.709577 8.964584 -2.167547 42.983676 -61.464635 -39.863595
5 85.101074 -16.550141 248.825599 -277.678498 408.262758 -219.056991 -228.903795
3 -43.840342 -28.559822 114.118776 -37.960855 63.135544 -34.180091 -32.713209
3 20.554629 -8.574579 28.649206 -18.824503 11.891219 -20.397495 -13.298477
5 19.088089 -11.129405 -16.924001 -14.404490 31.593409 -13.419108 5.195505
3 25.789036 -42.608008 76.024672 -54.919057 48.300884 -47.290508 -5.297019
7 -4.299299 2.464066 0.741088 -0.393445 -2.106053 -0.000000 3.593642
1 22.047244 -2.726166 -16.676009 10.178122 -2.108302 -14.856188 4.141298
3 -10.535662 -4.684468 12.881626 6.489923 0.008014 -5.847421 1.687988
1 37.830843 -10.435609 -19.259030 7.859206 1.418113 -17.128159 -0.285367
3 3.912725 -17.088959 53.259886 -28.627356 12.388822 -22.180008 -1.665109
5 47.565885 -1.094920 -109.305236 -12.413904 125.178079 -51.683001 1.753095
5 -7.262375 1.067210 -2.551732 -0.880405 13.440259 -0.747921 -3.065036
1 41.281250 -8.851173 10.998186 -18.557062 12.412678 -15.287117 -21.996760
3 13.743795 17.159818 99.004864 -52.520860 22.649679 -41.287236 -58.750055
3 13.927176 -11.194580 28.990909 -12.762602 -14.765600 -11.081162 6.885857
3 10.054875 -33.666763 78.492591 -61.799194 74.542815 -50.432068 -17.192254
3 52.055773 -36.044179 58.888632 -36.400154 20.300586 -43.385582 -15.415078
1 45.588338 -2.187013 23.708509 -44.629735 38.635969 -33.136934 -27.979129
5 2.654335 -2.444503 -15.013831 -2.472768 15.212531 -3.113428 5.177664
5 29.388200 -9.205801 116.866878 -91.353968 131.044364 -102.523066 -74.216609
3 -7.238794 -2.553090 13.603287 -2.370488 2.893367 -2.380600 -1.953681
3 -2.031581 -8.529397 31.193846 0.133532 -9.076991 -8.754437 -2.934974
3 16.384886 -10.539044 50.662264 -19.608275 -20.008034 -14.640686 -2.251109
1 33.893337 -20.923574 19.027573 -14.686103 20.687529 -21.747159 -16.251604
5 2.201239 -10.208433 24.400107 -20.064609 31.003401 -14.745487 -12.586217
5 -44.221380 -56.162352 -32.649085 16.208576 149.142770 -69.107509 36.788981
5 22.737691 -24.820525 -0.813860 -32.897226 94.479990 -40.617179 -18.068892
5 0.064590 -37.053579 -7.853053 -23.370552 108.652505 -47.465754 7.025842
5 29.999076 -5.084086 131.026824 -95.719814 272.689311 -174.576917 -158.334394
5 31.832480 -45.163668 44.824270 -24.703927 52.104165 -54.212943 -4.680381
3 8.339605 -6.962306 33.525327 -20.310970 8.998670 -9.353285 -14.237041
3 92.466500 -45.799098 197.704159 -100.967532 -2.720458 -97.319700 -43.363873
5 -2.171040 -10.643940 16.678926 -9.668291 17.170991 -17.346377 5.979731
1 109.151933 -44.600395 37.070493 -69.523681 103.094602 -113.331403 -21.861545
1 53.867801 -0.962437 -4.854633 -24.729990 12.778699 -18.395780 -17.703659
5 257.842349 -44.522980 69.985537 -202.256245 278.681984 -235.825279 -123.905360
5 -8.677727 -3.975676 17.964210 -23.572122 47.116747 -13.299501 -15.555930
1 18.817964 -6.615728 3.201454 4.886467 -6.831713 -8.505342 -4.953103
5 -0.845691 -10.001257 10.539939 -12.226295 17.125444 -7.566219 2.974079
5 -14.984650 -7.527058 33.917700 -36.086489 38.156948 -23.818842 10.342390
1 16.577504 -1.042175 2.232880 -3.419823 7.838675 -12.134182 -10.052880
3 -2.915456 5.453086 96.468708 -52.489827 34.368565 -48.815607 -32.069465
5 19.729172 -3.243367 -14.532412 -6.853008 20.706281 -6.678339 -9.128328
1 45.596097 -11.925857 0.650080 1.298324 10.287571 -32.587411 -13.318806
5 5.450299 4.458064 -19.504133 -5.450013 28.822284 -3.777038 -9.999463
3 -24.507623 -11.576337 52.609502 -19.965463 21.550442 -12.591492 -5.519027
5 6.098544 -6.920078 -4.794946 2.189600 18.569606 -7.631987 -7.510740
5 -16.394140 -8.289944 5.824804 -9.328913 32.412514 -7.632643 3.408324
3 42.713122 -36.840109 76.067730 -46.310728 29.934900 -37.212123 -28.352793
3 4.918489 -9.004450 35.599158 -11.538482 -12.350046 -7.593878 -0.030792
3 8.071343 -20.737711 33.730082 -15.691262 25.493701 -22.404971 -8.461181
1 103.754172 -15.934387 76.893429 -51.590201 -30.507175 -50.668821 -31.947018
1 74.220213 -3.748354 69.009161 -71.439671 63.359371 -74.432557 -56.968159
3 -2.967888 -4.404575 18.055241 -11.039349 17.875353 -7.853291 -9.665492
1 13.406333 -3.761864 3.874261 -0.475020 0.164849 -9.756007 -3.452552
1 19.090770 -2.388273 -9.520592 -5.416721 3.717250 -6.187405 0.704969
1 62.790732 -3.905888 43.208313 -42.995519 44.426504 -51.019266 -52.504875
3 -9.810471 -37.452301 79.946418 9.750427 1.530428 -45.132523 1.168018
3 -34.663454 -6.918381 113.976936 -83.322362 79.474030 -61.452472 -7.094296
3 8.781429 -13.867697 58.773465 -26.754504 -1.233770 -17.756271 -7.942652
5 11.018693 -17.988281 16.125529 -17.672281 25.268350 -12.165183 -4.586826
3 -4.927796 -10.797742 28.047123 -16.930636 12.343754 -11.448368 3.713666
5 17.280209 7.292309 15.377786 -22.636833 35.580570 -22.690936 -30.203106
5 3.861004 4.722323 -3.780428 -10.005643 27.593556 -8.147515 -14.243296
1 20.952749 6.650967 10.801152 -14.038250 -19.694388 -8.819891 4.147661
5 37.473206 -16.578576 98.744723 -96.078356 100.591753 -75.533803 -48.618943
5 -33.157807 -26.837084 57.049962 -29.867950 57.249404 -20.488231 -3.948293
5 1.790696 -17.850992 49.038618 -22.810694 69.347767 -56.573095 -22.942305
5 -7.771391 -20.733910 -24.749411 -15.946466 86.278701 -19.575246 2.497723
5 127.869253 51.660302 14.432742 -218.735910 355.651049 -176.265974 -154.611444
5 2.630918 -3.665330 -22.776654 -21.022255 100.269023 -19.466713 -35.968988
5 -29.132390 -21.215611 90.755159 -79.110044 126.708730 -57.969871 -30.035974
1 1.749916 -0.160608 -3.101563 0.000000 1.684676 -0.000000 -0.172421
3 22.099721 -13.794224 45.881971 -10.736105 34.292650 -59.721444 -18.022569
5 -9.018253 -18.716664 12.204936 -16.707897 39.312843 -12.007137 4.932173
3 31.990143 -13.874836 114.932071 -62.612368 50.492900 -63.038377 -57.889530
5 -0.021589 -0.802595 -3.401231 -70.868066 187.119243 -67.122341 -44.903420
5 70.272327 -17.602175 64.785132 -110.480343 197.814190 -111.338382 -93.450745
3 3.580906 -18.504605 112.974850 -56.670196 4.255338 -39.617894 -6.018397
1 16.488465 -7.949717 8.185584 3.008483 -7.053742 -9.766394 -2.912679
5 -9.951145 -4.540038 2.108754 -6.979060 26.906586 -6.411348 -1.133749
5 6.318847 -4.854986 -9.607999 -4.525682 22.623774 -5.591855 -4.362100
3 98.882539 -93.464497 203.553075 -104.296860 77.286526 -150.754597 -31.206185
5 18.352194 -35.369641 91.387322 -83.459757 112.307644 -73.754481 -29.463279
5 -13.038790 -2.752743 23.072721 -17.463309 39.646486 -21.286873 -8.177494
1 21.545235 -3.253739 -8.629811 -6.138819 11.661714 -6.678339 -8.506241
5 -5.858944 -2.283029 30.607430 -24.503536 33.092559 -15.534372 -15.520109
5 -7.770459 -3.110636 -3.881738 -3.099750 24.325088 -3.634826 -2.827678
5 -4.557780 1.432645 -0.612084 -0.166215 7.094305 -0.747921 -2.442950
3 6.934296 -12.714547 14.990873 -16.619465 9.004543 -12.192107 10.596407
3 35.722072 -38.381949 44.383353 -38.661358 31.926466 -52.118692 17.130105
5 26.347684 10.092563 -37.426056 -18.973986 68.777651 -24.196423 -24.621432
3 -9.611762 -3.993139 24.285089 -4.887306 1.213034 -1.671659 -5.334257
3 7.948872 -2.197308 13.090890 -11.282047 9.043456 -5.929717 -10.674146
5 30.886923 -26.370675 28.275621 -23.268321 33.672429 -25.336020 -17.859958
5 50.092967 -16.370667 9.155778 -53.642563 129.103447 -75.046955 -43.292009
5 73.632739 -7.219886 14.782263 -46.610008 156.426630 -102.506401 -88.505336
5 13.047441 -3.702239 -17.126445 -13.249692 26.796321 -9.629449 3.864063
3 131.340070 -76.229866 238.463352 -138.989055 59.171017 -193.827639 -19.927900
5 17.538366 8.890897 -38.981508 -7.754408 53.798201 -15.614540 -17.877008
1 27.346423 -6.253571 -6.357674 -5.700109 -1.684811 -5.436352 -1.913908
5 3.728867 -1.020833 -8.080209 -2.008027 15.583269 -1.978299 -6.224769
3 6.497299 -3.943938 8.396767 -6.833644 2.870460 -3.950497 -3.036447
5 -15.668364 -8.273402 8.841067 -9.397155 39.351899 -8.963746 -5.890298
1 12.089001 -4.202958 -9.594866 5.482506 2.924483 -7.428094 0.729928
5 185.530502 -15.367595 46.004185 -167.315212 254.618701 -161.744988 -141.725588
3 6.278620 -4.693692 13.117416 4.636831 -8.640604 -8.381086 -2.317485
3 -31.691788 -48.873108 125.645036 -13.756295 66.484134 -74.958099 -22.849883
1 209.767900 -34.879361 32.610698 -67.699379 -1.476025 -92.349118 -45.974714
3 -4.641428 -4.802197 13.577304 -5.946775 2.145752 -5.203063 4.870405
3 9.548603 -5.778014 22.804487 -8.904293 -9.658681 -6.255845 -1.756257
3 131.580637 -59.195600 288.303768 -138.461574 -39.746740 -113.328682 -69.151805
5 5.692639 -10.205066 14.637112 -18.011906 26.863738 -12.039125 -6.937390
1 200.003110 31.812111 114.620527 -132.520341 197.121469 -212.150908 -198.885970
5 28.864556 -6.389074 21.771942 -55.698788 90.747974 -40.354864 -38.941742
1 102.903337 21.395272 102.881645 -116.824394 64.928363 -96.754280 -78.529944
5 -10.196625 -9.407615 -6.124977 -5.260451 34.915433 -4.705911 0.780146
3 30.285114 29.521929 46.017762 -32.938724 -8.575400 -35.067098 -29.243582
5 11.736723 -0.822658 -22.907999 -10.994405 39.649617 -9.199723 -7.461554
3 117.421502 -22.726592 195.984462 -112.532755 9.700967 -136.809141 -51.038442
3 99.865704 -20.824088 109.972198 -67.844428 67.619419 -116.870320 -71.918481
5 56.288108 -18.116849 -49.386081 -11.864425 105.014277 -50.088873 -31.846158
3 -10.362347 -7.816174 30.053812 -11.023184 11.719743 -7.700112 -4.871739
1 76.990553 -8.663172 24.732910 -32.531544 23.746998 -72.915087 -11.360658
3 6.675097 -9.214545 32.135398 -24.843623 16.001438 -14.506410 -6.247355
5 30.737497 -58.574392 95.800557 -86.676624 201.592107 -119.119188 -63.759956
1 53.068123 -19.484602 16.029040 -12.937316 -19.698564 -8.861933 -8.114747
3 48.068550 -21.848073 95.362414 -73.005563 24.628416 -53.965881 -19.239864
5 132.254768 13.835931 72.957596 -157.502991 241.295095 -165.292704 -137.547688
5 -7.548143 -6.397954 -17.322092 -23.739985 82.010844 -13.853257 -13.149412
3 8.048616 0.655782 26.755214 -12.304446 -3.323249 -6.848670 -12.983247
3 -6.095111 -7.670681 60.700742 -13.665469 -5.534289 -17.940213 -9.794982
5 45.510038 13.137463 59.293675 -40.404679 70.741548 -90.111375 -58.166671
5 101.073872 -61.042724 108.859365 -117.413699 250.348149 -173.286197 -108.538767
3 74.269527 -7.439738 82.930840 -43.777560 17.567669 -79.784146 -43.766588
3 -19.996544 -21.291966 73.178351 -39.874172 49.004176 -25.401982 -15.617865
3 39.180920 -56.022189 253.174836 -114.967468 56.029281 -90.686572 -86.708808
1 110.277920 -6.757285 75.266917 -40.222522 -12.588054 -69.650341 -56.326635
3 -10.968434 -7.610077 28.214769 -6.250765 9.478669 -4.519646 -8.344516
5 -22.398057 -27.767541 30.924626 -2.699958 42.856295 -47.241218 26.325852
1 101.458024 -23.023346 14.679209 -30.366026 -10.064424 -29.446162 -23.237274
1 11.264375 -0.780614 -6.381261 -0.028043 -2.046639 -0.264993 -1.762825
1 57.791933 6.740173 34.342009 -46.788303 51.247807 -57.501334 -45.832281
5 109.629189 -27.183879 265.852140 -263.192787 315.242959 -240.379350 -159.968264
3 0.376996 -8.047522 23.389800 -7.901271 2.984935 -5.427266 -5.375671
1 98.960593 21.051646 53.868356 -75.826890 46.019852 -74.869851 -69.203704
1 30.053258 -17.834106 25.861800 -15.359901 9.258714 -21.663004 -10.316761
7 -5.393349 1.333577 3.427246 -2.250066 -2.576488 -2.002155 7.461235
3 -14.333743 4.170663 44.132755 -22.597428 34.403265 -17.606204 -28.169305
5 -6.578659 1.432645 2.978170 -0.166215 5.524930 -0.747921 -2.442950
5 0.298477 -6.332439 5.288723 -8.470565 25.060298 -6.268531 -9.575963
1 63.856560 -25.870573 38.775769 -30.442358 15.138669 -30.745015 -30.713053
5 29.929648 -6.541389 29.887650 -25.216534 53.186654 -51.042553 -30.203477
5 3.187849 -14.674355 30.853958 -18.659941 33.027030 -18.501668 -15.232872
3 4.583167 0.399611 7.311046 -0.790809 -11.640655 -0.914487 1.052126
1 45.707972 -7.663232 9.631740 1.001223 -13.548876 -23.118306 -12.010521
1 22.185539 0.341380 5.983831 -14.560727 9.174571 -9.040772 -14.083822
3 13.379602 -8.198769 18.295511 -13.353941 11.964974 -9.071751 -13.015629
3 1.710582 0.311988 21.534813 -13.762483 13.348747 -9.895113 -13.248535
1 79.424807 -18.217326 56.974617 -45.106613 -11.278646 -46.648486 -15.148351
5 -41.106987 -141.893779 114.556432 -100.138665 309.164286 -137.168892 -3.412398
3 77.721150 -9.468075 121.014607 -96.816777 56.198138 -77.193689 -71.455357
3 27.413649 -49.144720 122.800815 -64.127426 92.332203 -82.188464 -47.086057
1 49.916863 -13.114298 -10.835770 10.086420 -8.275500 -15.918120 -11.859597
3 -11.930177 -6.710785 19.684118 -5.803090 14.924570 -3.890432 -6.274204
5 110.835343 -36.502822 82.846838 -85.715419 142.585172 -112.346871 -101.702243
5 -17.550465 -13.416403 -11.116812 -8.262878 60.292727 -7.748096 -2.198072
3 24.799657 -28.635059 44.194945 -21.987241 -15.489897 -30.118126 27.235723
3 119.073567 -112.173267 288.759989 -178.020305 194.717869 -214.746551 -97.611294
5 -10.393271 -2.750496 7.366461 -15.962346 53.272989 -23.029898 -8.503437
1 114.579617 -44.186136 32.578093 -33.351922 18.906520 -63.787688 -24.738487
5 65.069485 -4.430174 74.070138 -84.885898 96.199895 -92.512079 -53.511364
3 -6.309490 -8.408509 33.770446 -24.612062 18.824112 -18.767606 5.503108
3 15.295550 -28.882185 102.178899 -30.255461 -0.152019 -29.964269 -28.220517
5 4.637029 -8.188311 17.697481 -13.012404 31.908314 -22.962343 -10.079766
5 5.922389 -14.670136 30.419693 -29.786687 55.733395 -25.707240 -21.911415
5 1.477139 10.118652 18.249024 -46.987337 98.681214 -45.651173 -35.887518
5 42.289038 -28.410337 78.331300 -66.248325 80.036666 -57.777880 -48.220461
3 66.068404 -114.422105 311.190573 -151.349863 25.952481 -107.603175 -29.836315
5 6.354202 7.771784 1.481911 -11.477821 16.965101 -9.268369 -11.826806
3 29.042779 2.063654 42.549240 -11.396623 -25.920689 -20.855715 -15.482647
1 28.695973 -10.786691 19.229319 -14.376368 25.364230 -22.894129 -25.232335
5 46.112891 -24.815413 -5.253943 -13.796082 49.988388 -25.237426 -26.998416
3 16.393062 -19.619141 26.775048 -16.755639 22.242713 -37.438105 8.402060
5 33.924374 -27.957044 39.998942 -46.477130 71.022047 -49.128613 -21.382577
3 39.517202 -31.291499 146.671534 -78.610304 24.111681 -71.601234 -28.797382
3 -3.973370 3.772883 53.112129 -23.284495 13.312860 -25.683550 -17.256455
5 -37.312589 0.187622 62.232563 -53.408285 97.549660 -44.610370 -24.638599
5 74.433334 21.926413 3.125225 -40.007514 103.583586 -82.218609 -80.842430
3 -8.548755 5.236203 31.793547 -7.416222 -3.884790 -14.560133 -2.619849
5 14.355513 -4.221469 -3.678005 -17.262468 54.199981 -22.955085 -20.438468
5 26.114396 8.784065 -16.910017 -29.141017 66.660704 -23.556273 -31.951857
3 -17.622521 -14.059396 38.329980 -19.085635 25.475354 -13.663305 0.625523
3 31.181779 -35.913714 85.789612 -45.639867 27.463754 -44.351422 -18.530144
3 -14.496582 -8.114075 68.166100 -28.766595 7.102104 -20.016879 -3.874074
3 -3.569561 -11.182053 22.902081 2.048767 6.917817 -9.242826 -7.874227
5 -11.922725 -16.447052 17.777153 -12.915708 28.699673 -18.346684 13.155343
5 48.323117 -15.389231 98.979850 -87.520639 100.439472 -88.870850 -55.961713
3 25.940674 -15.886054 128.087626 -41.100526 -38.721206 -29.353466 -28.967045
5 89.812361 -247.054047 222.467942 -391.786692 765.574583 -367.615659 -71.398482
1 43.328098 -18.086825 6.256791 -18.470640 4.211807 -16.763066 -0.476165
3 7.438448 -5.218437 11.395627 -6.599226 -3.209271 -4.836329 1.029187
1 66.345663 -20.642719 11.879850 -43.119795 61.132089 -33.994920 -41.600168
5 -6.607951 -7.274236 28.097870 -54.038603 90.305951 -35.288433 -15.194597
5 3.861004 4.722323 -3.780428 -10.005643 27.593556 -8.147515 -14.243296
5 5.985695 -8.988685 30.548998 -17.824455 30.934578 -20.665572 -19.990559
3 -3.656952 1.358678 14.229175 -5.613539 -7.503789 -3.809680 4.996107
3 17.134744 -15.569516 29.042620 -23.438108 23.694256 -16.212598 -14.651398
5 61.978536 -23.805290 3.306443 -86.728141 215.509450 -107.946807 -62.314189
3 18.695383 -5.532263 35.925776 -16.928483 16.878001 -22.840898 -26.197515
3 13.928245 -8.975022 24.501675 -11.401879 -5.302615 -6.198672 -6.551734
5 51.840442 -21.384309 101.349934 -83.969549 134.813792 -112.697828 -69.952477
5 18.927747 -2.412427 -13.404099 -8.697799 24.743126 -5.544543 -13.612004
1 14.397851 -1.278194 2.852426 -3.982170 4.254325 -5.192379 -11.051859
3 0.187390 -0.834840 50.601336 -38.383156 38.409760 -37.712123 -12.268365
3 105.071843 9.702100 106.197602 -111.316269 54.182597 -83.118550 -80.719317
5 -13.079612 -52.543391 150.891106 -125.230085 216.637534 -132.488546 -44.187003
3 12.100091 3.659608 52.620140 -25.453911 -7.800022 -15.905249 -19.220656
1 68.059271 -31.848979 -0.832800 -9.155901 41.676378 -61.773742 -6.124231
3 26.509481 -42.420289 56.615148 -34.188523 37.076074 -43.972764 0.380874
5 8.827512 9.946410 -24.246504 -15.868392 45.426946 -10.019859 -14.066114
3 6.334542 10.513876 73.584028 -48.565088 63.342936 -51.606358 -53.603937
1 115.949316 15.429338 36.700761 -50.995554 102.371787 -119.215300 -100.240346
3 41.545366 -57.933502 114.949515 -48.441538 7.429417 -57.868644 0.319385
3 -3.594038 -9.076249 53.261286 -14.359621 11.665217 -20.806769 -17.089825
3 206.238985 10.810102 210.687684 -214.257024 163.303440 -234.336391 -142.446796
3 -4.427800 -6.464942 19.371645 0.241987 0.506806 -7.839950 -1.387749
3 -8.655141 -26.446834 81.752773 -65.624450 58.776357 -50.537609 10.734902
3 77.876188 9.421221 246.472535 -128.112188 36.694073 -153.145743 -89.206078
3 25.292931 -51.616987 107.712913 -44.978367 15.726908 -55.944231 3.806833
5 8.081462 -16.218176 -14.837962 -9.746094 27.432038 -8.815131 14.103864
1 14.925276 -4.672626 5.020098 -2.933392 -9.977589 -2.446165 0.084398
5 61.654515 13.999675 -75.172823 -28.734382 131.674133 -82.081294 -21.339826
3 9.231829 -11.386315 21.928640 -20.760803 9.895006 -13.652844 4.744485
5 130.397327 -35.673316 185.205542 -218.641742 333.736221 -260.405312 -134.618720
1 16.886309 -13.077633 -3.945946 -1.124226 5.610850 -10.965358 6.616002
3 4.229480 -7.308393 14.045556 -9.758666 11.021812 -4.271154 -7.958634
1 13.905418 -3.827150 -10.219339 5.482506 2.971050 -7.428094 -0.884392
5 17.786832 -7.975741 16.739503 -26.714482 49.160446 -22.486966 -26.509593
5 268.634914 -30.892827 17.596632 -310.478301 481.742965 -271.993971 -154.609400
5 20.547756 -5.580902 2.458737 -20.543852 34.010352 -13.283895 -17.608197
3 24.804928 -23.489644 51.904027 -45.617863 39.959443 -31.289582 -16.271305
3 28.344514 -19.453001 69.769423 -49.171374 46.205215 -40.953410 -34.741364
3 84.173936 -17.439137 107.613863 -118.100199 87.976145 -100.004474 -44.220131
5 14.933961 -19.491264 9.462312 -34.734033 85.378385 -41.427537 -14.121825
3 207.357948 -37.581041 234.539658 -207.676314 101.296882 -168.737144 -129.199986
1 154.890347 24.902352 -29.099261 -102.856499 125.496593 -90.519756 -82.813770
3 12.423088 -15.779272 36.266243 -19.628975 -2.332865 -13.822064 2.873846
3 20.290682 12.019929 53.238472 -26.674820 40.150817 -52.128908 -46.896173
5 123.803679 -86.302855 73.936360 -86.234230 219.658930 -183.680854 -61.181026
3 32.430756 -18.220917 39.381460 -43.218285 27.146773 -27.691150 -9.828637
1 23.540568 -11.000078 -12.747605 -5.775748 8.412657 -4.694070 2.264277
5 -14.543849 -9.972625 8.272566 2.152725 32.462676 -19.786022 1.414528
1 40.942991 -20.271085 -16.867631 -13.348982 15.802396 -19.884610 13.626921
3 20.667391 -9.857661 101.694942 -55.182866 53.043931 -51.379649 -58.986089
5 208.676033 -92.599864 12.570696 -114.572198 249.096446 -179.956761 -83.214354
5 19.821108 -11.424803 63.107094 -49.432979 88.544761 -82.539685 -28.075500
3 -1.267615 2.826931 16.843872 -9.174355 0.664247 -6.330568 -3.562512
3 73.070098 -39.455552 110.260291 -35.058152 -32.925085 -62.026988 -13.864613
5 22.205865 6.887213 -32.086415 -8.129880 31.522448 -5.106301 -15.292930
3 23.229866 -11.220004 26.969006 -19.196547 -7.866304 -13.298991 1.382974
3 -7.649816 4.206160 21.797225 -15.499103 17.508289 -11.232056 -9.130696
3 3.568221 6.476898 29.898569 -24.416047 11.161857 -17.447895 -9.241600
5 15.112789 -6.984966 -26.105887 -0.084857 31.322373 -11.470126 -1.789327
3 17.004996 -10.903639 49.819137 -50.488409 36.055313 -39.493375 -1.994022
1 15.459992 -0.385153 15.033796 -14.400832 9.666566 -9.220524 -16.153845
3 91.848349 -46.593412 132.623554 -74.943254 9.757390 -74.364757 -38.327872
5 36.063734 -10.257113 73.486944 -68.337611 115.887063 -85.111263 -61.731757
3 19.889975 -14.447959 88.362320 -68.115236 53.634379 -44.721657 -34.601820
5 14.669448 -5.436222 9.410794 -33.265374 63.676718 -26.181776 -22.873586
3 -6.080774 -7.881250 28.940483 -9.124066 11.580289 -6.394708 -11.039974
5 9.186916 -3.590673 2.762165 -4.879893 58.923503 -34.312019 -28.089999
5 5.381899 -13.374727 -3.030759 -11.768620 45.730191 -11.186110 -11.751872
5 -0.770385 -14.058541 -33.905202 9.766088 47.752277 -15.590232 6.805996
5 5.935334 0.012308 -4.997185 -2.932932 9.989415 -3.738108 -4.268834
1 130.711742 15.152474 110.311731 -96.973531 34.700309 -106.898336 -87.004387
3 13.642437 -19.171928 68.246586 -27.271623 -18.561143 -32.227552 15.343223
1 101.492760 23.859333 45.524341 -91.462415 78.382156 -86.632546 -71.163625
1 47.256644 -7.074701 20.499210 -14.381862 -19.149416 -13.235027 -13.914848
1 14.017191 -3.830693 6.522093 -8.416043 8.930545 -6.597732 -10.625362
5 -6.017086 -8.605395 -0.905662 -10.671834 40.354996 -8.084312 -6.070706
5 -16.087867 -7.021354 25.694247 -18.668854 25.832263 -14.330474 4.582040
1 21.581134 -4.579516 4.014013 -9.837580 0.635805 -5.644078 -6.169778
1 221.549320 -132.541190 194.550692 -104.166761 -57.462649 -110.789789 -11.139626
5 -13.549472 -10.644795 33.425762 -31.242134 33.780074 -24.034681 12.265249
5 28.362398 -58.135032 31.171687 -28.814963 137.559652 -77.614984 -32.528758
5 47.726214 -13.459612 3.323321 -34.965114 47.809787 -24.859935 -25.574660
7 0.945281 -5.876008 9.112672 -6.904944 -2.598351 -4.649657 9.971006
5 -6.201073 2.215982 -3.646057 -0.847871 12.265345 -1.830349 -1.955977
3 83.257748 -15.109174 103.597690 -49.306208 -19.144087 -64.541542 -38.754427
3 -2.467243 -4.760463 34.920045 -4.991112 -13.012805 -12.122938 2.434515
3 -29.139044 -38.456996 120.516940 -23.284092 31.801825 -47.745487 -13.693148
1 47.035748 8.070018 1.979364 -33.794657 34.497997 -29.199685 -28.588784
5 -11.494300 -9.220643 14.550424 -11.447446 20.933585 -7.301226 3.979606
1 12.136119 -2.664858 8.230062 -5.426953 -10.481042 -2.387780 0.594452
5 -30.111488 -19.192820 6.293724 -23.196569 65.730183 -17.366371 17.843339
5 1.521616 -6.779671 17.197302 -12.892048 23.027753 -6.922798 -15.152153
3 47.168331 -8.310804 139.868050 -86.845958 55.765690 -84.649032 -62.996274
5 -11.147062 -5.716364 5.859898 -7.730565 22.141005 -6.744974 3.338063
3 -1.371464 6.003185 34.012487 -19.410538 -1.709540 -11.423574 -6.100555
5 -14.685680 3.088761 7.614264 -7.034854 29.953171 -14.518683 -4.416977
3 12.838461 -48.136139 107.259070 -66.013556 21.877738 -74.070926 46.245352
3 25.584708 -1.834633 103.135352 -82.691718 54.367371 -76.494877 -22.066206
5 8.314088 -19.135304 23.550053 -21.078467 80.886400 -39.175446 -33.361327
3 48.588745 -11.338241 71.830860 -44.627009 14.512292 -48.218207 -30.748442
5 0.525659 -12.946028 17.221036 -12.330547 24.745692 -11.409911 -5.805900
1 28.445558 -0.982519 -3.364786 -17.364621 22.435346 -13.949944 -15.219033
5 31.004089 -43.643317 29.759981 -53.378159 122.862453 -46.677508 -39.927539
5 13.363636 -159.947619 233.258542 -169.062760 252.562395 -178.826199 8.652003
1 28.910142 -18.294318 16.750558 -23.199513 27.749050 -18.816024 -13.099896
3 -9.044372 -13.673318 91.157889 -46.774526 19.783385 -29.093148 -12.355912
5 9.792394 -27.600621 39.399273 -33.633646 61.147834 -28.783486 -20.321750
3 6.821080 -4.186982 65.665222 -38.423437 7.098311 -23.383954 -13.590241
5 -17.874389 -24.209737 40.030560 -32.659856 65.144332 -22.734658 -7.696250
3 -2.195878 -4.663941 62.435455 -21.970525 26.717776 -44.373586 -15.949299
5 5.569002 -15.929362 -13.483107 -39.404905 119.825347 -38.790876 -17.786101
5 4.142971 -11.193826 39.452977 -47.258841 128.852086 -57.461839 -56.533527
5 29.710224 -51.035413 133.534122 -97.827979 153.195252 -106.594478 -60.981727
1 10.278324 -5.376414 1.517577 3.555283 -3.193988 -8.784619 2.003835
1 52.704058 -11.518023 49.214348 -33.529803 -1.396998 -37.244591 -18.228990
1 221.433640 -92.508493 38.248410 -95.213038 84.870508 -93.740232 -63.090798
5 8.292372 -4.227175 -8.552131 -3.957391 10.041880 -3.273858 1.676304
3 15.894414 -9.243748 33.090860 -13.821216 -9.121627 -12.005138 -4.793545
3 6.875686 -9.462091 35.100715 -13.599091 -4.793015 -21.971969 7.849764
1 11.577157 -7.827677 10.952008 -6.453811 -1.885984 -4.013472 -2.348223
5 -4.185615 8.184291 -4.452659 -34.732345 72.256218 -23.842019 -13.227866
5 5.755234 0.631501 2.841430 -2.695901 11.722767 -13.314022 -4.941008
5 4.657546 -0.767926 -19.318826 -2.234558 18.825918 -2.218413 1.056259
3 10.892382 -2.869768 23.684861 -12.821936 -6.620706 -8.776733 -3.488100
1 15.670309 -7.755636 13.164845 -21.063204 -0.878351 -13.318472 14.180508
3 19.249168 -15.567480 30.316583 -5.172999 -3.186196 -24.550894 -1.088184
5 46.965565 -10.348325 4.071572 -87.266311 148.222171 -70.886677 -30.757993
5 2.130080 -18.248468 -20.473330 7.030358 51.387029 -24.777713 2.952042
3 -7.570142 -2.179862 9.616099 -1.310389 2.213903 -1.149001 0.379391
5 11.934981 3.624272 31.601691 -47.948717 50.164390 -46.753026 -2.623588
5 13.110860 -20.508479 33.422305 -25.383543 49.634373 -36.996866 -13.278651
3 17.251391 -44.487590 162.691469 -30.721297 -59.672605 -43.432853 -1.628518
3 -11.137579 -9.732048 17.275043 1.731942 16.145777 -8.328339 -5.954798
5 2.282385 -9.179274 10.078647 -7.285582 11.721278 -6.641631 -0.975823
5 -6.803927 3.426005 -5.937935 -8.902098 39.364019 -7.749205 -13.396857
1 71.518739 -21.809322 23.240595 -24.976263 -0.144338 -27.657608 -20.171805
5 -15.743471 -5.278746 24.388806 -5.299310 26.434952 -13.926941 -10.575290
3 6.805647 -7.975096 15.350327 -1.786230 2.398918 -10.969819 -3.823749
5 7.025093 -17.481801 -6.524243 -9.256809 45.623094 -20.440068 1.054734
3 27.860386 -28.111562 67.137492 -11.389669 -1.328882 -38.966482 -15.201285
3 47.312332 -10.909397 70.073452 -55.545603 38.036390 -37.026640 -51.940533
5 7.156392 -1.020630 -27.755581 -15.084027 60.167192 -10.239531 -13.223815
5 -2.324026 -11.038988 111.565851 -93.432759 130.696611 -86.371035 -49.095653
1 16.805239 -7.455247 2.727366 5.315830 -11.535007 -6.884072 1.025891
5 -10.101391 -6.710785 13.016835 -6.553896 19.756575 -3.890432 -5.516906
5 135.750273 -138.743353 109.832108 -136.991906 172.062098 -166.497510 24.588280
1 15.194574 -6.425069 -7.328855 -8.927711 7.820693 -7.613856 7.280224
5 6.372523 -17.038229 -22.252438 -12.553348 69.845710 -20.462093 -3.912125
3 6.287837 -8.744584 33.075467 -6.770655 -0.271739 -15.171160 -8.405168
3 180.652764 9.809496 291.590565 -241.473277 162.405876 -240.054834 -162.930584
1 5.043981 2.243855 -0.654736 -0.212704 -4.000669 -0.589740 -1.829987
5 0.224912 -5.515421 11.965957 -9.885966 14.463514 -4.659218 -6.593778
3 2.895988 -10.585610 28.518040 -12.126672 11.354147 -11.253768 -8.802126
3 -5.011489 -21.161859 49.297213 -29.076563 17.634102 -20.539807 8.858404
1 58.389837 -6.414050 2.293327 -10.089264 -12.171085 -17.140262 -14.868501
5 2.711476 3.568820 -3.800770 -6.887192 19.900474 -6.258996 -9.233812
3 -8.312639 -2.904087 17.394838 -10.843717 5.840821 -7.592430 6.417213
1 70.291327 8.578068 61.762810 -55.473858 14.908668 -64.370443 -35.696569
1 79.941546 34.031313 51.555621 -68.318355 3.586092 -43.247189 -57.549025
5 63.373784 -7.604902 16.218456 -52.610224 78.714832 -67.516730 -30.575217
3 10.346376 -21.369449 111.169055 -67.170729 72.144561 -73.023930 -32.095887
3 -6.511929 -2.977421 12.291036 -3.384995 -0.164397 -1.338033 2.085739
1 56.877037 11.343118 26.284568 -58.640084 42.860750 -39.515983 -39.209405
1 28.415480 9.973980 27.954382 -9.013092 -5.950811 -28.208768 -23.171172
3 -15.136547 -18.139866 32.418125 -16.466109 30.565724 -11.521272 -1.720054
1 58.010805 -19.047010 35.161873 -34.141049 4.973261 -24.745772 -20.212110
5 -15.696805 -2.817694 -11.272596 -8.818834 41.291653 -6.244707 3.558983
3 10.389246 -8.797392 28.326558 -11.266456 -7.045791 -5.969398 -5.636769
1 35.406239 -8.667404 7.706898 -11.332049 2.032097 -8.962513 -16.183269
3 -9.261539 -9.317869 33.794762 -7.624264 17.110303 -16.988813 -7.712579
5 178.948412 -2.769106 176.812889 -150.450236 184.174258 -261.665384 -125.050827
1 98.387837 -34.638947 -23.635700 -7.230227 24.929907 -52.804421 -5.008452
3 -8.336348 -10.361616 36.391067 -8.343866 6.597383 -13.694081 -2.252541
3 8.364762 -39.616401 54.446142 -30.657715 4.846483 -36.553076 39.169805
5 37.764862 -172.885768 105.988819 -114.287708 272.899371 -152.523782 23.044206
3 12.895967 -4.702281 24.896789 -24.569115 14.488598 -17.804771 -5.205186
5 -15.963051 -5.075581 11.435807 -6.627382 21.024003 -4.609493 -0.184305
3 0.819261 8.479937 80.387260 -37.472067 -5.609823 -23.399301 -23.205264
5 -9.182648 -3.402292 1.116977 -4.152745 14.449035 -3.302513 4.474187
3 -1.004027 -47.846969 77.524578 -56.339340 65.041140 -49.632271 12.256890
4 -8.218258 -8.156482 10.339844 11.648453 8.100165 -10.213848 -3.499876
3 -34.535298 -3.734001 61.497274 -9.645790 1.816745 -14.450398 -0.948534
5 80.097590 -40.525415 5.494214 -60.258890 98.704783 -57.234715 -26.277563
5 -8.445078 -44.955251 73.678477 -44.283964 84.741863 -41.546453 -19.189593
3 28.117188 -3.808191 42.009750 -12.465573 -37.061903 -11.394278 -5.396993
1 128.134528 -1.134817 -18.700876 -40.347420 32.030328 -48.846935 -51.134811
3 20.777821 -4.563274 22.564232 -4.914010 -13.884381 -13.449317 -6.531072
5 35.076723 -29.613166 8.606617 -20.663673 62.229104 -44.469011 -11.166599
3 70.499339 -20.464620 94.684272 -75.847224 92.350950 -88.533724 -72.688992
1 41.236363 -12.713643 38.393934 -39.708093 23.368588 -26.780130 -23.797020
1 27.087238 -12.710485 21.754300 -8.953042 -6.259884 -9.327352 -11.590776
5 13.563499 -41.256338 52.050206 -41.813564 60.306989 -52.607338 9.756548
3 -5.387038 -34.774074 271.149882 -73.943057 23.779308 -128.380130 -52.444890
1 11.989523 -2.811864 -5.316436 -4.158342 -0.624154 -3.323813 4.245085
5 11.460682 -10.529254 -48.837924 -20.283734 129.575649 -55.045589 -6.339831
5 -3.261845 2.018918 8.575185 -11.078120 23.067866 -8.022193 -11.299810
3 35.870588 -20.923173 73.478025 -27.976620 -24.198875 -25.888405 -10.361540
5 9.302279 -56.798151 146.415039 -114.517211 163.375329 -123.306201 -24.471083
3 -17.789270 -14.059396 38.443455 -19.085635 25.528628 -13.663305 0.625523
5 -17.095815 4.041601 86.327508 -47.699060 105.249044 -75.119966 -55.703311
3 1.115578 -5.049326 23.259401 -12.342647 5.664130 -7.760177 -4.886958
3 -6.745229 -6.220106 22.008418 -5.446190 2.894736 -2.581427 -3.910203
3 84.318968 -38.018194 212.137009 -85.465114 11.680390 -123.223103 -61.429952
3 -12.494413 -4.192639 78.779259 -34.267251 25.645798 -35.334965 -18.135787
5 184.254953 -4.695462 208.765411 -230.185733 222.572535 -194.036133 -186.675566
1 31.533189 -3.706529 -6.415851 -11.021946 25.207746 -29.136320 -6.460289
3 34.516693 -2.014969 79.848147 -45.642550 -4.456253 -31.958016 -30.293053
3 -4.031600 -35.745060 78.961815 -31.909038 39.116282 -29.652899 -16.739500
5 -50.546185 -23.691048 76.019660 -37.724341 78.222403 -42.111427 -0.169059
3 4.515693 -19.502944 38.879690 -18.033644 36.004017 -22.801005 -19.061810
3 12.881337 -26.372793 54.971611 -32.203109 37.568341 -33.154762 -13.690629
1 52.988816 -18.558596 11.182316 -27.477341 -0.141531 -21.784069 3.790405
5 44.679974 -9.126982 23.631238 -28.155641 45.198127 -35.083342 -41.143372
3 9.217963 -17.906394 48.633331 -35.857817 26.249793 -25.043937 -5.292942
3 53.757652 -25.106262 71.356130 -58.180365 26.102966 -43.910431 -24.019691
3 27.486026 -6.382102 181.416371 -112.505711 74.579396 -89.194498 -75.399475
5 73.827686 -34.541409 73.527960 -105.561964 133.087151 -80.985273 -59.354147
3 -6.556703 -1.742098 37.086499 -16.128184 6.952439 -9.288745 -10.323210
1 42.692589 -7.048116 30.902568 -19.836320 9.187135 -37.741235 -18.156622
5 96.355962 -24.689415 47.428493 -104.620039 125.184286 -72.872145 -66.787139
1 22.934892 -7.048727 -8.923748 1.543560 8.180497 -11.174479 -5.511995
5 75.426867 -58.645307 147.048552 -86.190580 155.208424 -141.871478 -90.976477
1 238.718530 -100.842974 234.584158 -166.098058 98.001294 -195.897824 -108.465120
3 19.009209 -16.360963 93.995490 -68.248606 79.426793 -81.901017 -25.920902
3 1.855203 -6.620588 12.379968 -2.882731 6.904428 -3.865056 -7.771223
5 0.502100 -5.490961 -12.801645 -6.489477 30.183207 -5.891620 -0.011604
5 1.104942 1.962394 -17.784443 -0.847871 17.736985 -1.830349 -0.341658
