1 71.976429 -12.285918 13.772089 -23.306314 14.542728 -28.263717 -8.327463 -28.107835
3 76.844797 -6.738585 147.038835 -77.200745 82.214487 -97.290478 -33.553261 -91.315057
6 -7.442671 2.364740 5.604841 -3.527624 3.975756 7.235586 -2.481698 -5.728932
1 21.634666 -9.000705 3.576908 -11.728200 18.925907 -2.531786 -0.343840 -20.532949
1 46.069414 6.189460 6.631967 -14.316466 -2.727794 -16.669214 -8.767506 -16.409860
3 243.676054 -94.909186 275.916111 -198.062259 204.915813 -267.757231 52.823184 -216.602497
5 15.596782 -9.699080 0.448835 -9.063666 30.918351 -11.655814 -4.520199 -12.025210
1 9.920940 -9.155500 4.912713 -6.123963 -9.118051 -8.312267 8.712684 9.163442
3 12.827834 -3.674976 16.332833 -3.739099 -6.626251 -4.534646 -4.791260 -5.794435
5 23.476090 -13.504121 46.529215 -38.050969 62.422379 -49.112845 12.558897 -44.318646
1 48.788604 -32.240483 36.804946 -27.026737 47.188974 -39.242017 8.420688 -42.693978
1 28.188033 16.222470 27.026836 -17.334610 -13.745343 -7.007761 -10.959612 -22.390014
1 50.200912 -16.045054 -18.002242 -15.155575 33.712352 -17.880427 -2.969506 -13.860459
1 31.256830 18.969125 18.686039 -25.416274 30.775939 -31.942760 -10.198098 -32.130800
1 50.509014 -19.067489 0.528672 -12.614903 20.692657 -12.777250 -14.678944 -12.591758
1 90.301675 -22.635136 22.715072 -32.461213 40.867156 -42.074572 -5.836011 -50.876972
3 32.197321 14.061306 36.793454 -26.474055 10.266029 -20.371793 -14.802558 -31.669701
1 90.486346 -24.529993 60.694448 -50.881653 37.186364 -47.253669 -7.312962 -58.388881
3 3.134453 -7.930468 46.596784 -16.221347 16.819621 -4.830727 -17.980969 -19.587350
5 109.348671 -24.348299 102.754582 -104.083654 143.502552 -132.859050 -2.703557 -91.611258
3 63.676410 17.433334 106.393190 -38.343756 -26.788341 -46.935631 -29.291079 -46.144120
2 6.741086 9.783520 9.694007 -3.825991 -8.874668 -4.392025 -3.133596 -5.992332
1 171.744490 -60.562814 120.818251 -93.411449 53.044230 -128.385308 59.861964 -123.109375
1 17.457473 -5.494198 1.370327 -9.981137 17.010556 -13.366470 6.359692 -13.356245
3 -0.659317 -5.335499 8.299267 -6.423410 4.815499 6.078061 0.239770 -7.014370
3 12.468858 0.639146 43.531574 -16.928915 11.608187 -19.520664 -9.949921 -21.848265
3 42.935215 3.185167 93.647982 -58.679178 45.097004 -70.542350 -15.349453 -40.294389
1 76.074410 -33.384771 28.810472 -43.649647 55.032524 -59.746554 47.862483 -70.998920
2 10.657114 10.998499 -2.695494 -2.505293 -8.068634 -2.494234 -3.851245 -2.040714
3 9.122705 -17.872867 155.296752 -52.080748 59.540283 -51.412457 -20.743978 -81.849693
1 261.489230 -20.704324 147.687711 -107.004118 45.897645 -134.615377 -62.311865 -130.438905
1 20.866623 -5.184637 -0.212954 -3.865917 1.712333 -4.122389 -4.919897 -4.273161
1 91.490191 -59.257494 63.069748 -48.345926 37.372251 -41.013074 8.486029 -51.801724
1 348.446642 -63.474121 78.865766 -124.438050 -56.425781 -127.479895 86.879017 -142.373581
1 71.681483 5.510687 20.297710 -26.133564 -3.918464 -20.993013 -16.114783 -30.330054
3 14.934934 7.210785 23.567766 -9.849258 -4.042314 -11.366356 -9.728654 -10.726902
1 60.511256 -6.936783 20.922173 -14.093292 -29.588272 -15.006961 0.226980 -16.035102
5 -21.573639 5.827465 18.323226 -7.770954 22.073318 0.793850 -10.336558 -7.336707
1 28.310905 -5.613753 17.320596 -5.706549 -17.073547 -5.156526 -6.993899 -5.087228
3 4.826654 -1.898012 16.245873 -4.861966 1.919760 -8.958759 1.028072 -8.301621
3 6.813603 0.128267 16.537421 -9.654973 13.277407 -2.088402 -11.487940 -13.525381
1 67.109619 -16.209228 5.660497 -16.915114 5.114363 -21.130586 -1.295378 -22.334174
1 41.824879 -5.797182 3.630365 -15.522417 24.036843 -18.995858 -11.207250 -17.969381
5 191.081770 -106.669150 45.762761 -109.236469 222.701570 -104.499849 -4.350773 -134.789861
5 16.683226 -1.820796 -13.813560 -6.335845 24.755696 -7.329429 -3.734522 -8.404771
5 23.587760 -12.659149 27.843636 -22.955606 29.351835 -12.680595 -5.244508 -27.243371
1 120.800604 -39.829971 63.965875 -77.166651 109.032052 -107.814749 29.579005 -98.566171
1 162.760899 -41.299240 84.719147 -89.726050 113.507862 -128.388661 18.206786 -119.780752
1 7.651174 -0.386265 -4.166456 0.000000 -3.015642 0.000000 -0.082811 0.000000
1 99.660780 -31.699050 71.410209 -60.593750 16.840528 -65.886309 10.202501 -39.934910
1 32.052489 -11.281713 13.001391 -13.008704 24.126182 -16.510732 -12.603427 -15.775487
1 348.967417 -96.856449 92.408132 -115.276932 -3.261081 -54.748992 -46.127322 -125.104772
3 4.741938 -4.514309 38.963590 -7.398492 -13.228982 2.641570 -10.560529 -10.644783
1 88.668525 -32.706314 69.300994 -37.693991 25.549547 -45.075056 -16.921761 -51.121948
3 42.431276 -11.080201 42.509872 -33.381579 40.680771 -32.430223 -22.774935 -25.954981
1 63.110837 -5.088058 48.335597 -55.809962 49.579139 -77.518733 39.873943 -62.482765
1 21.625025 -18.451392 3.602737 -12.343300 6.423374 -15.722054 14.482071 0.383538
5 127.808230 -6.189206 -27.458105 -59.109061 146.593139 -65.510639 -27.867448 -88.266909
1 36.351477 -6.718837 -0.406662 -15.070161 8.655816 -19.542584 1.730716 -4.999765
1 97.250788 -16.520180 23.903019 -39.792581 63.956564 -55.245380 -36.330034 -37.222198
1 107.707449 -5.339028 98.624732 -70.054668 36.006690 -89.378700 -32.908505 -44.657968
1 33.597207 5.339985 14.610190 -12.366635 -5.955481 -13.166902 -7.806307 -14.252057
5 23.476220 -14.616784 6.877699 -15.778392 36.207696 -20.497817 -11.890323 -3.778300
1 24.153418 -11.440559 -3.581601 -7.716145 9.821202 2.298177 -5.873533 -7.660956
5 8.439579 -3.512387 -9.169117 -10.959636 34.859668 -5.118393 -2.331018 -12.208696
1 30.660373 4.094918 18.164749 -13.351506 8.262661 -18.418657 -10.008675 -19.403862
5 22.467513 -17.428411 7.592418 -25.448042 66.633110 -19.769433 0.974446 -35.021601
5 8.089458 -2.989993 -10.340242 -3.432860 19.370520 -5.035168 -2.855061 -2.806654
1 178.453253 -34.839388 63.466909 -56.533261 -18.903876 -54.952958 -31.983542 -44.707138
3 2.360804 -6.374617 27.582061 -4.699281 2.340955 -6.398269 -7.312361 -7.499291
5 10.899748 -22.594824 55.379108 -48.920374 85.101792 -47.420127 15.686790 -48.132122
3 -22.884896 -9.582465 31.942591 -14.895945 31.272079 3.616417 2.520959 -21.988741
3 -5.359887 -1.446833 14.329910 -2.230642 -11.511397 10.575303 -1.886724 -2.469731
1 38.258960 -7.293038 -4.780380 -11.719275 -13.952082 -0.851603 -0.354421 0.691839
5 10.312888 -6.472128 -0.897207 -12.528542 43.268328 -16.701859 -0.358378 -16.623103
3 15.550123 -7.118629 27.504850 -8.772943 -20.226234 -11.133333 -0.828022 5.024189
1 32.322706 -13.446972 13.658951 -17.418903 -18.086932 -7.023135 -5.113643 15.107926
3 55.286217 -23.794340 62.361737 -26.860732 -23.278288 -31.371875 7.880821 -20.223542
1 47.763878 -7.713362 4.937210 -13.769733 13.000871 -16.457685 -11.454099 -16.307081
3 -3.236345 -21.998936 90.659571 -46.199837 77.239800 -45.789755 -30.624341 -20.050158
1 66.249906 -9.781573 -2.235423 -13.260100 5.022615 -18.611021 -5.431627 -21.952776
3 -3.323854 11.210313 32.687166 -9.724451 -1.691970 -13.900354 -2.161795 -13.095054
1 26.889418 -14.015133 0.442275 -12.108421 26.516136 -21.033301 15.599359 -22.290334
3 4.933177 -4.239880 13.476150 -3.032031 -0.146492 -6.389745 2.165810 -6.766989
1 48.079791 -9.955389 5.566933 -13.412202 23.324262 -19.132454 -15.433962 -19.036976
1 295.569025 -68.953637 75.229055 -80.402418 29.473176 -90.629317 -80.195253 -80.090635
1 32.728431 -2.640011 28.030211 -11.074163 -24.851344 -2.138346 -2.781533 -17.273244
1 148.349191 -32.558196 4.067085 -45.248905 37.868376 -52.469688 13.076480 -73.084346
1 66.556178 29.918844 43.234857 -43.536763 26.747755 -54.160257 -37.654725 -31.105889
1 69.145322 -31.377951 1.154378 -27.234266 60.915979 -43.718516 17.791740 -46.676687
3 -13.088659 -8.237038 61.207535 -18.212709 4.631344 -19.963296 -18.299772 11.962591
1 13.580171 0.075172 4.958016 -7.145379 6.120583 -8.740534 -2.505843 -6.342186
1 51.181292 -15.660565 17.352695 -20.029436 37.284352 -26.073731 -16.198666 -27.855940
1 49.966906 0.958859 15.046852 -18.494353 -5.413241 -23.431937 -14.851695 -3.781390
1 90.593319 -5.086078 17.485875 -36.135200 17.765211 -49.867494 4.369586 -39.125221
3 21.140787 -11.074590 69.941037 -21.857659 12.515453 -31.169196 -7.246539 -32.249292
5 3.638043 4.231515 -0.430379 -15.954314 52.580863 -12.341330 -10.973791 -20.750605
1 75.802866 -14.714127 9.211362 -36.630313 54.066307 -53.377784 3.820170 -38.178480
5 9.512416 -8.588086 2.188583 -6.937058 29.688039 -14.881462 2.299383 -13.281816
3 3.382442 -3.407915 39.674474 -19.071046 21.872324 -14.028398 0.715633 -29.137513
5 44.128239 -1.899440 9.141638 -36.070014 76.855354 -42.360691 -21.024162 -28.770928
1 411.907546 -91.028530 217.976638 -232.555667 188.734874 -309.175289 90.623411 -276.483004
1 46.301065 -12.686810 -9.214021 -12.163965 22.934356 -15.388075 -5.486174 -14.296376
1 117.537838 -27.481684 5.751997 -26.779922 -1.584326 -35.941639 5.322747 -36.825013
1 50.973065 -9.829555 -9.457342 -12.156093 12.493406 -17.393910 1.823939 -16.453512
3 1.523106 0.468186 18.227696 -1.380986 -14.873815 -1.031465 -1.448193 -1.484529
6 5.033487 5.063624 2.288596 -4.150681 -9.945926 8.072906 -1.845570 -4.516437
5 61.242302 -16.198279 14.905065 -25.763756 62.314947 -35.697221 -18.618113 -42.184947
3 16.766650 11.779065 41.779643 -10.430334 -25.049069 -10.786704 -11.620456 -12.438795
1 383.446943 8.736867 294.618713 -187.772216 -36.772818 -230.733077 -41.146918 -190.377513
1 57.987811 -16.093044 -7.016303 -11.481768 -13.475149 -13.305472 -0.255430 3.639354
3 29.270071 -13.613489 37.605197 -19.799028 -11.503868 -30.796855 25.518330 -16.680359
5 30.421195 -18.769280 11.622641 -16.477982 38.131392 -9.077721 -20.538930 -15.311314
1 39.475980 -4.521264 -5.196382 -12.017211 6.737638 -18.329472 15.279408 -21.428697
1 107.908244 -23.966221 8.425478 -24.554524 1.623014 -15.991870 -20.278935 -33.165184
1 48.236095 -8.434301 6.728755 -9.057386 -20.739552 1.556686 -4.393611 -13.896684
5 29.648161 -16.793133 7.665314 -20.227997 48.915817 -20.185556 0.625473 -29.648079
1 50.019311 -14.369629 -2.488534 -13.875491 28.263440 -20.372224 -4.227145 -22.949728
5 27.261860 -12.390599 5.478913 -14.760035 45.592755 -25.005224 0.287508 -26.465179
3 36.803045 -20.673309 61.695804 -35.695168 24.774133 -39.678971 -26.109583 -1.115951
1 304.230241 -59.410576 227.445693 -147.794125 -18.429371 -155.798829 -73.621092 -76.621941
5 6.023008 -4.066925 20.369694 -14.499893 22.810741 -5.714630 -4.096264 -20.825731
3 41.897871 -15.389366 47.697245 -30.435112 46.615447 -43.021815 -5.236172 -42.128097
1 79.289295 -20.737163 -11.371166 -24.308238 30.313813 -31.214936 -11.727720 -10.243886
1 135.707476 -44.113810 68.708176 -62.455042 58.571301 -82.643067 -6.513953 -67.261083
1 56.975693 -6.082325 -11.778034 -9.520457 4.214682 -12.004495 -10.768957 -11.036107
5 10.895363 -1.292295 1.508048 -8.925686 22.433429 -0.112274 -13.445620 -11.060964
1 68.596099 -9.239345 -1.935300 -12.829072 -21.443471 -13.380465 5.207185 -14.975631
1 178.594883 -9.688714 151.575589 -122.863970 61.861352 -167.935846 57.663390 -149.206691
1 25.451569 -14.175520 -4.245143 -9.485348 5.904795 -9.591906 -2.639767 8.781319
1 23.307610 -5.418849 2.978119 -5.747621 10.581047 -8.001457 -7.041141 -10.657708
1 32.124739 7.791654 31.153182 -30.162969 13.244111 -39.022386 6.867914 -21.996247
5 0.325183 -16.180291 8.914321 -15.240262 23.875681 -16.845023 -5.363072 20.513461
3 37.713065 -16.899681 85.142728 -43.549572 53.733004 -41.648364 -13.292022 -61.199160
1 71.893857 1.123474 52.254800 -38.562533 38.115457 -50.038599 -20.035136 -54.751321
1 16.118130 -1.679632 13.617409 -10.840420 4.962782 -13.855886 3.801707 -12.124090
5 5.934791 -5.759779 -1.266263 -11.630349 32.812265 -4.442854 -13.302607 -2.345203
5 4.116091 -4.254592 11.297785 -3.905027 12.775684 -8.281878 -3.415352 -8.332712
5 191.436368 -64.511558 122.445246 -164.501840 270.034923 -165.310527 -11.934426 -177.658194
3 -10.608307 -0.618104 29.655991 -3.982303 -1.972445 -3.844126 -3.056191 -5.574515
1 86.362365 -23.405715 19.928437 -31.552670 10.003602 -23.006629 -2.579836 -35.749550
1 306.318389 117.726633 187.952740 -193.095282 106.430528 -205.354740 -97.934621 -222.043645
1 95.733703 -20.411965 48.147844 -39.433237 -6.776815 -49.075209 5.274017 -33.458341
1 136.245384 -35.602917 85.925812 -64.652652 48.719346 -69.468623 -20.079157 -81.087196
1 84.967485 -24.415306 25.708800 -28.088327 -8.400703 -5.817172 -14.570088 -29.384689
1 24.687991 -3.880845 -1.707633 -7.402747 9.299765 -8.157965 -5.289798 -7.548768
1 15.057692 -1.399841 9.764425 -6.573236 6.627411 -8.121746 -9.596100 -5.758604
1 197.083525 -79.645679 122.035960 -124.193425 108.913159 -170.403910 50.578292 -104.367935
3 44.537297 -23.069509 72.593298 -24.337672 24.925856 -33.231111 -25.646587 -35.771574
3 7.447346 -5.276637 12.158935 -4.695998 -22.114856 -5.052740 5.650591 11.883358
3 36.455524 -27.760479 54.347775 -34.426181 36.701856 -24.748504 12.701921 -53.271913
1 89.107550 -39.563523 67.920841 -45.621745 -9.044131 -63.002515 31.142136 -30.938618
1 124.718420 -36.258946 20.087479 -48.904965 10.841151 -17.950614 20.955717 -73.488243
1 30.792596 1.106053 0.619490 -6.815618 -6.371508 -7.061623 -5.296621 -6.972769
1 104.948262 -13.628218 36.568761 -36.999262 19.535292 -43.204152 -23.523560 -43.697126
5 24.610770 -17.206456 20.937027 -23.482721 28.806193 -31.406076 13.634412 -15.893149
3 25.771967 0.484233 43.773508 -8.644966 -30.869839 -9.348290 -11.624935 -9.541676
3 35.926106 -6.245829 87.776972 -41.246744 38.371375 -27.056692 -30.206590 -57.318598
8 -6.896214 -2.661754 8.982664 -2.410687 -12.469908 -3.052845 4.407197 14.101548
5 -22.596982 -12.858869 14.620416 -16.559286 28.891442 -2.256620 0.398922 10.360980
5 17.333200 -7.625452 -1.465704 -6.520469 18.160218 -8.445434 -1.978765 -9.457593
5 -10.264264 -11.884513 2.637289 -12.787842 53.029531 2.132742 1.736227 -24.599168
3 35.081982 -20.193579 104.281570 -35.447205 -3.823975 -37.280959 -2.342395 -40.275442
5 36.678702 -36.246417 110.307669 -63.808747 127.820692 -71.713617 -31.959829 -71.078455
5 11.656542 -2.989993 -12.837120 -3.432860 18.672963 -5.035168 -3.227710 -2.806654
1 33.237000 -16.552162 12.482489 -13.136411 -26.302230 -16.290069 24.144995 2.416388
7 81.091557 -46.025807 21.616154 -47.760313 24.598912 -66.556292 84.916731 -51.880948
1 21.874488 -2.456580 11.651986 -9.268053 2.381063 -11.282993 -2.536675 -10.363234
3 52.826629 4.620743 65.080309 -39.077049 26.952997 -52.863818 -0.113101 -57.426709
1 46.345559 18.159496 14.937489 -19.723344 -6.100050 -24.264225 -4.774582 -24.580343
1 82.146172 -23.267339 20.600502 -24.803258 -27.835785 -33.881434 41.093067 -34.051927
1 215.707783 -32.075947 26.045543 -70.089544 -36.017612 -53.903609 -26.167000 -23.499613
5 80.765721 -64.802939 130.591665 -103.591667 186.463875 -121.631908 9.895978 -117.690733
1 4.064260 -0.128389 0.311443 0.000000 -2.920679 -0.353384 -0.483559 -0.489693
5 2.676985 -6.610822 5.665121 -9.257923 22.392747 -12.004534 -9.310060 6.448485
1 27.343880 9.173198 -0.844856 -10.887927 3.282953 -12.629745 -4.711255 -10.726247
5 22.180460 -26.765402 17.882565 -23.195988 63.945023 4.031624 -27.784856 -30.293425
1 58.698369 -15.241208 34.065311 -15.160579 -16.856043 -18.182261 -5.178774 -22.144813
1 105.088198 -31.840830 70.817239 -56.339739 82.128933 -81.367828 -8.683585 -79.802383
5 11.200156 -13.416655 72.505413 -39.094952 73.114091 -30.297702 -31.045759 -42.964591
1 114.591737 4.043825 66.884120 -58.361204 35.851613 -50.802986 -54.003262 -58.203844
1 382.474767 -129.203611 77.657132 -168.048943 253.246048 -235.902720 44.375928 -224.598611
1 73.065098 4.141960 22.504036 -32.190459 21.000807 -42.271660 3.837416 -50.087199
5 9.506083 -16.214914 29.282283 -18.187914 50.205283 -25.816226 -18.313586 -10.461008
1 176.681670 -18.933284 111.119765 -76.144236 -2.777676 -96.443863 -8.179210 -85.323172
5 22.004739 5.410954 8.105590 -14.887619 24.500429 -19.298173 -9.603509 -16.232410
1 202.733741 -29.525850 161.128813 -106.352072 18.473330 -143.041860 38.221994 -141.638102
1 55.185065 -25.024365 21.407451 -22.263182 23.769887 -27.549714 4.846235 -30.371378
1 546.063538 -181.939043 288.593981 -279.434412 298.352902 -325.837693 -42.945034 -302.854256
3 -9.292693 -0.456553 44.076138 -3.111589 -12.317247 -5.092557 -8.346497 -5.458999
1 10.759769 -2.914939 -6.061037 -2.654552 8.846550 -4.676429 2.374763 -5.674126
1 18.565130 1.043155 9.269643 -5.808653 -3.882099 -6.303413 -6.941545 -5.942217
3 25.044379 4.613981 60.460290 -21.571009 2.353212 -27.025534 -19.148622 -24.726697
5 3.449103 -9.703012 5.684896 -10.217668 34.262842 -5.694490 -0.351521 -17.430150
1 92.532736 -58.019391 72.308822 -59.941209 43.132220 -79.992726 19.139481 -29.159938
1 24.623067 -9.140416 -5.814810 -9.457540 20.074243 -0.805855 -10.146542 -9.332147
5 -22.881022 -18.735300 20.079287 -25.630665 54.389308 -14.251179 10.458290 -3.428721
3 4.573682 -1.847215 23.231560 -1.550406 -3.787346 -4.623002 -10.432752 -5.564522
1 125.321769 -46.537607 54.367031 -46.083537 73.401294 -51.071998 -40.489512 -68.907441
5 6.948302 -7.152372 9.904306 -7.699954 14.215547 -12.068868 -7.800767 3.653806
3 9.098249 -3.868716 18.527509 -5.802891 -5.617201 4.961025 -8.820493 -8.477481
1 107.307417 -34.137643 43.749181 -37.446979 -2.015373 -33.449831 -36.573970 -7.432804
1 24.850159 -3.880845 -3.781660 -7.402747 10.994625 -8.157965 -5.072799 -7.548768
1 115.790870 -21.966748 -6.417311 -29.305402 -10.413136 -31.773958 13.342999 -29.257315
3 109.914201 -32.356977 140.250196 -65.039210 -0.752062 -73.936846 -8.582821 -69.496492
1 167.158593 -60.249503 98.618856 -75.044435 59.719998 -106.834212 24.385191 -107.754492
5 20.340199 -11.395169 3.457624 -12.469560 38.075532 -5.640442 -17.589908 -14.778276
3 3.415217 -26.187381 98.444727 -44.737578 74.674695 -41.084694 -16.328278 -48.196705
3 5.290075 0.654193 14.015431 -2.120566 -9.191927 -2.643361 -3.545364 -2.458479
1 73.525550 -48.908493 67.850876 -50.760298 50.951417 -70.976987 22.816213 -44.498282
5 31.659317 -6.398026 24.752757 -38.023261 68.639169 -51.061286 -14.841672 -14.726999
3 42.814822 27.222298 118.833516 -50.070782 -32.208622 -63.363549 3.349940 -46.577623
1 52.105797 -7.891302 2.557524 -21.737389 23.062975 -13.475736 -9.146399 -25.475468
1 40.377038 -21.252582 9.705293 -12.371152 13.708917 -0.592694 -15.453337 -14.121484
1 16.040501 12.305330 7.274445 -7.977483 -2.987407 -9.051967 -7.197992 -8.405427
3 24.645953 -11.197498 56.362232 -23.781657 28.057877 -35.628393 3.209549 -41.668065
3 3.787645 0.537438 17.960231 -7.614678 -1.597420 -9.648508 5.981539 -9.406250
1 26.934360 -5.526913 -8.043619 -9.157421 22.490146 -13.695951 1.850373 -14.850975
3 125.824948 -19.106906 215.977138 -87.051096 23.264575 -103.204472 -37.551054 -118.153142
3 24.375773 7.121576 33.225117 -13.134606 -11.340143 -13.773076 -12.799716 -13.674927
5 28.722442 1.459065 61.517647 -47.523842 67.740180 -57.107061 -4.980897 -49.827536
3 -9.574984 -13.736752 67.243514 -19.695416 42.733094 -23.061024 -15.550112 -28.358321
1 361.290744 -101.379242 270.850146 -171.124872 29.677801 -239.020677 117.933168 -268.227085
3 4.538631 -10.224723 58.637475 -23.838358 6.184487 -17.650431 15.785595 -33.432679
3 81.877703 -33.899159 98.852402 -59.173148 30.834131 -78.982349 28.310571 -67.820155
3 49.761279 -35.818187 164.000929 -74.129406 20.577098 -86.306255 15.021774 -53.107236
1 96.639745 -47.112273 74.931702 -63.885227 81.086398 -82.375470 16.950083 -76.234965
1 33.365973 0.826382 28.205627 -9.160791 -25.243306 -8.479896 -11.061183 -8.452808
1 161.331484 -37.945192 25.466321 -59.422048 60.002846 -85.019506 1.252013 -65.665920
3 68.416473 -22.194661 99.756505 -54.384208 55.456163 -83.807242 29.623674 -92.866710
1 251.123960 -90.963550 91.120073 -121.764619 87.940196 -137.383577 13.741590 -93.814079
1 88.877104 6.780024 3.212981 -31.492922 -9.803723 -26.960906 -11.652898 -18.959660
5 5.364964 -5.450050 -4.214038 -5.464704 27.192338 -8.063809 -1.698264 -7.666437
6 -1.247355 4.383996 1.318382 -3.121020 -4.593925 8.509743 -1.386286 -3.863535
1 174.827875 -45.441721 96.922158 -100.787612 151.988146 -134.781651 7.561479 -150.288680
1 241.217234 -32.938504 84.973325 -145.909377 136.539346 -126.773732 -57.358257 -99.750045
1 159.314793 3.974585 121.968113 -77.339258 9.814790 -77.475344 -58.210662 -82.047024
3 31.383167 -8.171058 40.950731 -19.036234 17.131390 -26.619890 -4.615549 -31.022558
5 20.425299 -9.480022 -7.602181 -10.745453 33.672408 -2.912828 -13.754333 -9.602888
1 41.423005 -11.030688 25.549003 -23.298434 34.473545 -31.050730 -21.906695 -14.159006
3 -2.626646 -3.178521 25.319022 -5.592209 3.664169 -5.810295 -4.923997 -6.851525
5 8.147821 -2.989993 -9.478033 -3.432860 18.691191 -5.035168 -3.096304 -2.806654
3 9.659579 0.532736 30.299295 -9.874639 -0.184518 -11.042569 -9.040703 -10.349181
1 40.326474 10.034774 -2.344957 -18.535044 24.573216 -23.728094 -9.530204 -20.796165
3 51.104233 -19.473674 83.395034 -29.325611 -14.998750 -40.035422 19.880803 -50.546617
1 20.800498 -5.281878 -3.499094 -3.791243 5.465289 -3.899304 -6.196863 -3.597406
3 6.962516 2.925301 18.609490 -7.543735 13.377826 -10.477347 -9.820091 -14.033960
1 69.270081 -13.504167 16.889166 -20.409052 -0.272564 -26.383100 -15.730893 -9.859469
5 41.379775 -10.022769 87.144033 -52.091974 91.772541 -83.055911 -2.843976 -72.281722
1 216.366763 -52.906791 126.658918 -95.577913 33.137223 -119.345945 37.470032 -145.802296
7 -5.825712 -4.484544 6.372199 -7.007994 9.358364 1.307394 10.394774 -10.114480
3 131.524196 -79.419072 358.025784 -185.096792 105.204902 -175.830565 49.481226 -203.889695
1 100.938510 -33.374130 54.840655 -45.726242 64.328860 -48.328074 -30.085390 -62.594187
5 -4.124368 -8.439411 2.786627 -5.430835 23.169800 4.298072 -6.817118 -5.442766
5 11.934245 -5.328176 -2.122338 -6.349402 24.595623 -8.259741 -7.476018 -6.994193
1 26.384100 -9.471742 -5.267076 -7.999974 24.558471 -8.495945 -10.080760 -9.627074
6 4.996778 5.063624 6.539197 -4.150681 -14.025631 8.072906 -1.979758 -4.516437
5 -15.435672 -6.398099 0.134610 -7.796567 51.986162 -2.294695 -9.883739 -10.312000
3 257.971183 -99.868868 269.842187 -129.341841 85.870088 -175.645369 -6.367996 -202.459393
5 -10.429059 -9.362700 -6.574294 -15.477555 79.344036 -22.603875 -15.687077 0.790522
5 98.737860 -26.116338 36.600067 -68.839076 121.389732 -80.303397 3.654557 -85.123407
3 -9.650662 -10.816158 34.949918 -10.381945 24.367309 -5.659821 -8.273971 -14.534668
3 5.747451 -2.610662 19.832782 -7.024014 10.080627 -7.246197 -11.872558 -6.907429
1 15.467358 0.252224 -8.285618 -4.136470 5.839589 -4.805288 -0.089256 -4.242539
1 361.923542 -96.148798 32.759661 -122.718498 82.136823 -140.704813 15.189787 -132.437706
1 53.204612 -3.611940 2.868359 -13.004756 0.916559 -15.962740 -10.469599 -13.940496
1 502.527310 -169.506334 219.627064 -206.983799 68.499245 -236.603399 103.336774 -280.896878
3 7.950078 -17.136528 72.205036 -36.623169 49.024114 -30.889502 6.497995 -51.028023
3 131.266744 -88.864138 169.692388 -107.282961 63.117723 -149.669927 69.736406 -87.996245
3 -9.396960 -0.212924 21.011303 -3.193866 4.737790 -3.732914 -6.396789 -2.815639
3 17.429666 -3.130109 30.109700 -14.369228 29.623912 -22.771561 -10.910737 -25.981644
3 13.346840 -13.319960 66.001872 -14.181844 2.076258 -15.581144 -19.596320 -18.745704
1 165.639799 -39.011857 67.689936 -100.470981 117.512549 -135.956271 66.450485 -141.853663
1 196.897809 -63.486585 141.623187 -100.188983 114.920781 -149.880176 33.268769 -173.154806
5 40.605887 -50.503955 98.557412 -45.435172 116.263740 -55.785899 -29.483547 -74.218468
1 23.023580 1.995306 7.803866 -6.740943 -5.576621 -6.969201 -6.749280 -6.786707
5 96.550797 -35.294464 60.918291 -67.022779 97.455475 -69.702255 4.025185 -86.930249
3 4.191256 2.398301 29.511319 -10.274694 -2.113355 -12.803989 0.871263 -11.780102
3 133.891077 -58.501775 203.699578 -111.364749 111.776563 -147.671063 -22.225865 -109.603775
1 71.466657 -16.929131 23.377743 -24.121887 33.308883 -33.023186 -19.663962 -34.415117
1 134.750317 -17.618894 58.866368 -53.348035 -30.833139 -55.438428 14.542940 -50.921130
1 293.434511 -143.587735 286.333407 -185.769181 218.826361 -246.872682 59.171690 -281.536387
1 49.214016 -16.665694 34.451178 -14.262520 6.417202 -18.419740 -19.966012 -20.768431
1 25.032214 -12.716870 12.895750 -10.006566 8.167991 -13.338111 3.507355 -13.541763
5 -1.670970 -6.754461 22.330285 -14.154841 46.743530 -9.374681 -17.546407 -19.572453
3 72.908087 -49.782580 103.651452 -76.106791 101.214420 -120.570949 73.608377 -104.922025
3 188.591924 -93.659170 349.535698 -157.388652 187.599521 -198.653697 -86.967904 -189.057728
1 129.327937 -24.265507 20.183609 -53.935179 -10.197226 -69.365046 55.368958 -47.117551
1 33.055161 1.684730 -7.753232 -4.816127 -12.020612 -5.899788 0.014763 -4.264897
1 261.464358 -39.264678 87.872482 -89.311040 1.493581 -106.355016 -18.435890 -97.463800
5 100.337272 -65.600310 49.339172 -64.506502 128.709378 -94.360556 32.646753 -86.565208
1 23.815944 -4.428815 7.815780 -4.820904 -6.343360 -4.466805 -6.831840 -4.740001
3 20.503750 7.929370 55.010638 -41.191555 45.730659 -54.729051 7.864491 -41.118301
1 68.675735 -18.045239 41.783982 -21.439402 -43.905963 -23.535305 1.706681 -5.240489
1 7.077825 -1.966393 -1.533627 -0.271011 -5.582524 -0.207096 2.730176 -0.247349
1 129.530242 -53.479537 90.467360 -55.174150 -25.272488 -77.384039 41.233170 -49.920563
3 337.512689 -100.391177 403.115899 -223.412663 112.431932 -313.407960 40.386268 -256.234999
1 39.457451 -0.039939 0.503248 -10.872250 0.592339 -11.681116 -6.557812 -11.401923
1 137.158944 -23.359934 5.177648 -61.536616 32.336289 -79.515427 56.194588 -66.455495
1 67.048477 -22.751237 -3.498171 -26.268312 58.916716 -31.228283 -8.657638 -33.561553
3 -3.782970 -4.926400 22.023298 -6.566631 -8.988492 -6.979634 0.643039 8.577789
1 34.634541 -6.917325 -4.477369 -13.559561 6.860409 -21.226547 24.414138 -19.728286
5 8.778270 -2.989993 -10.909636 -3.432860 19.251102 -5.035168 -2.855061 -2.806654
1 51.497825 -16.537394 4.617083 -12.797275 12.064297 -14.197277 -13.538427 -11.108832
1 85.800952 -26.148998 24.305692 -27.605297 34.311902 -35.123037 -15.056129 -40.485085
5 46.370158 -21.778711 52.507927 -39.174311 61.600085 -50.998794 -0.222134 -48.304221
1 38.680025 -10.909585 16.041498 -18.055189 26.582426 -23.269642 -22.191360 -6.878174
8 -13.144938 -5.359129 8.302370 -4.821375 -9.397213 -5.704456 -0.254671 30.379411
1 47.115790 -11.423173 -22.924353 -15.765611 34.879062 -23.494416 14.320842 -22.708141
1 20.165347 -11.059792 16.345181 -7.729806 10.498701 -12.453775 -2.111167 -13.654688
1 83.619077 -11.954626 -12.751051 -14.928750 5.879304 -15.828317 -17.472917 -16.562721
5 9.704087 -11.054739 -2.874268 -11.606753 44.591998 -7.450725 -6.746921 -14.562679
1 108.950895 -7.305682 14.957703 -34.360056 -11.778444 -42.247459 14.862620 -43.079575
3 122.380112 -40.068324 240.310548 -119.903496 112.971704 -115.492690 -49.569129 -150.628725
1 130.420574 -56.345380 127.162459 -73.531830 31.433848 -88.346018 -5.624195 -65.169462
5 130.654524 -22.046099 85.719883 -115.534485 151.096202 -133.196657 12.168931 -108.862308
1 49.669613 -15.146936 -2.293537 -10.528013 7.449452 -14.133355 0.770359 -15.787582
1 15.428775 -3.581829 8.506611 -4.295938 -1.550939 -4.142898 -5.914959 -4.448824
1 239.232723 -90.627000 96.008736 -118.474087 127.303849 -121.464783 -14.324433 -117.655011
3 -18.306874 -1.377667 27.617389 -6.304540 10.149948 -7.505118 2.865725 -7.138864
3 18.612615 0.720853 45.979592 -20.268482 -8.546546 -26.730602 -0.442082 -9.325345
1 341.871684 -120.811630 266.401734 -207.148131 196.532976 -267.831244 -1.500180 -207.515222
1 31.668940 -3.792829 11.982831 -19.897762 21.749008 -28.067554 15.501338 -29.143974
3 18.889180 -26.362288 124.220740 -46.252652 48.200895 -51.340663 -32.029832 -35.325379
1 222.482488 -67.982260 149.843331 -115.143150 120.042908 -151.616871 11.779752 -169.406207
3 7.492265 -3.053289 50.610186 -19.512085 7.391600 -22.595801 -11.379470 -8.953406
1 161.749204 -41.414949 71.007655 -48.532333 1.775605 -52.624419 -35.888917 -56.071851
1 47.117463 -18.867440 3.064411 -20.725166 38.080902 -25.336273 6.292239 -29.626138
1 47.009841 -17.319898 38.786205 -22.323533 30.964416 -32.608148 -7.297389 -37.211495
5 35.345667 -6.584567 57.716545 -52.448331 69.933167 -59.177837 28.033996 -72.818644
1 142.701057 -47.542641 33.281805 -53.104693 29.429206 -46.400835 -2.229663 -56.134235
1 318.568395 -92.434508 73.863169 -118.872799 82.998470 -126.095896 -35.170261 -102.856569
3 23.936254 -9.212717 28.156049 -16.454562 5.172107 -19.752547 11.115549 -22.960136
1 272.064171 -55.312694 72.926805 -112.058305 67.544426 -138.664834 -24.739374 -81.760204
1 34.399106 -13.377274 25.832675 -24.509466 25.161465 -23.095643 -24.384975 -0.025888
1 87.788466 -10.483640 -14.034816 -18.819013 -0.950526 -22.645361 -0.270024 -20.585085
1 57.538428 -9.602463 31.579231 -35.958815 2.492471 -44.318542 10.085929 -11.816244
3 59.804440 -22.583397 94.059477 -52.111584 88.559200 -66.428484 -25.108226 -76.191428
5 97.693310 -9.949158 73.860919 -71.188884 119.157545 -95.937784 -25.019099 -88.616852
1 71.249819 -28.021602 14.377074 -23.523415 17.084320 -33.167239 16.462465 -34.461422
1 122.033517 -18.903976 21.787213 -41.799393 19.866279 -56.371376 14.281072 -60.893341
1 225.116176 -72.035661 43.138150 -86.084786 93.787357 -118.840055 43.464066 -128.545254
8 10.909552 8.089910 4.440272 -6.873102 -13.374130 -8.104744 -6.682924 11.595168
1 50.747817 -16.555892 28.641807 -23.381754 23.840840 -17.468516 -13.232391 -32.591911
1 75.329178 -24.000419 23.256844 -27.419032 16.394641 -25.881605 -2.383579 -35.296030
1 19.567632 9.558115 13.310002 -8.487342 -9.337302 -9.388935 -6.338001 -8.884170
1 116.858025 -31.367880 17.957386 -54.355280 30.248248 -26.000843 -29.354605 -23.985052
2 10.443509 11.805677 10.378044 -10.477020 -5.977107 -15.056436 10.780070 -11.896738
1 68.999747 -14.432670 -3.642685 -14.835315 -5.549420 -16.867772 -13.988464 0.316578
3 10.496505 2.622561 35.451503 -12.289097 10.986639 -16.628762 -12.231191 -18.408156
1 108.199948 -8.064191 84.519390 -60.837118 8.017507 -75.248155 15.564861 -72.152246
1 162.501833 -47.496392 87.716304 -57.535927 36.669572 -74.914416 -8.633126 -98.307844
3 298.256267 36.686562 750.589307 -369.543365 374.172398 -314.083085 -298.947277 -477.130808
3 34.817666 -12.941659 35.205309 -15.795558 2.353251 -15.435289 -9.956194 -18.247525
1 21.587570 -11.729589 5.140715 -8.198621 12.847646 2.238242 -13.204434 -8.681529
1 124.065354 -31.997748 30.021043 -38.417971 54.748971 -37.497612 -52.619008 -48.303028
1 80.081724 -18.865595 36.439926 -31.141634 3.772072 -27.848198 1.253021 -43.691318
5 -0.622466 -11.615326 -1.605608 -10.929769 55.559797 -8.285853 -9.329191 -13.171584
1 35.667262 -7.011218 31.148390 -18.806598 21.329739 -25.980863 -6.034694 -30.312019
8 -4.213710 5.563405 2.915918 -4.330727 -11.099837 -5.555241 4.665350 12.054842
2 3.634399 6.795937 -1.952651 -5.077398 3.568514 5.425896 -4.620164 -7.774531
3 222.621696 -80.715810 260.857607 -107.495527 -25.961623 -127.569719 -53.409421 -88.327211
1 79.859164 -36.779689 40.846759 -35.787173 11.468784 -31.768241 2.633550 -30.473154
5 21.859475 -12.064878 -5.961521 -9.113496 39.190141 -10.981499 -11.324336 -11.603886
1 211.809971 -61.627420 88.868192 -92.372476 116.296233 -134.436159 0.431527 -128.969873
1 30.790018 -7.425187 -1.921508 -7.977227 13.639031 -9.315476 -5.070894 -12.718757
1 39.297660 -9.359661 -14.045031 -9.143504 2.438350 -10.036518 -9.538167 10.386872
1 69.398639 -26.314975 -6.201939 -30.857324 34.160594 -33.695945 19.157176 -25.646225
1 126.109380 -64.603557 91.467096 -66.647863 60.007974 -91.732463 52.066216 -106.666785
1 229.337175 -10.238972 55.588787 -74.718121 -21.129747 -85.956909 9.920033 -102.802245
1 29.234511 3.639150 -4.790502 -16.784454 8.173990 -23.204264 6.970268 -3.238701
1 103.377692 -1.934368 -1.775191 -38.734075 54.323416 -34.022785 -19.853220 -61.381467
3 43.205575 0.035032 52.769046 -31.128974 5.149665 -39.864992 -20.444500 -9.720850
3 5.517721 -4.279841 34.751746 -10.037049 -2.902616 -17.466970 -4.754353 -0.828639
5 68.901707 -36.994931 34.944005 -55.791789 118.387793 -45.326114 -2.586741 -81.533935
1 182.895197 -74.016522 111.375282 -87.013456 66.784558 -131.462113 60.576605 -129.139559
5 66.879582 -2.654043 1.901707 -50.261574 78.278002 -34.206377 -3.091900 -56.845398
5 33.172231 -12.629800 28.236231 -20.678900 48.217148 -30.471797 -14.927459 -30.917653
5 15.815104 -18.175790 12.016708 -15.476933 41.834076 -26.758277 0.432900 -9.687786
5 1.575740 -5.038583 10.940768 -7.253840 25.379236 -10.446207 -5.142568 -10.014547
1 106.757451 14.342667 62.718963 -58.582907 4.622764 -69.214509 -13.409681 -47.234751
1 278.938124 7.451436 -7.971659 -128.310692 96.887280 -171.700295 77.504927 -152.799128
1 201.591865 -24.493950 43.368812 -70.017587 3.572930 -73.314801 -20.430481 -60.276789
3 -17.579319 -6.840777 47.426383 -7.861299 -20.444311 3.870692 -8.020883 9.449514
5 6.927117 -5.745102 -2.176287 -2.216431 7.727048 -2.302891 -0.017620 -2.195833
3 26.279698 -49.813550 195.730743 -90.550978 114.541775 -117.102591 57.065280 -136.150391
3 -6.654535 -16.921530 59.024163 -21.712942 13.489045 -13.012481 -3.979093 -10.232627
5 54.553379 -36.219608 24.523353 -58.623392 167.806931 -79.954405 -4.338137 -67.748124
1 17.896550 -11.647820 11.969337 -8.488586 15.744782 -10.573240 -3.382903 -11.518121
5 8.519598 -7.628425 15.442968 -7.248390 22.042334 -9.050514 -11.297360 -10.780212
5 -7.942890 -5.222983 3.068333 -5.868956 27.304944 1.924534 -4.341924 -8.921058
1 103.267545 -5.463996 3.382882 -20.848102 -48.668776 -23.111294 0.164065 -8.722324
3 442.238067 -172.978640 668.389906 -304.496516 110.634542 -370.729377 -84.096836 -288.961153
5 8.766801 -11.639171 6.832126 -19.182696 56.611566 20.021997 -31.229888 -30.180731
3 -3.446157 0.816989 85.609286 -29.696654 -32.555613 -37.710046 -12.179546 29.161741
1 110.930081 -17.345485 28.575508 -33.432925 5.158298 -40.382303 -13.996618 -39.506557
5 3.108595 -2.528674 -1.894581 -2.654552 11.862192 -4.676429 2.457574 -5.674126
1 78.113493 -32.765315 53.676746 -30.915481 47.677758 -46.444564 -19.218981 -50.123657
1 285.282276 -34.703459 94.025330 -147.074726 83.227626 -167.292003 44.705169 -158.170215
3 94.865562 -77.451341 169.892256 -95.253356 59.680167 -138.672873 81.099391 -94.159815
1 30.583263 6.542442 -2.217758 -9.945122 3.425665 -11.108701 -7.095031 -10.184757
5 72.871261 -55.752121 65.171489 -52.620873 73.360174 -64.537508 24.401837 -62.894264
1 297.761564 -126.387214 187.125551 -186.268717 277.834808 -213.048039 -44.107986 -192.909974
3 25.977944 -1.718221 74.266519 -28.920519 12.367283 -39.456469 -34.375410 -8.141125
1 23.612301 -5.888949 13.633929 -6.719678 -6.083398 -6.586533 -5.776450 -6.191222
5 78.416031 -27.946126 23.175021 -53.333299 108.475740 -66.018310 20.785516 -83.554576
1 52.680681 -15.511193 45.436107 -19.677828 14.453006 -25.130088 -21.997332 -30.253352
1 110.243154 -45.578671 86.846357 -61.564790 53.383913 -86.166550 -6.056995 -51.106420
1 339.898590 -126.368663 225.714582 -169.645982 89.312094 -165.207463 -1.385260 -192.317908
5 77.896318 -18.471097 88.142499 -76.231152 115.195922 -103.929407 10.755728 -93.358817
1 16.727431 2.171916 -6.216102 -4.312373 -3.020737 -6.684189 7.489163 -6.155109
1 133.350812 -30.223972 19.629794 -52.233580 53.334300 -69.391696 -14.585009 -39.880652
1 32.607724 -9.427617 3.964577 -7.644398 -5.695066 2.160153 -3.201916 -12.763456
1 57.240764 -13.744242 20.640089 -14.853421 8.402376 -17.396366 -19.938507 -20.350690
1 241.229991 -67.384938 148.391467 -106.255218 59.788878 -138.512062 19.131568 -156.389693
1 56.425837 -5.604272 -19.701141 -15.019719 -6.875634 -21.263787 13.256525 -1.217811
3 -14.673071 -5.333393 32.615909 -7.384944 18.605798 -0.848568 -10.768975 -12.212755
1 98.855558 11.898482 10.775409 -32.611655 -46.897969 -36.664938 16.799322 -22.154210
3 0.544878 -9.532962 25.236459 -8.534840 7.414929 -14.553375 -4.904404 4.329314
1 169.284445 -52.217802 86.187774 -64.730627 36.988787 -67.318240 -21.740418 -86.453918
5 40.611645 -61.029635 118.185483 -94.223076 223.547528 -119.442858 -4.393054 -103.256042
1 77.134836 -9.728017 37.598029 -39.408050 10.848949 -43.859157 25.480766 -58.067357
3 30.598666 -10.296072 41.201685 -18.533644 5.598794 -14.560749 -1.399760 -32.608920
5 3.733917 -7.852630 13.762579 -14.117638 38.057052 -6.895621 -10.343961 -16.343698
1 51.017151 -19.520762 13.407907 -28.860527 47.334913 -42.792300 8.829045 -29.415429
1 51.865325 -8.302914 2.473741 -9.836906 -6.361822 -10.054045 -8.482247 -11.301132
3 13.611450 -12.137274 26.003093 -12.480596 4.788123 -3.289485 3.901602 -20.396915
5 -3.789656 -5.684302 -5.769542 -6.647264 36.033115 1.565795 -9.654558 -6.053587
1 170.262995 -42.064888 62.426478 -90.524618 85.667445 -88.106613 49.421091 -147.081892
3 6.223127 17.461655 35.290006 -20.279021 16.934368 -26.005606 -3.955613 -25.668915
1 153.068664 -77.477903 116.149471 -84.357937 66.129331 -121.754975 58.090186 -109.846842
1 59.487859 -8.536907 3.960532 -12.953633 -27.425263 -13.565517 -8.453050 7.485979
1 36.485328 -5.849714 -10.660514 -5.148822 -2.042211 -4.735154 -1.032889 -7.016024
3 6.235249 2.792005 20.467802 -4.015701 -8.098484 -5.017675 -5.677316 -6.685880
2 15.315711 16.147277 -8.910981 -9.544302 12.414342 -12.783601 -3.349738 -9.288706
3 2.580084 -9.415829 41.269074 -7.355027 -24.486746 -9.325843 0.965711 5.768576
1 268.608684 -85.173885 3.551749 -94.429262 190.079559 -117.752907 -38.858875 -126.025056
1 38.136474 12.459556 33.646282 -22.270236 2.089527 -27.901955 -10.073176 -26.086471
1 129.593971 -46.281326 63.763031 -57.824927 9.541637 -51.788401 8.683562 -55.687550
3 31.688290 -8.066511 42.763510 -14.636119 -10.745029 -20.888864 2.565416 -22.680695
3 -4.423398 -1.581590 22.483149 -3.867086 1.580741 -5.762259 -5.679899 -2.749656
3 59.335157 -37.855226 85.995067 -31.591079 -6.422021 -42.303171 22.845313 -50.004043
5 70.071608 -32.650488 64.298627 -50.966852 75.913831 -70.841817 4.238994 -60.063907
5 7.631531 0.340896 5.213293 -10.077400 9.462286 -15.613025 1.353569 1.688850
1 142.338914 -35.263691 55.315163 -46.800115 34.136124 -57.124942 -27.731452 -64.870002
1 89.966168 -9.738817 -19.564252 -27.400176 11.080959 -36.430156 25.906973 -33.820700
3 12.696696 1.973571 21.374519 -5.537642 -9.244524 -6.497550 -7.811317 -6.953754
1 15.852949 1.886453 3.091262 -6.092558 6.695158 -7.842121 -6.245616 -7.345526
3 25.264992 -7.554346 59.044240 -17.906109 -4.012380 -10.089863 -21.851498 -22.895033
1 14.099433 -0.757996 12.526384 -4.942418 4.417094 -7.664685 -7.733837 -9.943974
1 152.769978 -31.436355 56.341903 -69.982547 9.779895 -83.986029 -16.178719 -17.308127
1 9.241631 4.011133 -6.727109 -3.645985 -5.411741 8.539221 -2.342132 -3.665019
7 10.273254 -5.877219 -0.222922 -11.959540 10.306297 -19.084941 14.326946 2.238125
3 12.896738 -16.917504 29.051490 -14.500694 0.010912 -20.138957 15.113449 -5.515436
3 91.218896 -15.379145 119.217164 -65.181900 35.262560 -76.529513 -42.166643 -46.441418
5 1.455932 7.434922 80.984017 -59.451895 84.209629 -50.740930 -0.644351 -63.247328
3 64.965971 -42.366875 121.563593 -52.273476 102.927642 -71.193766 -47.959182 -75.663908
1 70.261284 -37.354302 67.369307 -48.077764 31.799233 -65.145923 -23.841833 4.989995
1 11.123338 -0.681478 2.086608 -6.367112 -3.438721 5.770015 -1.780379 -6.712270
1 45.320323 5.965230 -19.966313 -9.032697 -7.629664 -11.410854 9.772239 -13.018263
1 139.801798 -24.500237 19.326601 -47.556614 12.831745 -41.250074 -11.288109 -47.365109
5 51.131663 27.546395 178.006869 -151.052309 242.848578 -162.044875 -69.991660 -116.444667
1 24.724902 -5.365579 5.033439 -11.431261 12.966221 -1.135799 -9.914793 -14.877129
5 33.225287 -15.090600 33.151894 -32.462666 53.489609 -21.922326 -28.733859 -21.657338
3 40.874118 -4.471633 52.227820 -20.343738 2.144356 -11.469062 -35.885676 -23.076186
1 22.310973 -2.185290 13.823855 -20.085057 12.536670 -27.794855 9.942338 -8.548636
3 -13.120174 14.324974 49.771597 -13.829155 1.071904 -5.112000 -9.513080 -23.594068
5 34.074687 -27.443896 14.985117 -40.246198 56.575754 -60.614536 46.794329 -24.125260
3 95.935015 -67.379365 124.622783 -82.333562 81.127255 -81.619747 10.607578 -80.959960
1 154.122317 -40.128543 39.311451 -51.230149 69.626425 -80.089308 -8.380266 -83.231928
1 194.520358 -49.767641 101.840466 -101.401654 98.607895 -133.388125 -8.986179 -101.425125
5 -13.387942 -6.527861 -1.991340 -7.119430 46.604651 -1.537369 -6.768642 -9.272067
1 106.668606 24.140984 -39.334162 -25.754362 8.708338 -33.517822 -8.490124 -32.421456
1 281.478926 -37.342329 58.920313 -71.618279 -36.034634 -69.035049 -43.996296 -82.372650
1 32.066551 -4.377556 -6.353426 -3.860207 -9.436920 -2.971614 -1.975105 -3.091721
5 7.332147 -3.301963 18.497009 -10.838557 21.868873 -12.932658 -9.917985 -10.706865
1 41.729812 8.106256 14.723277 -19.526952 14.285490 -22.930564 -12.542763 -23.844556
1 50.551463 -3.149099 2.003686 -11.155840 -6.276911 -13.369467 -3.446793 -15.157039
7 38.309998 -33.270225 49.396820 -36.030492 -13.182623 -33.297792 64.718789 -36.644479
3 17.033217 -13.632715 17.321750 -10.478551 12.167002 -17.538490 11.917656 -16.789871
3 -2.646158 -5.145450 16.263781 -6.681867 2.077505 -6.946039 13.250486 -10.172258
7 18.014823 -3.323668 -14.634176 -11.580650 -2.078187 -13.957067 40.867025 -13.308101
3 8.381665 11.276268 13.464971 -10.613412 11.782635 -14.263802 -6.189117 -13.839205
1 48.100605 -6.767707 1.274353 -23.153934 25.331358 -3.034853 -13.878305 -27.871518
3 128.981273 -44.180580 204.179573 -79.148888 -6.942741 -80.474370 -21.449246 -100.965021
1 59.612673 -20.161419 9.142517 -22.035958 36.747249 -31.328810 3.216509 -35.192761
1 236.211230 42.753058 50.194444 -92.620939 44.803771 -117.797291 -31.482779 -132.061497
1 69.651010 -22.835401 67.860056 -51.696085 26.562184 -65.555291 49.826176 -73.812653
3 23.855395 -9.718042 63.931029 -32.165811 29.900389 -30.877032 -10.168480 -34.757448
1 110.307181 -12.368793 18.357275 -38.196207 3.436222 -47.352015 -27.482270 -6.701396
1 14.841576 -6.110503 8.601266 -6.950490 8.123619 -8.819327 0.436808 -10.122950
1 42.668461 -9.466394 4.288395 -9.400372 0.643475 -10.131134 -9.941897 -8.660534
1 21.743264 -17.114374 12.070590 -18.777554 7.365786 -21.630825 21.281464 -4.938355
1 59.907002 -24.060775 1.510772 -23.963825 47.354155 -31.351658 1.443621 -30.839293
1 46.294538 -15.004955 -1.439253 -15.856668 33.704248 -22.213754 -3.277046 -22.207112
1 14.349160 -0.128124 0.637758 -1.019809 -6.851591 -1.149986 -4.364550 -1.472857
1 62.287512 -13.708155 21.356322 -16.476743 -59.610391 -18.441178 11.604413 12.988219
1 86.372068 -6.344144 -6.080040 -30.386317 42.317840 -41.069716 -17.475136 -27.334555
1 72.570401 -36.999829 41.182730 -35.193383 55.599235 -49.919581 -15.139240 -32.100335
3 13.485851 -5.833798 61.213847 -11.122853 4.953717 -16.355879 -28.044570 -18.296317
3 98.543677 -32.514847 139.736301 -75.586345 -51.334498 -92.477018 63.290031 -49.657309
1 23.218159 -11.653546 -3.982800 -6.826162 20.977479 -9.514537 -2.908820 -9.309773
1 19.065257 -4.002020 7.549016 -4.820904 -1.794109 -4.466805 -6.790434 -4.740001
3 203.053510 -24.754988 276.100030 -163.842713 176.091995 -189.567425 -98.059569 -179.020841
3 13.138214 -22.773042 82.028651 -33.622999 31.605779 -51.043939 32.401425 -51.734093
7 5.318451 -10.040653 9.766988 -18.331027 18.298750 -0.460060 20.670854 -25.223302
5 11.165562 -14.488872 17.151868 -18.225237 38.215285 -22.919877 -25.565586 14.666856
1 339.002028 -91.902928 233.975197 -212.980671 199.373578 -281.482936 95.001315 -280.985592
1 19.006875 -3.857455 -3.577025 -1.202580 -5.053965 -1.624287 -2.967866 -0.723696
1 28.436725 -5.670122 -0.187901 -6.272587 13.071690 -7.971979 -10.946633 -10.459192
1 31.514899 1.106053 0.233483 -6.815618 -6.707804 -7.061623 -5.296621 -6.972769
3 18.382338 10.846114 47.775973 -15.520264 -14.075633 -17.716870 -11.492188 -18.199470
5 36.847722 -24.057612 17.858107 -21.411343 52.420209 -28.358950 -4.293719 -29.004415
7 17.796926 -2.199343 -3.864566 -7.222974 -21.717690 5.272569 19.756224 -7.821145
1 18.383522 2.904716 14.833421 -7.306883 -3.704545 -8.498435 -8.800380 -7.811414
3 70.784279 -24.822303 119.822288 -59.339362 -20.234192 -78.101116 44.866760 -52.976360
1 131.034452 15.312391 -40.263377 -48.683571 24.496542 -71.942153 60.494880 -70.449168
3 30.409861 -57.848646 132.657905 -65.225066 103.896295 -72.084195 7.512458 -79.318613
3 92.307414 -47.048509 136.654054 -80.165440 99.130567 -110.093857 -45.128630 -45.655602
1 13.145227 -4.133069 0.988451 -3.266277 5.020906 -3.352677 -5.096333 -3.306229
3 35.445805 -15.816322 63.124336 -27.729485 19.581308 -43.884837 13.610172 -44.330979
3 8.691980 -8.765535 28.357725 -17.241076 13.604706 -30.007669 16.859962 -11.500096
1 263.051675 -63.397048 80.159582 -79.102165 55.510011 -81.659206 -73.512429 -101.050423
1 72.650024 -2.492145 -7.062354 -19.742696 17.565931 -23.005281 -16.820606 -21.092875
1 31.732719 -8.256272 19.760381 -10.479210 12.444370 -13.682375 -19.796192 -11.723419
1 26.950440 -10.532790 1.254081 -7.439087 17.334467 -9.092800 -8.571559 -9.902751
1 35.348173 -8.808514 5.805789 -7.834247 -13.648160 4.138093 -5.818368 -9.182764
1 65.973579 3.380773 -20.771396 -17.093364 15.947060 -20.835133 -7.159522 -19.441996
3 304.914943 -124.468349 358.099846 -238.925867 176.768429 -336.002924 95.206673 -235.592771
1 128.055285 -13.485704 25.784141 -37.319067 3.888481 -36.461798 -20.899105 -49.562228
5 17.841391 -5.283144 3.548926 -15.128159 35.044550 -20.018303 5.035247 -21.040509
5 0.156116 -3.676113 -4.659890 -3.265329 15.863521 -6.073925 8.247173 -6.591555
1 235.254047 -50.020962 142.282905 -148.407736 217.945555 -148.869989 -129.178646 -119.005179
5 -4.521919 -5.438064 4.950797 -14.281282 13.110753 4.602746 1.249454 0.327515
3 0.895569 -8.873085 11.943689 -9.430966 7.813592 -9.732254 0.931646 6.451806
1 23.518469 -11.555859 21.166223 -21.075464 0.397999 -34.326749 23.265587 -1.390206
1 23.232191 -6.530080 11.274081 -4.884509 -7.211872 -4.390644 -6.963886 -4.525281
3 -7.506193 3.114917 63.575405 -33.627085 62.982260 -41.661830 -29.626621 -17.250852
1 25.610281 -9.611457 -3.290307 -8.575381 24.980798 -12.753383 -0.936879 -15.423673
3 4.328627 -5.876118 21.654249 -13.517833 3.887526 -16.937024 6.692312 -0.231741
5 27.446006 -0.268542 -0.938781 -13.328090 39.990412 -20.278827 -6.547352 -26.074825
1 134.311972 -36.884402 5.983322 -49.081042 85.801763 -44.064924 -54.140698 -41.925992
7 17.530148 -13.396398 1.639221 -9.915539 -13.376193 -12.934919 25.791987 4.661693
7 57.744342 16.922142 48.754835 -50.962279 -1.595354 -65.925716 58.736143 -63.674122
1 49.389266 -18.201344 -6.434006 -13.752878 20.101112 -18.747745 8.207993 -20.562399
1 139.649824 -39.104321 50.326029 -57.189069 85.949413 -68.196522 -34.216082 -77.219275
1 162.378383 -47.607585 44.104608 -69.147666 48.984013 -83.669062 44.406193 -99.448888
5 33.024352 -15.956207 5.322813 -19.892609 52.902221 -27.202915 -0.639136 -27.558520
1 41.180008 -7.221158 -5.522122 -5.006437 -10.267371 -4.769101 -3.128378 -5.265442
1 160.766233 -66.029976 37.137147 -58.050703 41.586062 -55.175927 16.253357 -76.486197
1 230.850851 -39.804877 107.989088 -120.740413 75.149253 -153.963309 -4.020445 -95.460154
5 -11.170056 -4.280166 8.596169 -4.145973 18.110562 5.183772 -8.571028 -3.723280
3 91.019602 -35.401014 161.889122 -64.056091 7.364460 -86.981088 -11.791680 -62.043316
1 17.950161 -7.600832 7.414918 -6.339294 -4.759058 -9.477712 12.462394 -9.650578
1 23.046257 -1.432346 18.055129 -16.457790 4.866593 -18.323697 -10.221729 0.467582
1 179.080275 -16.877534 127.367216 -105.205888 86.604543 -129.048118 -23.190588 -118.729903
1 29.176553 8.964227 8.179657 -9.165678 -10.799353 -9.937913 -6.732661 -9.684832
1 95.665069 -45.128551 75.343727 -70.637833 89.706836 -99.516674 66.632823 -112.065404
5 15.857476 -14.168719 0.681953 -24.290815 69.822358 -8.707805 -12.495727 -26.698721
1 46.756546 -14.351838 2.286192 -12.958526 20.074222 -12.830058 -16.532253 -12.444286
1 273.704661 -113.292303 15.702671 -124.110648 195.214294 -170.769840 11.986170 -88.435011
1 81.309572 -12.042855 5.650724 -29.057526 31.244791 -39.889193 3.331499 -40.547014
1 392.989509 -169.433602 270.319382 -202.574595 244.863674 -281.130293 -16.975176 -238.058909
5 13.781042 -11.833750 7.375550 -22.416991 50.257063 -23.614690 8.531045 -22.079270
3 43.490133 -9.192090 45.720600 -27.852424 10.178105 -37.282056 15.939789 -41.002060
1 73.851694 -32.373874 34.847865 -38.352898 53.504751 -45.014394 -16.179740 -30.283405
1 96.891741 13.636903 3.592500 -34.657802 6.733717 -42.564952 -6.437191 -37.194917
5 -6.687554 -0.117009 10.039263 -6.515313 14.659701 -10.596231 10.343392 -11.126250
3 3.995905 -20.282000 103.396499 -38.470184 15.040146 -36.439436 -10.496946 -16.743987
1 41.280538 3.218494 20.249205 -14.027966 4.771164 -18.065310 -18.634961 -18.791160
1 47.100222 -9.457649 30.042185 -29.229798 33.889643 -40.697681 9.036466 -40.683390
1 81.185694 -16.620467 22.409485 -26.183244 10.988559 -29.447925 -14.024978 -28.307126
3 55.887724 -21.237702 85.488909 -42.266244 26.180886 -51.014300 2.906140 -55.945418
1 176.282199 -37.136985 62.916392 -83.787915 43.811222 -118.910616 38.717432 -81.891733
1 165.584272 -36.149018 50.593803 -80.510989 67.446563 -68.903925 7.309231 -105.369935
3 4.240648 -12.752011 33.082512 -15.023884 21.966002 -20.776101 -9.091093 -1.646075
3 18.094141 -8.890069 26.414093 -15.185493 25.980296 -17.857850 -12.625420 -15.929697
1 101.014175 -45.631552 65.722476 -64.320881 57.870350 -30.786518 -5.291695 -78.576351
1 58.361006 -8.940791 -19.388988 -11.182998 8.011012 -14.035293 0.384390 -13.208338
1 382.420530 -107.539137 147.934045 -140.766505 137.466343 -173.411369 -26.792094 -219.311818
1 541.936685 -145.608380 165.589911 -214.714407 121.167386 -215.521737 -19.557303 -233.292166
5 77.419860 -36.749369 55.278105 -68.389663 101.063070 -108.304551 32.091023 -52.408478
3 2.407250 -3.552532 19.598936 -3.421238 -5.240920 -3.156631 -3.765828 -2.869038
5 -7.643859 0.246482 1.873967 -6.998589 29.389841 1.276704 -10.979832 -7.164713
5 4.979798 -4.753388 8.101074 -7.063838 20.916497 -8.638050 -5.502857 -8.039236
