5 8.663014 -1.252934 14.445536 -20.545979 53.221458 -24.994514 -4.030635 -25.505946
3 32.776980 -48.578429 79.843580 -20.123248 49.262035 -45.883337 4.833885 -52.131465
5 45.447113 23.180797 8.211801 -24.345832 89.087521 -69.859766 -8.468108 -63.253521
5 -6.069857 1.712685 -11.365023 5.094511 32.411624 -8.246521 -5.213365 -8.324054
3 -5.365913 -4.291312 20.395721 3.098860 -2.580280 -6.570863 -3.150516 -1.535697
5 11.797939 -8.020791 10.640695 2.501881 34.549435 -23.858805 -4.433785 -23.176570
3 127.096502 -105.678932 291.813147 -71.323000 221.958947 -181.964265 -57.943147 -223.959235
5 0.977821 -5.776501 -5.363063 -6.214192 23.636967 -6.570804 8.354364 -9.044590
2 -6.874963 18.214268 11.026189 -7.695585 7.328425 -5.671108 -6.973519 -9.353705
2 -46.475115 88.061303 33.573229 -35.273463 49.072905 -41.342216 -7.482251 -40.134389
5 -2.855476 11.991006 -6.185886 -2.622478 20.538899 -7.867293 -3.854329 -9.144443
3 -9.759077 -21.212787 51.547010 1.520062 37.344249 -23.229532 -1.639351 -34.570568
2 14.347259 41.938722 0.414919 -10.859860 14.214718 -28.134966 -6.061554 -25.859239
3 25.323493 -24.917818 54.625181 2.978958 -18.432002 -13.381355 -9.865205 -16.331253
5 -7.124949 26.318586 17.039824 -4.657625 45.675113 -30.729348 -9.208473 -37.313132
7 -5.828049 0.467671 2.821980 -10.247699 9.096526 -5.871016 17.764860 -8.204272
4 -17.342649 -9.452314 28.850473 40.210094 17.824537 -23.883519 -18.695056 -17.511568
2 -0.048074 50.298013 11.460512 -19.341901 12.028641 -31.956443 8.554298 -30.995047
5 13.209884 -8.610157 4.268631 -7.708282 40.493974 -14.179576 -13.341780 -14.132693
2 -20.870801 50.200720 28.737761 -36.790785 -20.649943 -19.739286 30.496666 -11.384334
5 -2.555172 54.901542 42.509569 -25.594952 197.057236 -100.126801 -44.764561 -121.426847
7 8.906559 29.431697 0.742227 -10.439555 10.206035 -40.888697 41.123054 -39.081326
3 20.469952 -9.949136 20.803465 -6.580647 -2.607723 -11.474146 -2.985143 -7.676625
3 36.831215 -38.219193 173.206106 -24.288827 56.317020 -77.880684 -15.392305 -110.573317
3 22.997668 -23.692719 28.890936 9.288548 -7.212218 -8.015830 -9.148132 -13.108252
5 10.076640 -13.016394 -14.596445 -10.189314 53.155168 -9.055717 -9.063763 -7.310176
1 18.199746 -18.297930 4.415309 -0.202005 11.243542 -12.167760 8.622381 -11.813283
3 14.347496 -21.318101 59.998752 -14.917881 22.720211 -23.478627 -5.967527 -31.384321
1 20.713004 0.872240 17.075447 20.199168 9.270618 -28.355600 2.990491 -42.765363
3 3.022966 -6.517089 4.701446 0.563646 -0.398051 -0.311115 0.031249 -1.093051
5 56.284835 14.954839 5.611465 7.989826 66.345637 -48.904157 -43.998691 -58.283748
7 -2.208751 62.515230 55.219877 -4.388486 -0.821118 -98.864362 72.697377 -84.149771
5 -3.801769 -7.939612 8.897697 -5.233110 17.344286 -2.778216 -3.215593 -3.273682
3 20.955596 8.910229 92.353549 -68.660748 37.838144 -50.010257 -6.329196 -35.057316
3 111.832258 -73.596929 149.274961 -23.997254 72.407042 -94.866862 -19.992541 -121.060674
2 7.557775 35.928437 34.844592 3.237671 -16.610044 -26.717007 -12.832828 -25.408599
5 20.836557 -18.670619 5.662918 -12.876646 24.820108 -10.412433 0.484479 -9.844365
2 -6.386869 34.480272 -6.380721 -2.482169 -6.630020 -2.981082 -6.926175 -2.693235
1 15.955406 0.407097 -7.327504 -3.576478 11.155156 -8.811544 1.558747 -9.360882
1 39.425722 -8.440119 -10.237289 -9.359321 -0.045530 -5.836737 -9.201777 3.695052
2 6.046495 18.256475 -3.917607 -10.019585 7.765701 -6.389502 -2.636682 -9.105292
5 3.022428 12.476073 -4.772733 -5.995037 17.711667 -8.445913 -2.705096 -11.291389
3 -4.502182 13.079420 38.143591 7.241382 -16.191722 -10.461050 -8.426375 -18.883064
5 -2.157865 7.216147 13.969626 -3.775592 23.229114 -14.586326 -7.775250 -16.119855
3 51.005145 -95.784457 177.430249 -54.804769 132.837377 -82.649704 -13.979786 -114.054045
1 45.137190 -17.580909 23.705223 -7.158592 32.940191 -28.809316 -10.423958 -37.809829
3 -24.665773 16.590797 31.552428 1.893192 25.841262 -26.413435 12.134665 -36.933129
5 0.993201 15.790699 61.118840 -30.700616 100.288573 -70.540283 9.060552 -86.010962
3 24.803012 -6.680428 100.443522 29.360214 96.818438 -94.054364 -29.829862 -120.860522
1 5.883382 -1.255874 5.112971 -1.539511 -0.693786 -1.518449 -4.176814 -1.811920
2 6.396234 70.635596 27.982307 -30.906148 33.317327 -52.188744 1.285890 -56.522456
7 5.993564 -11.404437 -1.175241 4.245481 8.850759 -6.757233 11.295635 -11.048527
3 98.659654 6.402274 205.945693 -50.324309 -72.358031 -80.353476 -43.671380 -64.300424
7 -10.245716 2.009888 -3.355482 -9.875624 12.531240 -5.270454 12.877574 1.328574
5 -15.335556 32.876079 -3.164124 -31.739866 74.700872 -29.591095 3.961337 -31.707645
2 39.962145 69.733906 -8.017092 -9.097204 -16.815350 -42.937199 15.232875 -48.062086
5 -13.260749 1.610094 -1.699429 -53.328026 208.319331 -75.352478 24.736209 -91.024949
1 12.570225 5.909282 5.920598 -10.907498 6.988321 -7.744831 -1.584132 -11.151965
3 42.026210 -9.001183 109.833532 -41.302044 55.256592 -65.175099 -28.833520 -62.804490
5 20.115941 -26.372544 27.838393 -19.964561 51.391373 -24.176456 -9.832094 -19.000050
5 -23.587008 30.717564 28.201112 -39.985545 63.821664 -40.587639 19.347835 -37.927984
5 15.866438 58.744809 37.031636 -63.275580 96.369116 -78.274573 2.367325 -68.829174
3 14.554631 10.575678 19.606421 -5.160461 1.225708 -17.046198 -8.334582 -15.421198
3 9.183396 -2.858863 21.047460 -7.633244 -1.817775 -5.482386 -4.566381 -7.872208
5 27.361314 -12.471001 109.548257 -27.732336 135.621517 -126.465957 50.605503 -156.467290
3 -5.512262 3.006043 22.836705 -2.163223 10.019582 -9.534773 -4.732274 -13.919800
5 -7.478229 3.940110 -5.226324 -11.036163 38.093273 -18.611729 12.608396 -12.289336
1 30.978325 -36.526409 17.893971 -5.900513 29.061435 -17.311008 8.643801 -26.839600
3 0.735195 -4.329485 15.563928 7.081085 -8.391718 -2.224089 -4.135226 -4.299689
3 60.628300 -16.684469 66.420156 -28.164210 2.529941 -42.243193 -6.107490 -36.379033
8 2.626618 5.349890 5.791535 -8.257869 -8.499996 -3.536257 -9.031165 15.557244
3 -4.174029 -1.941238 63.403402 14.795309 35.154309 -38.308005 -16.336851 -52.592893
5 8.393460 -17.566968 -8.162307 -2.829754 31.192354 -4.521993 -5.622822 -0.881969
3 16.674909 -15.062867 73.798686 -47.068440 31.501865 -31.137117 3.898468 -32.605502
2 -16.615287 30.696376 25.217692 -14.381122 -9.680419 -6.441884 -7.776992 -1.018365
3 18.632268 -23.890986 30.200450 9.167825 -1.489437 -8.433588 -10.664456 -13.522077
2 -10.734184 33.682421 8.356281 -11.385905 -15.045836 -6.003903 0.890660 0.240466
2 -8.955326 43.453238 -6.973573 -20.316738 40.993001 -20.301380 -16.853804 -11.045416
1 23.353409 2.979791 21.442125 1.188951 -31.564636 -17.395219 9.663239 -9.667659
5 -6.654444 8.058852 -8.300492 -6.796292 25.699763 -10.083172 9.338347 -11.262561
2 30.921067 92.142094 -4.264095 -19.488358 -18.875595 -37.871197 -6.855836 -35.708079
7 8.439310 3.213825 -9.063695 -5.067315 16.177181 -15.924585 18.877242 -16.651965
5 -7.948600 10.429024 10.918175 -11.894170 23.954093 -16.087715 9.345904 -18.716712
5 -4.856569 -10.825701 17.772411 -22.767505 46.936238 -13.452975 6.672288 -19.478183
5 -7.501192 1.909019 -9.981594 -11.043738 52.679563 -7.413435 -8.769055 -9.879565
3 -13.784068 8.401992 46.813086 -9.070798 -19.075132 -8.926676 -5.562437 1.204032
3 17.329165 -1.728751 107.573384 -3.928450 -6.936023 -47.962318 -24.105991 -40.241018
1 22.942315 1.350891 14.167831 -19.784832 -8.458196 -13.959901 -2.787463 6.529356
5 -0.636570 27.542128 36.717015 -45.362178 54.362470 -40.962631 -0.425025 -31.235204
7 12.302147 43.313181 -14.581230 -18.399024 35.304644 -59.199125 56.798474 -55.539070
4 -4.440957 19.142335 11.147821 23.906153 -32.369893 -7.639802 -8.599710 -1.145948
5 -3.737333 -4.525283 0.385551 0.931972 12.414802 -2.493829 0.286577 -3.262456
3 9.664092 -9.123530 17.592498 3.632727 -8.539144 -4.767252 0.944314 -9.403705
5 -2.898829 23.221313 7.725404 -26.340719 33.636622 -19.726801 -6.495093 -9.121898
2 -10.257323 40.374760 0.557145 -9.631743 5.224396 -19.340759 8.897257 -15.823732
2 -11.106673 67.715753 40.363992 -34.333594 9.064190 -37.630515 -15.821462 -18.251689
5 -13.275772 20.940053 7.760422 -4.163366 21.117532 -21.596095 12.272170 -23.054942
5 -6.557300 -8.729874 5.657766 -14.371506 65.409240 -19.432721 -6.375894 -15.599711
3 -35.355334 36.836744 58.050368 -49.729930 40.053058 -32.595520 -1.172995 -16.086390
3 4.607118 -8.953872 41.253344 -10.530489 1.334404 -13.044024 -10.685739 -3.980742
5 35.212877 -11.351660 17.739999 -14.198429 36.133671 -20.302707 -29.955424 -13.278325
5 3.257997 8.477692 13.591681 4.006486 31.685558 -30.601103 4.591315 -35.009628
5 96.513699 -69.085503 211.160344 -73.585797 227.039866 -189.977997 37.574450 -239.639043
3 -8.052398 -10.853021 23.397062 4.208906 2.691757 -6.368207 5.173257 -10.197357
3 32.212184 -7.195386 44.978188 -24.329666 10.609066 -21.873481 -9.454838 -24.946062
1 26.066525 -26.724928 24.834129 -6.539023 19.327765 -10.598226 -8.832780 -17.533460
1 31.090241 -15.482737 0.083206 -4.745790 -1.338896 -6.071475 -1.091149 -2.443401
5 6.096073 -2.560034 -6.373195 -7.907340 31.937961 -9.353372 -6.050250 -5.789844
1 23.691069 -4.272309 -1.421222 3.816527 -8.291516 -10.569505 5.691782 -8.644828
5 106.083266 86.304644 130.039592 -175.221542 368.453965 -198.727061 -48.937217 -267.995605
7 52.248625 87.501396 55.480935 9.690502 -2.002822 -137.111938 94.423705 -160.230396
3 6.742712 -19.928725 33.086671 -8.901052 25.996849 -8.802812 -16.054039 -12.139603
3 -12.623727 36.095240 44.003003 -28.863594 12.484857 -18.977848 -10.498482 -21.619444
3 15.595943 -10.178367 30.812576 -5.997526 6.344980 -7.569604 -16.641481 -12.366522
3 6.785629 -21.858422 39.601370 -22.091955 24.505097 -12.127149 -6.819973 -7.994595
3 1.643234 -16.427650 71.468332 -34.493495 22.528206 -21.507119 -19.867571 -3.343937
3 6.519353 -1.137038 17.713097 -6.118893 -5.317888 -6.292435 3.036128 -8.402324
3 -26.040809 -3.677455 47.287393 -24.465175 27.257616 -11.611925 -5.961301 -2.788344
5 40.675292 -3.425386 -5.654598 -19.965865 65.940422 -33.125351 -18.988196 -25.456321
5 -6.540435 -2.805886 19.894037 -10.519309 40.220048 -17.947954 -9.513081 -12.787418
1 42.273472 26.207551 17.333856 -38.016167 22.067998 -41.222234 6.751320 -35.395797
2 59.398197 113.055823 83.467509 13.957445 -15.859228 -126.958475 -0.672797 -126.388485
5 -11.542409 -13.720446 10.980041 -15.000246 51.802543 -16.811928 6.240508 -11.948063
1 85.954227 -20.600608 11.456222 0.939090 -6.071343 -32.020309 1.881750 -41.539028
3 -11.589983 -0.198557 35.298426 2.233598 20.759854 -17.400917 -8.180087 -20.922331
2 -47.037649 126.610369 59.640159 -69.235979 69.915421 -64.554317 -19.107278 -56.230718
5 -11.762927 5.893524 4.045384 -6.890539 19.680281 -7.099993 3.819055 -7.684785
4 16.247105 -2.097084 -6.656490 18.949508 -0.701300 -7.437992 -7.121199 -11.182548
3 18.577867 -8.907672 20.759939 -8.139237 14.737751 -12.490456 -11.460299 -13.077893
2 -36.318689 162.382438 146.881994 -64.494478 129.712625 -126.509249 -73.138162 -138.516476
5 -4.721714 6.205172 -3.172187 -5.995390 11.528138 -5.573949 8.343479 -6.613546
5 -13.468311 0.925955 -0.679466 -8.637934 17.549486 -4.808463 6.391024 2.727707
1 38.409070 4.498689 4.309204 -21.070401 35.558222 -40.939402 20.577010 -41.342394
2 10.923914 39.116452 21.013357 -16.867499 -11.401459 -15.096936 -10.448571 -17.239258
3 18.656747 -9.161649 41.549209 -1.029033 33.604968 -37.440230 -15.481874 -30.698139
3 6.902230 15.380454 25.134843 -18.974273 6.026122 -14.961829 -1.007413 -18.500133
5 -18.332743 18.408399 -11.107696 -17.917940 47.841060 -13.181855 2.136345 -7.845568
2 -6.063217 16.414967 3.213689 -9.363480 10.854848 -8.873490 -10.737829 4.554512
5 3.206801 4.664368 -8.284639 -6.745851 33.028793 -8.008290 -8.105871 -9.755309
5 -95.907860 105.377174 196.281689 -134.496261 310.389480 -155.857777 -51.289992 -174.496445
1 11.740721 -11.015241 0.832217 10.026176 -9.235144 -2.791401 3.600739 -3.158066
3 55.989279 -17.113788 64.050454 -31.367832 -16.874167 -23.721902 -7.668042 -23.294005
2 20.401500 195.359527 189.255947 -62.384360 189.084155 -265.301270 -27.797587 -238.617936
2 36.057227 45.301355 19.980458 -23.089759 -4.752150 -34.030754 -1.374130 -38.092242
3 26.080487 -12.998884 32.820000 2.829975 21.314349 -17.488205 -31.167461 -21.390258
3 -53.586881 133.709679 152.392442 -116.001801 140.552666 -122.282288 -14.003179 -120.780640
5 -0.885107 7.524467 -0.188548 -8.650594 12.022851 -8.366269 8.149893 -9.606694
3 10.093310 -8.399340 10.434878 5.162424 -14.599120 -3.149379 6.025575 -5.568347
3 7.531532 121.991365 164.306969 -62.060911 22.955093 -94.484279 -35.727916 -124.511841
2 -11.243822 41.291923 10.392596 0.876132 14.599531 -22.067344 -11.952759 -21.896251
2 -4.718719 27.826696 5.127668 -4.803244 -10.704436 -3.049060 -5.973703 -3.705201
5 3.417449 -39.333176 4.494413 -26.097518 131.735538 -33.200458 -3.210568 -37.805676
3 55.509725 -5.604370 65.687463 -7.639637 -14.182829 -38.565169 -18.507708 -36.697470
1 26.419558 2.073063 9.587953 -10.701239 2.021200 -11.791929 -7.559628 -10.048980
5 21.186859 194.622303 114.221663 -115.941943 250.623827 -188.674539 -66.335071 -209.703066
5 26.717712 0.663347 -12.920502 -38.389791 84.751161 -37.449650 0.359835 -23.732113
2 1.618364 36.987118 3.711327 -25.165500 26.603206 -19.777432 -13.493840 -10.483242
2 11.091106 12.188867 -1.550375 -4.902439 -8.336012 -8.933360 11.195090 -10.752877
5 -13.225406 2.682391 35.212160 -20.378472 60.216808 -38.946442 -0.872985 -24.688057
2 -5.275461 29.142653 -4.501098 -3.778595 -6.236564 -2.371627 -4.358354 -2.620954
2 -20.242655 39.870029 15.262267 -13.323632 18.138059 -11.972322 -12.065949 -15.665794
5 -6.359773 -6.494525 10.381428 -5.519484 19.269692 -3.998269 -1.138143 -6.140927
5 -9.051217 50.159183 -2.345569 -11.192030 98.774448 -37.161177 -38.140406 -51.043227
5 1.979956 12.138651 13.944860 -19.704761 56.467419 -26.992927 -12.968027 -24.865172
5 29.759441 -37.382829 23.954111 23.201171 75.141109 -44.720536 -10.509163 -59.443301
3 -1.372280 -3.256173 11.743603 7.081085 -3.537231 -2.224089 -4.135226 -4.299689
1 28.059932 11.106965 14.083515 -16.221796 6.089643 -10.640099 -18.768056 -13.710101
3 31.010757 -19.454461 72.337684 -20.479392 3.603499 -32.805636 16.640250 -50.852696
2 7.320098 13.400581 11.328936 -11.519789 -3.416985 -9.644505 5.500750 -12.969087
3 6.436863 -6.162377 47.107445 -28.604737 31.380415 -39.215461 18.541081 -29.483227
1 71.606421 4.908320 13.157431 -15.753881 18.053324 -40.219115 -14.572994 -37.179508
2 58.297342 90.778616 38.869184 -49.845349 46.258480 -66.043855 -48.524708 -69.789706
1 15.145482 -1.414496 -0.910012 4.504022 -11.159261 -3.107592 0.970115 -4.028259
5 82.715284 -49.929928 100.749425 -4.779784 109.282329 -78.224058 -55.407630 -104.405631
5 -2.871686 -13.647344 -10.556439 -2.877793 43.173092 -2.971060 -8.077789 -2.170981
5 -6.546000 6.815909 -14.099742 -0.321356 22.300229 -4.618224 1.865203 -5.396017
2 5.007452 26.169481 13.267753 -15.488864 15.449792 -18.405833 -5.411669 -20.588113
5 -24.869091 -8.293409 41.918536 -30.077595 58.780274 -15.674396 -13.942074 -7.842246
3 -0.055658 -14.517943 40.172726 -10.298017 7.119877 -10.597624 -5.479547 -6.343813
3 56.467031 -115.459396 100.128031 12.210517 20.862110 -45.120938 31.821299 -60.908654
1 68.920064 -1.943101 -0.058635 -14.444825 59.995969 -53.040390 -2.172832 -57.256255
5 10.879176 -24.598785 14.901048 6.410030 61.234482 -39.224820 1.767332 -31.368460
5 -42.385193 18.853693 179.896814 -91.160911 193.948320 -132.264856 -1.977856 -124.909996
1 45.111355 9.235397 32.511784 -22.991729 24.363227 -46.849665 2.940263 -44.320631
2 -3.670006 38.130775 16.556493 -28.681589 -9.040955 -12.698162 -8.146476 7.549921
1 89.625616 72.524164 11.863546 -42.721083 43.229953 -75.545501 -12.795640 -86.181054
5 6.738962 9.505209 6.867978 -1.350448 28.259534 -18.304776 -9.541523 -22.174936
3 -28.843984 58.742360 105.524206 -19.086256 72.908614 -102.782844 12.785009 -99.247097
1 20.583344 5.965777 19.393567 -4.010546 19.674573 -23.337450 -6.194823 -32.074439
7 4.424999 6.151684 -13.563410 -4.273543 9.803750 -6.166789 10.285680 -6.662371
3 -17.923915 4.399048 20.420855 -14.068587 6.279830 -11.830174 15.058653 -2.335710
5 4.025886 -2.922062 4.895658 -1.513226 7.069452 -4.012278 -2.469054 -5.074376
7 1.093369 -0.825472 0.552593 -4.929983 6.543507 -7.621825 13.329694 -8.141883
5 19.630899 4.701223 -6.506418 -12.633184 34.408035 -22.537935 11.880872 -28.943494
5 -13.886485 -1.133284 12.603629 -11.952573 25.189265 -7.002687 -0.948294 -2.869571
3 24.638837 -3.342488 82.470134 -46.301843 48.610939 -42.578486 3.977373 -67.474461
3 -11.167092 -1.152741 20.254164 3.299027 13.835272 -4.517213 -12.663293 -7.888125
5 -0.150970 12.169819 6.128783 -14.817915 65.838238 -21.534161 -17.375889 -30.257901
5 -34.809256 11.374871 28.172961 -26.935657 51.642048 -35.135895 31.583758 -25.892825
3 8.970355 14.816235 40.759234 -19.258238 -9.185206 -15.406189 -5.738929 -14.957264
5 -20.281655 -10.758987 16.279331 -10.323025 52.647479 -9.575661 -15.474775 -2.512709
5 -9.172254 -2.277535 4.552316 -9.997671 19.033713 -4.741401 1.801825 0.801006
1 64.313378 -5.709473 24.740437 -33.980538 29.140818 -28.904941 -32.704449 -16.895232
5 -2.422609 6.884268 2.256613 -7.425506 9.569207 -8.366269 9.110990 -9.606694
1 27.052270 2.697119 20.651956 -8.179096 10.780246 -20.010471 -6.822975 -26.169049
2 29.192500 79.076403 -5.989020 36.496881 0.171849 -38.885309 -40.760040 -59.303261
3 -8.661389 -18.223690 114.719189 -53.435384 67.361077 -57.055709 -9.899963 -34.804124
1 31.668633 17.813555 16.374009 -11.562183 24.302476 -33.643394 -12.906525 -32.046569
2 -17.315728 30.127913 13.293112 0.337418 -1.832494 -9.445803 -12.037585 -3.126832
7 9.404399 2.141823 -1.460498 -3.954246 -17.193238 -2.733340 17.432914 -3.637814
3 -7.984187 28.941614 141.449702 -51.567195 -14.315331 -44.680083 -13.265077 -38.579441
5 22.308167 3.012852 -8.876832 -18.628523 93.927493 -39.912121 -9.657522 -42.173513
2 36.297180 79.380674 17.961188 -20.152599 9.511093 -58.714262 -6.180080 -58.103196
7 -6.483607 20.193450 14.265092 -22.680857 -8.050534 -16.179156 22.998021 -4.062411
5 -9.998292 -14.427503 7.765532 -13.128781 40.966301 -10.665206 5.848824 -6.360873
7 5.584188 11.744865 -14.762414 -5.032906 13.439179 -12.198136 14.085145 -12.859922
1 19.437054 3.632958 -12.915891 -12.371751 11.251777 -6.644623 3.003584 -5.393109
5 -8.576791 -0.329587 10.559460 -4.511443 38.190989 -9.938483 -11.231055 -14.163087
3 9.026796 7.314790 20.036996 -16.472994 -16.169806 -7.157058 5.769720 -2.348444
3 57.396922 9.530652 90.347972 39.978364 -19.051847 -70.578882 -28.593301 -79.029880
5 29.773717 -11.389028 -21.738718 -14.143392 31.254990 -20.714521 20.210001 -13.253051
5 33.877008 -15.482195 5.714365 -25.683610 135.528332 -47.665715 -26.553500 -59.734681
5 2.297267 -40.702975 14.352209 7.448081 23.984673 -15.731621 19.141968 -10.789604
3 86.996253 2.892155 220.979378 -94.884608 37.529425 -158.814122 85.432774 -180.131239
1 35.092855 -38.190465 22.806556 5.247995 34.317456 -20.711068 -16.406379 -22.156946
5 -21.184881 63.290488 50.143026 -52.032043 74.181159 -67.336002 19.470825 -66.532567
5 -0.940296 0.159126 -3.020475 1.073534 3.100672 -0.141169 0.228795 -0.460186
3 -0.629909 -31.462781 70.803251 -7.379267 52.448602 -49.396254 33.151268 -67.534906
1 24.785485 -4.968461 -27.267898 3.695133 9.156564 -14.037123 19.297800 -10.661503
3 48.287558 10.067388 74.448952 -64.041952 53.088503 -54.865583 -26.593285 -40.391578
5 -42.805830 58.405496 24.366366 -46.835725 173.005467 -69.927293 -30.722034 -65.486437
3 19.719917 -1.082346 178.282492 -72.563794 86.139787 -88.891004 -41.404115 -80.200928
5 28.860831 43.773047 4.387397 -32.337523 44.915519 -40.061714 -9.491817 -40.045742
5 11.977644 -12.659137 11.084160 -5.452612 14.252596 -6.419056 -4.508186 -8.275408
3 55.769569 -6.331329 147.121497 -85.965901 107.257715 -98.047152 -16.469325 -103.335072
5 -7.298612 -6.494093 -4.637266 -3.555758 31.346575 -2.114788 -4.424026 -2.822031
3 59.708733 101.649190 110.764748 0.651280 80.109565 -129.356687 -61.706977 -161.819857
1 70.900691 45.237460 -3.059156 -16.569989 52.239961 -74.360647 -6.601053 -67.787268
5 -28.769816 25.612324 15.145419 -12.176552 53.836689 -20.782183 -13.002040 -19.863839
3 5.241927 2.751439 18.293451 2.710335 -7.142496 -4.440512 -9.204133 -8.210011
3 -18.252921 22.035170 41.297697 -8.612079 11.029541 -17.457626 -18.476626 -11.563155
1 27.647297 -15.635883 3.857797 4.432271 -4.893748 -5.670735 -7.014873 -2.722126
3 3.582594 -5.034297 15.314818 7.745197 -10.138697 -2.224089 -4.945837 -4.299689
5 21.718310 17.410205 -1.986314 -8.568806 25.167557 -24.128836 -5.038270 -24.573846
3 -3.419923 9.586496 58.912384 -11.608236 -8.605943 -45.892571 52.015808 -50.988015
3 -12.765520 4.370022 46.850834 11.441013 16.995515 -21.012866 -12.124045 -33.754948
5 -5.131264 -4.489843 -8.943216 -3.022850 19.719001 -2.121263 6.774490 -2.785055
3 -10.460831 11.356050 13.059585 -2.365880 -9.173617 -5.429153 -5.245482 8.259328
2 -18.763633 24.835219 14.286908 -18.306167 1.527238 -10.981586 6.878758 0.523263
5 -0.603235 59.358131 -6.815794 -35.350833 122.689889 -64.227395 -17.386077 -57.664681
5 3.571024 27.454583 68.335263 -47.345914 131.950633 -90.268155 14.327004 -108.024425
5 11.096690 -15.277895 2.595437 -10.065957 21.597646 -5.726499 5.229436 -9.448856
3 2.349621 35.550731 58.512773 -56.685463 37.697584 -32.027195 -34.439810 -10.958235
5 -30.778080 56.851938 -18.960499 -22.333947 77.876075 -19.415221 -18.942543 -24.297718
3 1.789077 -3.016419 7.213648 -5.010886 5.878218 -3.286503 1.408907 -4.976041
3 10.540406 -11.302856 26.802342 2.731571 -10.262805 -3.607635 -9.248890 -5.652133
2 -12.715744 14.955813 11.444141 -9.519091 -1.120032 -3.680449 -0.690388 1.325748
5 4.782496 -2.876375 -6.204394 -8.126700 33.735441 -9.353372 -6.167252 -5.789844
5 4.850392 -6.544057 -5.635392 -3.500412 24.782902 -3.892792 -3.656485 -6.404156
5 51.589689 91.837700 62.229462 -99.273706 214.669097 -140.683653 7.361330 -187.729897
1 16.392981 -1.845191 -3.592031 4.334869 12.187326 -7.722620 -11.732822 -8.022511
5 0.643404 -0.232780 13.411948 -2.427491 15.487757 -9.944892 -2.423103 -14.514841
2 9.964825 68.104372 46.258340 -4.392682 66.652804 -85.313523 13.765251 -115.039382
7 4.348014 -2.392614 -15.754515 -3.571628 -4.776808 -2.187746 27.248361 -2.913064
2 1.052759 8.876454 6.418425 -5.932216 4.304240 -7.393414 1.193277 -8.519525
3 -42.064024 58.937157 206.898449 -119.587064 74.762220 -104.878029 19.547451 -93.616157
3 13.896345 5.540209 23.918497 -4.795061 -14.461383 -11.996062 -4.681607 -7.420938
2 -10.133478 256.228123 123.471440 -106.002887 148.041345 -195.899669 20.184125 -235.888970
3 10.259605 14.504282 46.129979 -35.455951 37.860451 -38.846766 0.498761 -34.950357
2 84.745663 114.761655 30.290715 -90.341907 68.573817 -85.125847 -29.853717 -93.050360
5 -20.321404 26.287696 -9.085423 -14.179648 50.363553 -17.819365 -1.958478 -13.286929
2 -9.406262 64.766236 5.479420 -27.755087 42.750736 -30.459487 -0.559442 -44.816110
2 11.511909 20.455098 -18.381816 8.407482 0.020315 -10.047898 0.569096 -12.534185
5 7.656683 58.720949 94.168215 -98.356904 169.780456 -119.900831 7.302885 -119.371449
3 -19.088126 17.884555 169.875314 -78.646832 53.590481 -86.082861 0.192313 -57.724834
5 -19.908484 -13.799018 25.349368 -19.644873 127.790856 -47.142131 1.872238 -54.517948
5 2.348614 10.507985 -9.693769 -7.906170 15.047445 -9.217102 4.476932 -5.563934
5 8.320500 43.992680 39.429816 -64.782604 79.204511 -65.241576 22.018622 -62.941944
5 1.034161 10.476327 -6.698264 -9.963087 18.861722 -10.952113 10.951053 -13.709799
3 -2.886773 -1.378940 51.907034 1.644498 -7.194718 -20.904631 -10.597846 -10.588622
3 10.662786 -3.773143 48.404178 -9.965163 -24.736445 -7.264235 -3.086284 -10.241693
3 53.543209 58.371580 64.219688 -39.330209 -52.504908 -33.188719 -10.641665 -40.468976
3 27.689786 -33.886754 214.167638 -85.413596 187.626639 -153.206154 31.455884 -188.433419
5 -16.045095 10.556121 -12.044661 -11.464877 36.594142 -13.729719 23.685735 -17.551643
2 0.673982 14.005224 6.606144 -16.161210 -1.598933 -5.739444 2.462022 -0.247783
5 5.906128 -2.955922 23.268664 -18.055816 24.283461 -9.588330 -16.523869 -6.334317
3 31.912849 45.952362 110.957984 -65.569449 72.990734 -82.867799 -31.385550 -81.991120
5 77.580771 44.269450 102.581773 -74.757791 197.636384 -152.502852 -52.934350 -141.873367
1 18.283221 6.453149 15.805928 -7.459097 -5.719610 -8.580409 -8.887647 -9.895536
5 22.562359 -18.826291 -18.102488 -4.300945 35.869990 -21.073979 21.815352 -17.943997
5 27.941166 56.756513 24.865509 -71.616055 111.462987 -91.089874 11.379355 -69.699598
3 18.281660 20.692309 115.733642 -60.083877 45.200056 -60.830741 -9.755268 -69.237775
5 6.040466 -0.209294 -9.791631 -5.188823 9.342236 -4.385724 4.848829 -0.656059
5 8.189241 13.735958 -0.846502 -9.124240 78.930348 -42.568852 4.649908 -52.965862
1 51.704731 43.790136 18.401940 -25.353107 -26.101232 -18.434995 -21.284460 -22.723009
3 -0.667057 -4.598166 13.684204 -1.695650 -5.525561 -0.396238 0.138153 -0.939686
3 42.958282 70.253086 71.467235 -58.888282 4.003696 -45.126759 -17.260279 -67.406973
2 1.134333 13.539106 -0.259351 -9.465122 13.426309 -14.619002 12.455355 -16.211631
1 11.601537 -2.632689 10.225678 -9.379484 -1.839546 -4.559145 3.055081 -6.471431
3 -1.449744 76.584283 117.621213 -86.084894 -0.380409 -59.210799 -13.314117 -33.765529
3 4.330110 -8.174499 47.671569 -5.338633 9.549859 -22.138693 -4.807159 -21.092555
2 10.941893 23.615533 0.617625 3.472924 -16.098612 -5.085069 -9.718834 -7.745460
3 13.611948 -24.688769 38.175665 -15.437169 29.518985 -17.036542 -4.149497 -19.994619
3 0.735195 -4.329485 15.563928 7.081085 -8.391718 -2.224089 -4.135226 -4.299689
1 10.426603 7.148070 9.022671 3.291676 -6.888696 -4.686632 -8.965057 -9.348633
3 -18.980880 5.526736 46.651774 -33.390629 45.179325 -28.009053 0.070207 -17.047479
5 -18.531174 10.708885 8.100471 -12.739367 17.571389 -11.461955 5.162961 1.188789
3 37.334269 -25.199759 49.782947 11.572277 -19.520808 -20.979256 -9.767314 -23.222358
2 -6.386869 34.480272 -6.380721 -2.482169 -6.630020 -2.981082 -6.926175 -2.693235
3 0.263548 2.080735 44.215330 -5.669393 4.821305 -18.048393 -3.159242 -24.503890
3 -8.962166 13.683359 14.976956 -14.490023 13.129222 -10.166569 -2.020640 -6.150138
1 24.578195 -4.073899 10.895586 1.793129 -5.914153 -6.674509 -9.222385 -11.381964
3 3.569668 -6.958685 26.673361 -7.622621 7.916454 -8.286094 -9.648377 -5.643706
3 23.120208 34.605250 50.073123 -30.901326 19.144566 -42.746264 -0.318991 -52.976567
5 155.518944 -82.538175 -30.470963 -55.874511 183.974313 -124.137350 54.805932 -101.278197
2 18.404085 131.552418 26.161167 -26.863843 64.390391 -100.068380 1.258016 -114.833847
5 107.879507 -44.852695 28.315177 -57.068805 108.180541 -63.980396 -22.938678 -55.534646
3 9.121705 -7.201040 23.072309 -5.295669 9.312273 -8.392032 -9.338888 -11.278656
5 10.419947 -8.992057 -7.770532 -4.923543 10.840110 -4.104528 5.042101 -0.511498
3 -4.708590 71.663378 116.248216 -61.762112 56.659488 -108.877712 7.579647 -76.802309
1 47.118775 -38.987069 0.568942 -8.363413 21.090531 -10.714583 -6.227955 -4.485227
2 26.547178 42.574610 -5.477134 -22.015340 -5.238504 -24.250018 18.851954 -30.992746
3 199.595553 -91.982790 203.518951 -138.580439 179.725539 -165.299047 -29.000308 -157.977443
5 5.676694 -16.134673 39.186698 -6.421180 45.632678 -24.320450 -15.303684 -28.316081
2 9.262875 178.922848 52.360394 -96.246202 153.772138 -121.167259 -23.917457 -152.987317
3 21.201338 1.534374 160.501428 -45.338614 79.691551 -81.853798 -54.698369 -81.037900
2 -12.051054 35.601368 1.696337 -5.478073 26.726463 -16.085522 -16.345787 -14.063732
4 7.362392 -5.620290 25.223750 25.432787 2.330227 -32.415382 8.469466 -30.782950
5 36.545302 -44.140749 25.229519 -12.991670 53.002525 -19.516543 -14.997808 -23.130575
5 21.037901 -7.162850 19.206507 -26.976424 27.149815 -22.911890 -6.632145 -3.710913
5 1.835493 -5.298741 49.891079 0.169745 55.151601 -40.915824 -10.050016 -50.783335
5 -1.081976 -7.537442 56.856529 -51.694642 105.324797 -50.080912 -15.933508 -35.852840
5 -1.822642 9.216002 81.089144 -114.061823 114.343798 -98.473595 109.488718 -99.779599
3 -31.529596 81.730171 151.871517 -89.395572 90.190237 -101.607431 -14.911085 -86.348242
3 2.493582 31.599299 54.490254 -1.854056 -39.770757 -15.695081 -6.727533 -24.535705
3 19.977174 16.086970 39.483243 -10.453557 -7.219742 -20.950755 -28.612506 -8.310829
3 36.390296 -33.748510 53.005718 7.302529 -17.161689 -15.186953 -12.293567 -18.307826
2 24.154035 63.148215 40.766534 11.084221 -38.162632 -35.281332 -21.102868 -44.606171
5 -11.034701 -21.365872 47.185798 -14.888835 50.095018 -45.935827 33.273674 -37.329253
3 4.080588 50.830715 60.736075 -15.166532 31.818181 -67.760137 -18.867930 -45.670962
3 -0.094166 1.045931 33.268144 -28.601371 30.234822 -15.120933 -2.100327 -18.632097
3 -3.455806 -6.393881 61.614693 -49.588998 55.875326 -41.299670 23.772275 -40.523938
2 -2.406887 31.900954 2.193121 -5.500680 -4.875092 -12.371000 3.239014 -12.179431
5 -5.969137 17.375386 -1.935059 -18.169524 45.343942 -14.354915 -3.105831 -19.184860
1 33.970833 -26.652732 25.024658 0.334163 20.910858 -17.078376 -20.372338 -16.137066
1 43.958250 3.945672 42.512489 -17.983011 6.101090 -22.085449 -26.172226 -30.276811
5 11.573400 6.061191 -10.232183 -9.461145 18.983732 -15.188639 9.798044 -11.534401
3 -7.392619 38.343824 54.309689 -6.219312 -1.032092 -35.884063 -1.916649 -40.208781
5 38.825529 4.755863 -9.660965 -19.859500 39.292116 -19.627250 -14.847507 -18.878286
1 22.157710 -6.289475 -14.615309 -6.577291 20.453729 -8.753398 -0.648001 -5.727965
5 3.384042 -13.017106 -6.331960 -11.660877 40.027891 -14.913448 20.004506 -17.493049
3 -45.444692 46.539985 122.533198 -42.851902 -38.319445 -42.069863 10.631346 -11.018634
1 62.331310 -4.983504 50.544007 -38.851722 9.913919 -28.668973 -26.571877 -23.713161
3 79.743754 0.789755 510.977845 24.678010 10.577224 -341.768331 -43.078443 -241.919838
3 24.508867 -10.787299 24.808125 10.049960 -11.327599 -18.386069 2.260442 -21.126429
5 -3.963377 7.795537 -5.645488 -4.647250 11.755728 -1.697323 0.323461 -3.921288
3 56.581746 8.301865 57.410118 1.602669 -46.576697 -27.609162 -31.120009 -18.590530
5 -34.803915 12.351593 32.491439 -33.866210 47.545744 -31.559090 -1.350917 9.191361
5 -9.319429 -6.669257 5.225495 -5.698303 57.588788 -11.353428 -14.755378 -15.018484
5 0.309639 3.936764 7.692549 -6.747736 21.673990 -20.638547 -0.497773 -5.728884
5 -18.186805 10.289847 0.590700 -8.835730 30.173769 -8.251252 -4.520135 -1.260394
1 60.047996 2.470752 1.387909 2.278411 10.749485 -16.135220 -39.242269 -21.557064
5 54.857348 68.645620 -1.746800 -55.321828 130.373574 -99.528876 27.223261 -124.502280
3 1.377351 23.279445 38.451472 -24.122081 16.310838 -23.703282 -8.483141 -23.110598
3 -11.078362 -4.214215 22.014935 -13.028332 -0.357723 -7.496067 16.045288 -1.885524
3 46.168105 38.167089 106.294964 -108.261204 89.194729 -94.814256 23.964020 -100.713439
3 -11.404313 -21.245773 49.668300 -11.964516 12.129540 -5.098180 -3.586481 -8.498576
2 1.938624 15.771990 14.709763 6.569647 -20.051926 -3.792174 -9.055237 -6.090687
5 -11.681521 24.954436 25.672644 -31.808323 79.304464 -33.255055 -7.198289 -45.988352
3 12.808495 57.616358 104.282963 -64.974965 15.647947 -62.053917 -23.995901 -39.330978
5 -23.428327 59.233402 104.743111 -53.429928 144.066821 -130.436333 0.611621 -101.360361
5 -6.882930 14.888627 16.255840 -17.763748 22.219771 -12.560176 2.103896 -18.261279
5 17.589580 -5.495246 44.450089 -37.088589 105.880357 -50.623455 -25.697678 -49.015059
2 6.207047 32.099163 30.466882 -12.922087 -4.015588 -32.418747 3.450911 -22.867582
2 -10.984258 56.748251 -15.722277 -22.832181 47.318139 -18.458398 -13.216779 -22.852491
3 2.897596 13.378206 61.502600 -26.434647 49.883194 -42.769641 -12.805155 -45.652146
3 26.945433 38.835382 121.644292 -76.034393 81.722991 -91.711888 3.440405 -104.842210
5 -22.050792 7.901650 -27.370268 -30.708491 121.042205 -47.348234 55.002036 -56.468106
5 -25.409836 37.277851 13.524331 -27.286960 38.310571 -18.476523 -10.155608 -7.783824
2 37.483950 237.321618 118.291045 -129.825050 171.805724 -180.611282 -7.586188 -246.879790
5 -6.527808 -1.999024 -11.173473 -1.474927 28.937061 -4.477626 2.039534 -5.323736
2 38.832616 48.894139 8.167783 -12.523877 43.268200 -59.545381 7.289995 -74.383470
3 -28.205453 129.533899 206.344033 -117.795886 105.215883 -136.999037 -10.750242 -147.343193
3 -16.793181 6.853636 77.769228 -2.869732 32.056575 -56.474964 16.341624 -56.883191
7 23.136534 0.509577 -17.154697 2.031448 -23.806703 -5.095200 25.688149 -5.309108
1 9.107454 -3.348936 7.379981 -3.892239 -2.211407 -3.095360 0.416822 -4.356315
3 64.220543 -43.199384 101.177594 32.473028 -24.405195 -67.937536 36.628686 -98.957729
5 -31.586641 12.241774 11.957799 -39.255337 174.037240 -52.317720 -3.781543 -71.295565
5 60.435026 142.299012 108.023175 -93.282101 292.630932 -229.719748 -2.619294 -277.766981
2 12.505202 16.651779 -11.411816 0.616320 -0.720972 -10.685653 6.626248 -13.581106
3 -14.169754 2.939969 9.300392 -8.099946 4.436138 -3.714869 6.184857 3.123213
5 -7.872697 -5.746838 -2.179367 -2.409059 30.294581 -3.500636 -3.038764 -5.547220
2 31.833809 34.291278 22.831183 -27.151532 -9.817714 -19.971529 -16.246240 -15.769254
3 137.678250 122.031297 192.339880 -131.272004 86.658054 -230.332248 52.028286 -229.131491
3 -24.470428 4.771878 52.728432 -15.841006 3.047562 -12.379634 -12.319744 4.462939
2 8.099992 78.198344 3.138105 -20.811324 -19.087928 -33.108319 -5.390244 -11.038625
5 -5.690772 -4.148327 1.833496 -0.134878 13.594340 -2.493829 0.302427 -3.262456
3 101.516582 -3.984537 117.598588 -80.081630 69.287277 -93.971875 -32.078869 -78.285530
5 -3.941142 1.991430 8.321250 -40.240572 104.370597 -39.861888 11.933198 -42.572868
5 35.916846 124.037111 151.251887 -129.867396 235.182427 -155.657027 -86.993864 -173.869977
2 9.262263 147.274480 58.751815 -89.834231 140.299742 -102.954949 -44.843915 -117.955186
7 0.982212 12.928650 4.083144 -8.236969 7.947606 -15.015239 13.972003 -16.661408
3 -27.918021 11.660563 81.616204 -28.390776 59.476433 -41.975842 -1.115090 -53.353464
5 22.727084 -22.479120 118.907641 -36.432049 199.816487 -152.529009 54.338894 -184.349921
2 -10.992298 45.291613 38.473717 -28.300058 -32.722342 -18.327707 -4.979176 11.556250
5 -26.055294 -12.933679 68.491569 -24.386698 81.583517 -45.155737 -8.689436 -32.854238
3 15.444188 -22.232772 37.669274 10.912322 -3.198818 -16.775458 -1.227877 -20.590855
3 5.897466 -16.041166 83.503405 -13.568089 -18.071961 -18.819128 -2.902970 -19.997558
5 47.759438 6.029479 -16.890762 -41.643903 142.291931 -60.682958 -19.965003 -56.898218
1 200.693082 -88.385941 160.644335 5.729435 75.591952 -148.503891 -43.325488 -162.443474
5 4.959178 28.585484 69.107055 -9.511379 86.048138 -72.058194 -27.522836 -79.607445
5 -3.077568 8.059935 7.096105 -7.448290 9.394594 -6.586216 0.817160 -8.255720
2 42.467032 63.786707 -11.069399 -57.735915 51.303696 -56.432202 24.733576 -57.053494
2 -3.390829 21.951120 -15.816131 -11.557684 15.782122 -7.286862 11.069305 -10.751037
3 -8.417181 -15.934844 158.134440 -60.876754 95.489498 -87.773308 0.646035 -81.267881
5 5.592063 2.808343 0.618568 -11.900068 24.062364 -9.489460 2.099550 -13.791359
3 -7.293032 31.299093 38.022438 -18.347349 1.354953 -16.780340 -4.451003 -23.804758
5 -5.316033 1.956058 -6.691708 -4.912512 29.961984 -8.459795 4.055567 -10.593560
5 46.000263 26.268376 6.376518 -19.655712 48.539699 -40.395388 -17.324912 -49.808845
5 -3.754249 13.394177 9.662196 -14.347683 15.057166 -11.939523 -13.215282 5.143200
2 -10.790615 53.987482 49.670826 -55.334309 52.543091 -69.510323 44.853359 -65.419511
3 -1.057591 -25.946627 122.949396 -14.395203 91.243345 -69.197949 -24.588121 -79.007243
3 17.734538 23.321324 31.025665 -36.412318 29.346883 -36.108103 -5.727988 -23.180001
5 -7.564117 -11.116781 -18.720858 -0.107898 37.434943 -11.138335 11.672074 -0.459030
3 3.535549 -0.211170 15.809212 -12.986597 3.223198 -6.524497 -5.618294 2.772598
3 14.924338 -16.833023 46.476773 -29.129381 43.413571 -23.154016 -12.845106 -22.853153
3 25.474358 -18.868764 25.542626 2.121459 -10.071800 -8.025841 -8.851455 -7.320584
5 2.154210 -33.049683 -6.317445 5.919302 55.501534 -10.953477 0.186282 -13.440721
3 0.641084 -3.838687 10.882656 4.502080 2.214283 -3.481882 -4.401583 -6.517951
5 -21.711128 115.551482 76.331142 -80.885292 119.136109 -96.053886 -13.556727 -98.811687
2 3.197144 49.826207 -1.263363 -8.066922 12.687477 -28.221593 5.601327 -33.760279
5 44.211126 65.586984 79.250324 -71.400947 79.692780 -85.718283 -9.770763 -101.851205
3 8.995844 -5.562365 24.335046 -5.747029 -16.899564 -4.941376 6.724711 -6.905268
1 28.252681 0.755793 3.655702 4.170303 -6.462495 -5.130363 -15.091715 -10.149906
1 14.216699 -12.174613 -0.581306 -6.891802 6.522969 -6.582579 1.016992 4.473640
2 -2.017559 23.260359 12.528475 -0.173865 4.579345 -18.139580 0.193290 -20.230467
2 -15.093526 38.018645 23.879218 -10.977890 -22.427118 -5.078613 -9.085396 0.764682
3 60.361737 -55.145918 165.108527 -102.599216 106.079564 -106.777501 6.241612 -73.268811
7 14.318675 8.652861 15.285873 -0.533804 0.079010 -23.700016 15.893535 -29.996136
5 36.427457 -23.399703 39.220347 -25.124009 109.984509 -60.926298 -28.495863 -47.686434
1 25.041395 15.957565 6.689929 -13.346847 6.797379 -19.417747 -2.271314 -19.450355
3 8.543834 -25.602471 48.864027 -16.812121 14.011666 -23.383416 10.498183 -16.119696
3 3.510049 -7.471408 18.500116 16.210168 -17.274779 -3.594137 -3.629407 -6.250603
3 10.784266 17.161689 102.490925 -41.886343 15.479639 -43.044463 -15.873161 -45.112548
2 -13.617605 30.857761 -3.643807 -14.582842 21.387594 -14.717543 3.613926 -9.297484
5 2.052028 -14.343930 -36.412223 -27.680729 135.787126 -43.622083 38.310948 -54.091132
3 7.322383 1.270094 74.711027 6.074233 -17.018269 -27.392755 -5.504007 -39.462705
5 2.696635 -2.773242 -10.723499 -4.907302 22.020992 -8.460351 10.313859 -8.167093
3 -4.958908 8.761662 16.633199 -7.554060 -7.805368 -3.011753 -5.908801 3.844029
5 13.421021 -21.655893 13.670560 -11.565619 16.755196 -15.346643 13.140981 -8.419604
1 120.524786 54.636207 107.802602 -42.679265 -61.368274 -64.392456 -51.640890 -62.882708
3 44.102501 -10.627403 167.009470 -115.857268 47.139419 -72.903259 -12.192686 -46.670773
5 -7.446705 2.155546 3.376657 -6.132357 28.207298 -6.617937 -5.489965 -8.052536
5 -5.790123 29.566088 1.095784 -16.695578 29.843080 -12.669709 -9.295515 -16.054026
5 1.467341 1.992693 12.808902 -3.071816 22.396324 -10.610271 -8.766137 -16.217033
1 51.295857 47.906001 9.049745 6.274161 -5.798186 -63.262270 22.294725 -67.760036
5 61.029335 74.807255 -18.454994 -49.436800 125.401109 -67.129361 -38.824305 -87.392239
5 1.401071 39.159620 35.902402 -26.478735 42.739110 -36.698627 -28.433939 -27.590898
2 -24.610608 134.567571 39.789058 -15.141908 -5.791213 -45.046096 -27.824894 -55.941902
5 -8.263269 15.150771 20.772110 -18.261174 26.995484 -18.069610 -4.794342 -13.529971
2 -4.469509 32.339775 26.301729 -1.980553 -8.153629 -13.066337 -18.555075 -12.416398
3 41.862651 -14.749864 93.366441 -2.984076 -8.851376 -38.205919 -26.910327 -43.527533
5 108.266864 80.019957 -10.407331 -68.943433 214.764963 -167.263639 6.508473 -162.945858
5 3.696643 15.288249 -6.745875 -15.186872 39.056204 -9.408230 -20.601749 -6.098370
2 -12.887687 53.996878 11.351749 -40.078439 34.369712 -26.979091 -1.136358 -18.636765
1 66.373502 -12.682999 -10.299405 -11.229940 35.115837 -25.760341 -13.931515 -27.585138
2 0.684993 42.456590 4.171371 -20.949420 16.928117 -19.157613 -5.837046 -18.296992
5 7.098563 6.798568 -0.735086 -5.738710 30.085527 -19.547790 -8.236298 -9.724776
5 -18.633312 88.624662 89.782799 -66.082928 128.546982 -71.127108 -54.810467 -96.300620
5 7.037372 20.823573 13.673751 -2.830636 79.348461 -35.021505 -42.306854 -40.724157
5 -51.191198 32.582438 20.321898 -36.513498 142.180423 -56.282661 -1.678335 -49.419056
3 34.398993 41.137565 134.501090 -80.977059 96.994149 -96.436957 -36.055110 -93.562669
5 6.428430 -9.642911 -3.478614 -4.554361 28.724867 -4.912614 -5.740862 -6.823936
3 -12.292832 32.347727 70.001889 -16.484845 -4.595262 -32.516406 -0.551018 -35.909255
3 51.207371 10.030653 108.032086 -33.678938 -5.564040 -64.399084 -34.867193 -30.760860
3 11.785426 -8.168806 19.336473 -4.165839 -9.012051 -2.242686 -3.305159 -4.227356
1 38.188114 -3.671292 26.556727 -5.641256 -8.005560 -12.747122 -20.137372 -14.542239
5 -1.292461 -3.641474 -5.546596 -9.935250 45.666906 -12.717196 -1.953076 -10.580854
3 -0.914395 -8.803563 12.235765 -6.672583 5.461161 -4.247351 8.534524 -5.593558
3 42.339852 -34.308581 48.142747 -25.995857 25.962309 -28.473822 -21.158638 -6.508005
5 -1.246034 -9.329015 3.754086 -0.561668 24.300681 -10.724787 8.171427 -14.364690
3 -1.768361 -8.223856 11.019671 9.209934 -0.881630 -2.082509 -4.536801 -2.736449
1 9.656231 -0.595631 9.160876 -4.842932 5.168421 -9.430590 3.671365 -12.787742
7 -4.627123 14.222039 5.772420 -15.234428 6.070477 -12.498296 14.550406 -8.255497
7 -7.066805 11.902360 11.078131 -6.390945 13.299646 -16.622748 16.581914 -22.781553
5 24.667791 34.209386 45.261890 -21.702010 45.314622 -57.065747 -17.443245 -53.242682
5 -7.090375 34.098304 67.204442 -18.245704 69.167225 -83.034480 24.635162 -86.734573
3 -2.125754 -1.599942 11.641620 -4.046250 -0.396849 -1.363271 0.308729 -2.418284
3 6.282187 -7.490871 59.764600 5.442765 44.410528 -46.753228 -5.434854 -56.221125
1 33.555109 13.442594 28.609652 -12.094108 2.892434 -30.048549 -16.794900 -19.562233
1 62.673173 21.404253 -2.914632 -29.726040 61.407271 -31.985343 -47.541174 -33.317506
5 5.852504 -11.609725 -7.837254 -5.058421 23.687117 -6.598357 5.338091 -3.773954
1 19.446181 -1.556588 11.947995 -10.051234 -3.189330 -5.986898 -6.221583 -4.388544
3 14.648419 8.815376 15.127392 10.707319 -12.603720 -11.275781 -11.615141 -13.803862
5 18.666201 -16.467851 37.844036 -8.073113 45.441387 -21.880444 -32.450922 -23.079294
1 12.418971 -0.968019 -10.058381 -2.015720 9.084978 -1.811183 -4.038583 -2.612064
5 -0.662654 -8.166596 -1.875835 -10.527882 40.945727 -8.215942 -9.382793 -2.114026
3 24.767360 27.116400 29.993418 -22.639458 4.198347 -18.361430 -26.232295 -18.842340
2 -33.033413 45.110498 20.094872 -22.045896 42.306025 -31.284449 1.266645 -22.414283
3 6.941452 32.514228 41.360361 -44.585546 31.473950 -35.876959 -9.713882 -22.113600
2 -1.510627 47.282579 -32.731018 -2.466484 27.132634 -16.349797 -1.453397 -19.903885
2 -24.941114 159.253683 -47.067757 -59.980219 131.104747 -89.849692 11.840768 -80.360403
1 13.048570 -9.080244 5.403913 -4.415189 8.415796 -5.589189 0.407571 -8.191228
5 6.254821 -0.955299 -10.094458 -5.188823 10.121182 -4.385724 4.904359 -0.656059
1 51.202674 8.385721 21.814664 -13.000607 17.178952 -36.738460 -17.586273 -31.256666
3 3.694641 -16.988875 33.323211 -10.867155 19.550449 -7.866197 -7.573291 -13.272783
5 4.118233 -17.159733 1.275640 -11.608091 53.530683 -15.473172 -5.204038 -9.479523
2 2.582266 40.075118 -5.065671 -11.701672 22.185907 -13.327132 -17.535222 -17.213591
5 93.318769 55.018684 228.445026 -157.292726 243.573480 -201.299371 -26.144186 -235.619659
2 -2.443398 17.026206 0.345134 -1.188313 -12.791387 -0.872978 0.543713 -0.618976
3 -11.966035 1.937324 8.347682 -7.667908 2.313709 -3.573700 7.025529 3.583399
1 15.685984 2.254317 15.110486 -11.572198 3.825685 -10.844772 -5.897095 -8.562409
1 21.664651 13.517810 -7.992654 -1.060816 7.491521 -21.232894 10.015205 -22.402825
5 7.394566 -6.862490 -4.850859 -6.128128 31.931823 -4.508908 -10.118216 -6.857787
3 10.664003 -9.160561 17.052338 -0.511318 3.473015 -5.236719 -5.951712 -10.329047
7 -5.799807 12.222074 -11.898518 -6.786536 -0.723135 -7.019125 27.825985 -7.820939
2 1.013065 73.864437 39.527515 -7.226359 12.404532 -53.003473 -5.314548 -61.265164
3 13.286187 10.164815 94.589634 -41.444813 -13.889141 -33.685750 14.062295 -43.083224
3 29.906899 15.546530 70.441569 -30.916209 29.074849 -49.838273 -3.333655 -60.881707
3 -14.076108 102.790675 105.739646 -61.775420 102.296076 -81.250467 -79.950210 -73.774189
5 -5.414617 -2.638907 -5.725738 -1.654453 10.850054 -0.972855 6.643685 -1.087169
5 19.564817 37.603626 29.438958 -49.051620 46.963273 -38.183930 8.593649 -54.928769
3 47.903460 -14.778544 104.232080 -88.576429 44.328447 -52.446558 -5.637726 -35.024736
5 12.865542 -5.371578 0.938058 -10.790048 13.289029 -11.720531 9.834337 -9.044810
3 14.901290 13.041368 41.964178 -10.905439 -16.999086 -17.280736 -8.320151 -16.401425
3 -4.352149 4.259300 8.583305 -1.676832 8.332889 -8.338617 5.721202 -12.529098
7 -6.264893 2.268965 7.326784 -9.998893 3.500166 -5.564443 8.326012 0.406302
1 18.892337 5.165708 17.458365 -11.835416 -12.689262 -5.673379 -12.007197 0.688845
3 -7.005862 13.609150 26.142947 2.925962 20.069084 -19.594610 -10.776711 -25.369962
5 133.838250 106.978095 126.070878 -155.241379 253.720017 -206.889282 2.169953 -260.646501
3 11.414128 31.831599 43.232231 -25.261658 32.004352 -38.565369 -0.885399 -53.769884
5 12.105415 -13.362136 3.923031 -4.486724 17.198770 -4.771444 -4.423622 -6.183290
5 25.949972 10.233343 10.928845 -12.307552 32.749995 -32.194774 3.249939 -38.609771
5 74.384494 -113.705278 117.162685 -54.102947 190.036480 -137.513106 83.312222 -159.574553
2 -10.091309 32.233331 -2.243446 -19.445246 31.142685 -14.607521 2.422598 -19.411093
5 -5.590982 3.659633 -2.056663 -11.764563 34.590850 -9.485431 -1.929878 -7.422963
2 -25.253348 68.680310 30.108857 -44.653115 19.844648 -24.460962 -16.360516 -7.905870
3 6.456405 -10.058104 9.441220 -3.149157 -2.199831 -2.784625 5.919527 -3.625436
1 58.974503 3.501119 -2.961221 -24.404644 43.827223 -43.418189 4.583036 -40.101830
5 -13.880503 -10.862215 -7.347478 -2.542806 47.113953 -6.711138 2.729325 -8.499138
5 -15.992311 -3.475792 8.995542 -10.962229 35.532594 -14.984036 9.833567 -8.947336
5 15.934817 -35.126051 44.134922 -21.824247 96.973947 -41.844218 -4.735263 -53.513905
3 -9.159534 1.192365 66.757496 -26.308475 16.204012 -44.104812 13.291747 -17.872803
2 19.906340 22.765355 15.292267 -16.750845 -11.703164 -9.089025 -8.019330 -12.401597
5 -30.445447 26.604582 39.422065 -9.747221 72.518211 -36.514778 -10.463992 -51.373410
3 -15.432728 3.336009 43.004151 -18.995918 5.014357 -10.514068 1.195591 -7.607394
3 -26.332623 18.205766 57.099181 24.160297 16.758728 -37.924986 -8.294214 -43.672149
3 48.964494 3.976610 98.346238 -61.533527 64.047283 -66.268121 -0.755693 -86.777279
3 9.094070 -4.079833 35.606890 -26.460015 23.039535 -20.758975 3.969133 -20.410806
3 -10.034226 9.239605 124.818224 -40.112674 -8.619140 -42.622940 8.237522 -40.906366
5 29.156085 11.077141 22.629596 -21.620768 46.202669 -46.098144 10.646700 -51.993281
3 -61.230648 120.867588 124.419557 -35.971075 92.154339 -112.802475 -9.092275 -118.345014
5 -3.511975 -0.020088 -2.840256 -0.615899 6.493666 -0.724468 2.692616 -1.473596
5 57.734720 24.038828 14.296073 -10.783345 84.252583 -62.866401 -34.380528 -72.291920
3 12.855947 -19.647817 41.703594 -16.066337 1.400044 -7.207529 -4.241033 -8.796867
1 44.019456 24.685196 16.153042 -12.611402 -10.078583 -23.501042 -15.124368 -23.542300
5 11.046086 77.659735 81.133784 -68.373757 104.856617 -98.240743 -27.855623 -80.226099
5 11.359044 7.224358 -10.892631 -9.461145 18.695368 -15.188639 9.798044 -11.534401
1 22.592935 2.946201 12.480646 -4.806892 14.964579 -20.131118 -10.385419 -17.660933
3 -16.173706 15.443708 22.597099 -9.453815 -0.162436 -8.224203 -1.462408 -2.564240
1 24.131218 -2.559005 -0.203577 -12.445010 3.177919 -4.693965 -1.102503 -6.305076
3 24.145331 7.853033 153.630832 -124.523121 140.365220 -103.745553 9.623561 -107.349294
3 16.398802 -1.495771 39.659417 -10.615335 24.324313 -30.362848 -6.040610 -31.867967
5 83.677649 94.863566 154.223340 -156.528111 242.928864 -186.726109 -17.179384 -215.259788
3 8.677408 8.518571 32.845632 -17.377997 23.507576 -25.300458 -6.642796 -24.227933
2 9.339262 25.754532 20.028490 -15.591318 19.061419 -26.384718 -2.245394 -29.962268
5 4.314753 -3.695987 22.340356 -35.958329 39.382110 -28.786704 10.954637 -8.550836
5 0.322637 -5.343353 3.670016 -4.715285 20.516963 -4.790751 -2.075815 -7.584411
3 7.549486 -8.333999 18.490430 0.332016 14.803036 -15.049573 -10.597379 -7.194017
1 47.706732 15.180646 -15.531970 -8.829177 16.286214 -26.204165 -18.478118 -10.130162
2 21.946977 24.033395 16.356296 -19.982148 -8.179068 -18.873434 1.088967 -16.390986
1 58.973249 -25.090165 39.184974 -13.495883 14.253672 -31.777501 -14.475270 -27.573072
1 31.309339 8.763671 11.730065 -16.339713 13.935458 -20.386164 -0.527077 -28.485576
3 37.022720 13.457580 48.742666 -2.195972 -2.767952 -38.515999 -12.496819 -43.246224
3 29.870539 47.953711 162.382072 -95.461198 63.282228 -87.398407 -27.395384 -93.233555
3 6.697766 -23.272401 89.040675 -84.816700 67.502787 -75.533021 -17.589255 37.970147
3 9.043831 -16.392535 25.559243 0.080117 0.811319 -9.500513 5.563923 -15.165387
2 -36.475821 96.343576 47.502108 -35.400126 -9.736651 -36.146027 -24.268160 -1.818896
3 -28.915289 62.554385 94.585837 -61.255992 43.440029 -63.568046 -30.172836 -16.668083
3 -2.223102 -0.670364 30.777033 4.004894 -6.865401 -6.353981 -8.793879 -9.875200
5 -39.596121 29.933625 169.310895 -92.755351 191.949819 -127.494401 -13.586799 -117.761658
5 32.128150 117.362043 127.578363 -67.286255 163.060223 -166.600794 -33.435783 -172.805940
5 -59.829397 107.689461 6.198825 -73.684838 158.388423 -70.134612 -0.971505 -67.656349
1 17.057925 -1.167385 7.623281 -7.573333 -8.340714 -4.364379 -7.726486 4.491094
5 7.583206 -18.386614 9.577565 8.330639 10.397169 -4.979937 -4.836020 -7.686010
