5 0.545312 -5.809052 12.991139 -20.939210 19.504966 -21.257153 14.963998
3 2.364663 0.230944 35.982857 -45.022009 16.888836 -45.360392 34.915101
5 48.224495 -0.705981 38.154663 -56.745508 53.734763 -55.816503 -26.845932
3 4.435755 -5.470498 21.379340 -5.833474 -5.564371 -6.108793 -2.837957
3 -11.536745 4.607394 17.307981 -7.166422 13.023674 -6.819761 -9.416122
3 -16.341492 -6.730556 35.561624 -19.233127 17.259030 -19.803138 9.287660
3 84.236888 58.194815 123.866637 -158.185974 30.468582 -156.675301 18.094370
5 10.605841 -4.146327 0.602406 -7.316848 19.705799 -7.343545 -12.107326
3 -4.575096 1.365910 20.471111 -5.563689 -0.132129 -5.721381 -5.844725
5 4.775191 4.190992 31.517495 -35.651848 41.198092 -35.532054 -10.497865
5 -9.183578 -2.058626 4.475610 -7.742547 20.921278 -7.509516 1.097380
1 30.242147 24.211637 -31.829551 -22.120591 20.986880 -21.388144 -0.102377
3 -23.424268 0.052872 33.820222 -23.959974 30.508274 -24.836393 7.839272
5 15.673001 -6.796900 -26.189384 -9.272664 40.240922 -9.445049 -4.209926
7 -27.468878 9.825560 20.057567 -28.617255 22.049565 -28.107006 32.260450
1 21.551760 -10.698660 1.347874 -5.805363 7.087031 -6.001583 -7.481059
3 -10.619177 -6.279697 37.449662 -19.171552 13.835032 -17.317781 2.103512
3 -1.356397 -14.021839 84.719168 -41.325115 25.099062 -41.890790 -11.224087
1 23.051615 -11.397542 8.335315 -8.565096 3.108601 -8.352696 -6.180197
5 8.945077 -20.150463 21.724638 -19.104590 22.815072 -19.459228 5.229495
1 132.629628 19.969534 17.225160 -80.230863 -53.700085 -78.391742 42.498368
3 -30.199997 -32.344275 108.465875 -39.323349 3.970894 -40.575577 30.006437
7 15.110628 -20.012313 19.794462 -9.638503 -20.377894 -10.101705 25.225325
1 107.312765 52.115903 -41.838781 -81.680010 48.962894 -81.025058 -3.847708
7 1.545411 7.422202 3.440100 -9.368166 -1.085641 -9.389831 7.435925
3 16.175546 -0.781722 32.763274 -7.625219 -14.163748 -7.890681 -18.477448
5 -30.114209 -13.511704 52.877087 -62.351234 76.959401 -61.873445 38.014101
5 20.362395 -6.135005 -5.956298 -30.437381 55.696878 -30.365371 -3.165217
5 46.048600 24.096716 -50.831846 -25.945269 47.133428 -25.882209 -14.619421
5 6.987507 -10.044510 -2.880334 -0.645345 13.208782 -0.629011 -5.997089
1 73.724287 -10.761037 -5.854049 -48.633896 70.949640 -47.728871 -31.696075
3 -23.535864 -46.553599 196.555287 -104.745693 123.513813 -104.250916 -40.983030
7 -3.996693 -5.029842 -0.651155 -1.189210 1.952049 -1.115724 10.030576
3 -33.275338 -68.752648 105.841613 -38.530925 75.529755 -38.973835 -1.838622
3 23.287323 7.500515 96.167118 -96.838778 17.876304 -97.061505 49.069025
3 10.771649 3.294542 18.748478 -12.773701 -13.429023 -13.435034 6.823091
5 20.688460 -16.050485 12.446942 -12.177385 25.103260 -12.995302 -17.015493
5 -6.962480 -3.812612 5.592338 -2.287254 12.418097 -2.031952 -2.916136
7 8.592027 -19.609822 6.992266 -10.168800 4.521224 -10.052384 19.725489
3 -0.355847 1.058529 9.217003 -4.555759 -5.494998 -4.634442 4.765514
1 6.787419 -1.331201 5.760368 -4.342739 6.668697 -4.345865 -9.196678
7 -3.767456 0.557200 8.563615 -8.169425 -2.530692 -8.139275 13.486034
5 22.023770 -8.661432 -33.205961 -17.708456 38.779722 -17.537722 16.310079
5 8.858004 -0.305549 -8.231204 -14.035959 14.154349 -14.092117 13.652476
7 15.986203 -1.015278 -1.491786 -5.876373 -23.965740 -6.068205 22.431178
3 14.473209 4.716272 44.910687 -19.716362 -24.706819 -20.032848 0.355865
5 17.752639 33.462740 -0.047757 -35.024242 34.723460 -34.096724 -16.770117
5 5.110396 56.841993 -13.270566 -70.154294 95.722873 -69.332213 -4.918184
5 79.636245 56.389230 -74.529583 -84.676146 80.741345 -82.388534 24.827447
7 6.663536 -7.253308 -0.215266 -1.613572 -11.217995 -1.622187 15.258792
3 -56.057407 -4.815909 91.486626 -56.538267 65.103912 -57.052488 17.873537
5 15.720160 -9.973225 13.145127 -11.441659 16.394451 -11.336509 -12.508346
3 8.342645 -80.769706 132.487167 -66.433188 72.287275 -67.162284 1.248083
1 27.762641 11.342545 6.134606 -25.389380 13.059870 -24.500405 -8.409878
3 6.278915 -13.723552 66.973843 -30.484160 11.165920 -30.745755 -9.465212
3 -28.501049 -9.891693 36.584285 -33.324636 35.112409 -33.864743 33.885432
5 -85.616013 6.242155 95.793790 -73.153699 112.316324 -75.308891 19.726341
5 -12.184053 -4.612931 17.360182 -9.828104 20.633912 -9.297636 -2.071370
3 -3.195380 -23.772888 55.840535 -52.461512 34.160887 -50.277763 39.706121
1 36.935890 3.352773 21.457481 -18.121553 -28.519674 -17.894811 2.789895
1 29.374344 -13.868036 27.912350 -31.323425 19.462589 -30.974586 -0.583234
3 8.443377 -74.430832 127.907810 -65.908566 82.298273 -66.631026 -11.679040
5 -8.234191 3.879023 7.712457 -13.519748 22.014297 -12.889776 1.037939
7 5.811194 -13.868039 -2.764632 -3.410658 -0.500621 -3.536309 18.269064
1 182.323203 27.442359 57.330875 -117.769396 23.927798 -118.021981 -55.232845
7 -2.633419 -2.606945 -8.339808 -10.474836 11.749603 -10.681699 22.987104
3 -26.286754 -8.879824 47.826126 -19.278012 10.852984 -19.628447 15.393928
3 -11.887238 -11.928685 61.733182 -23.731559 0.053711 -22.605062 8.365651
5 5.178586 0.293471 -12.598934 -2.742915 11.163611 -2.719366 1.425546
1 76.150729 -52.505117 47.600622 -47.462508 43.800755 -46.842800 -20.741689
3 -0.565581 -0.585053 23.776964 -2.028732 -6.729283 -2.109126 -11.759191
3 2.539303 -10.201602 27.094429 -15.539330 5.230044 -15.484939 6.362095
3 4.083552 -5.006609 25.019792 -5.320055 -9.126632 -5.393146 -4.256900
3 30.412098 4.940209 72.997877 -31.007117 -18.164214 -31.919713 -27.259140
3 -22.179831 0.669851 21.120862 -6.312615 21.034216 -6.372172 -7.960311
5 20.852345 -1.619552 -31.148530 -13.854068 29.804442 -12.457874 8.423236
3 -11.580138 -18.621205 39.777160 -6.550736 22.291525 -6.713482 -18.603125
3 -24.783785 3.715850 35.255545 -13.460736 9.862151 -13.233517 2.644493
2 23.295065 24.320878 -40.843736 -18.916006 15.440311 -18.167137 14.870628
1 22.686617 -4.667856 10.115369 -14.138736 9.219576 -14.515259 -8.699710
3 -20.109490 7.214660 29.771061 -11.246521 18.557573 -11.285797 -12.901485
3 -25.587533 -16.398753 46.027187 -16.026084 4.735153 -16.642812 23.892844
3 -7.156761 0.405203 18.799594 -13.500712 14.408645 -13.608116 0.652148
1 20.525320 7.481189 15.591936 -12.344017 -7.637223 -12.354419 -11.262785
1 6.169787 -0.848106 -1.164501 -4.863349 2.011198 -4.940416 3.635387
3 7.955707 -14.311984 28.019167 -9.172530 18.184535 -9.320701 -21.354195
5 -22.096050 -51.977160 -3.014950 -38.633368 146.752496 -37.890501 6.859534
3 4.605110 -28.917600 61.165776 -12.130721 -9.234081 -12.615786 -2.872701
5 36.597628 -1.500434 40.176616 -38.024005 55.726900 -37.714588 -55.262118
5 -5.830064 16.417119 25.594088 -28.670016 36.192799 -28.207446 -15.496480
5 -5.336740 1.385752 -19.863096 -7.201514 45.718009 -5.703821 -8.998587
5 -3.600613 -0.096499 2.129130 -3.774555 7.766737 -3.558241 1.134041
5 10.329063 -7.782777 6.494423 -8.620845 21.123953 -8.914747 -12.629070
3 12.735756 10.602516 39.467376 -15.606506 -0.971889 -15.734253 -30.493000
3 17.530844 -9.217964 33.068215 -17.329892 32.234740 -17.523675 -38.762266
3 12.894256 -31.165604 85.660459 -33.844923 36.225111 -34.019923 -35.749375
3 4.355145 -4.038450 44.946303 -21.182345 5.714042 -21.120282 -8.674411
3 -31.866037 0.676040 61.782241 -19.036335 -2.690140 -19.334401 10.468632
3 2.059624 1.327740 5.601802 -7.500666 4.714781 -7.109198 0.905918
1 33.909431 -25.437565 27.226954 -11.296586 -3.839298 -11.474670 -9.088266
1 22.404010 -18.324805 17.578996 -14.509594 -15.180613 -14.165949 22.197954
7 -18.073943 -9.362506 19.768875 -34.632547 31.763603 -33.189379 43.725900
5 131.221253 40.104935 42.503802 -214.188455 263.409819 -209.536915 -53.514437
5 0.610920 -4.060336 -8.940211 -10.000974 30.702904 -9.963631 1.651327
1 35.780800 -27.433535 33.935680 -24.791209 24.307668 -25.423191 -16.376214
3 7.766620 -3.450195 36.630663 -11.122093 9.127400 -11.375940 -27.576457
7 6.094928 -17.287005 16.560674 -6.519984 -14.625177 -6.817196 22.593758
3 15.569160 -10.528859 33.444108 -24.104477 18.816881 -23.402654 -9.794162
5 8.437033 -10.437412 13.529266 -10.951488 18.536345 -11.077383 -8.036362
3 104.444281 7.518410 304.364493 -173.283491 -9.441240 -172.748398 -60.854045
1 286.612478 -66.835628 21.971644 -143.400998 169.463646 -135.743670 -132.067471
3 -2.716301 2.705537 24.359171 -11.956301 23.436915 -11.958691 -23.870332
1 34.862444 -0.088410 12.807133 -17.323064 11.201860 -17.504442 -23.955520
5 12.667648 -7.714619 -11.065638 -6.357740 12.919822 -6.439169 5.989695
3 16.888502 -3.548664 25.127308 -17.297999 7.810400 -17.414438 -11.565111
3 14.154734 -40.541645 64.363473 -16.873604 50.949979 -17.473633 -54.579307
5 21.531873 -11.939125 10.784068 -15.922725 29.996662 -16.176710 -18.274042
5 -7.608763 -13.844640 20.511066 -13.113963 40.770773 -13.044065 -13.670408
1 45.537245 -23.721892 31.172313 -32.475914 -3.916006 -33.405653 16.809906
5 5.092015 -0.963636 12.878737 -17.205461 20.045481 -16.872484 -2.974653
3 -5.931262 -34.535385 56.939735 -28.689852 11.321046 -29.610158 30.505877
5 -17.201710 -140.576252 111.331306 -103.885316 244.121221 -103.409073 9.619824
3 -31.362765 -19.929834 49.254682 -17.666551 19.519350 -18.053903 18.239022
1 49.614352 -46.197029 23.288976 -38.309801 39.967569 -38.056323 9.692253
1 38.628553 -1.308170 -18.427326 -18.895215 25.585077 -18.710230 -6.872689
5 18.204667 -10.067679 -3.495284 -6.714313 31.354604 -6.991251 -22.290746
1 12.171255 -7.974705 10.600269 -6.654045 -5.167664 -6.979787 4.004677
1 28.445248 0.573782 -20.072358 -7.514053 16.644865 -7.609488 -10.467997
5 -5.205288 -17.702754 -0.128224 -16.391138 62.459571 -16.635251 -6.396920
2 37.822471 104.997006 -3.518775 -122.632324 76.657082 -121.689600 28.364149
3 9.457452 1.059521 9.999178 -4.685659 5.636979 -4.487503 -16.979967
1 22.813845 0.263313 -5.929540 -3.608922 -5.247625 -3.714009 -4.577063
7 31.141277 -57.168222 39.339508 -40.411979 14.889456 -40.380945 52.590904
7 4.477402 5.309046 0.748980 -8.216637 -2.148914 -8.162416 7.992539
1 46.208433 -18.860303 23.231074 -44.748105 32.319269 -44.660680 6.510313
2 5.439123 16.713490 3.188429 -10.078073 -3.749362 -10.522133 -0.991471
3 2.174322 -20.356143 66.358006 -13.028593 -5.370825 -12.916304 -16.860461
3 -17.434302 -4.013818 43.220192 -7.265207 15.669513 -6.921583 -23.254796
7 3.660108 -6.818274 -1.265801 -8.103020 7.168722 -7.728175 13.086439
3 -30.922297 -20.854474 137.635626 -151.791426 128.871823 -150.671637 87.732394
7 -1.283073 -5.004554 -1.175373 -3.074632 4.011972 -2.984675 9.510336
3 -16.515125 -26.134383 41.814076 -14.384490 30.200974 -14.939733 -0.041322
7 -133.917956 -49.066525 219.000791 -207.586979 121.634578 -209.977439 259.913554
1 53.179539 -9.001670 37.355524 -49.109681 49.574195 -47.781030 -34.216878
5 3.014388 -1.929460 -4.839413 -15.820379 47.009415 -16.018697 -11.415854
5 -60.508720 -39.057963 132.483544 -109.607317 146.004181 -111.804017 42.490298
1 10.481441 5.537284 10.216039 -6.899019 -2.517125 -7.214577 -9.604042
3 -0.023009 3.725141 8.490001 -5.904829 8.387892 -6.033540 -8.641655
1 133.305649 27.015313 7.503320 -102.793180 89.581322 -102.983084 -51.629343
1 46.514858 15.076177 -11.788726 -14.799817 -4.914833 -14.315297 -15.772362
5 -6.690896 -4.472900 3.591215 -2.000980 17.121616 -2.096693 -5.451364
3 14.655914 -39.341466 77.561753 -31.938766 2.604976 -31.813497 8.271085
3 76.873465 -19.374786 80.837038 -50.892139 7.291470 -50.692145 -44.042904
7 1.045859 -11.683833 8.384244 -8.949335 -8.611539 -9.120529 28.935132
1 316.082142 -8.645169 110.332517 -156.690805 70.699925 -156.812296 -174.966314
3 43.093949 -28.813388 74.140511 -39.397105 21.682327 -40.233866 -30.472429
2 -11.300883 26.026328 17.706780 -16.171676 21.079986 -16.111823 -21.228711
3 14.712789 -13.784097 34.179027 -9.654839 -26.881043 -9.888596 11.316761
3 -22.790867 -27.529421 67.460195 -29.867007 24.227142 -30.077798 18.577759
3 -5.425535 -5.452671 10.421785 -2.145139 -0.388820 -2.116479 5.106858
5 -6.244184 -14.954497 10.584569 -14.676322 24.234189 -13.773435 14.829679
7 -1.625124 -16.809197 4.971271 -13.794704 12.658406 -13.417458 28.016805
1 41.827633 3.063463 -4.755659 -31.688525 21.676372 -31.241252 1.117972
3 -19.936583 -5.104622 41.555291 -18.187364 18.581226 -18.369297 1.461353
5 66.570981 -13.489748 -49.856085 -48.026753 85.919323 -46.393160 5.275440
1 14.411723 -1.653255 -14.813625 -2.742915 7.206253 -2.719366 0.311185
1 30.427298 -16.320034 14.815269 -11.031707 -5.088229 -11.290109 -1.512490
7 -4.381622 15.221394 21.742435 -40.686468 -12.705863 -41.007349 61.817476
3 1.895181 -4.348937 16.303219 -6.316505 -11.737486 -6.512397 10.716925
3 41.152223 -38.165283 76.433907 -36.907374 1.805151 -38.066703 -6.251919
7 21.283338 0.593293 16.871867 -33.087449 4.718711 -34.431958 24.052198
3 78.119086 -56.724595 94.661866 -69.577198 10.518824 -68.460364 11.462380
1 9.380001 1.861698 7.936027 -4.180319 -4.145844 -3.987834 -6.863728
5 127.702962 5.007951 -67.434830 -81.447459 161.748285 -80.686287 -64.890620
7 -4.929157 -3.416651 -1.746036 -1.846446 5.532450 -1.853964 8.259804
5 6.041150 -2.085068 6.538155 -6.883203 15.822172 -6.623760 -12.809446
3 4.541106 1.840684 13.024133 -10.832052 -0.672852 -11.373719 3.472703
3 -17.389107 -30.697418 62.956986 -14.933381 24.878205 -14.751529 -10.063755
5 -1.303420 -15.879147 12.629756 -8.336017 21.322088 -8.420125 -0.013135
3 -14.887011 -24.018311 87.838828 -27.877609 -1.598113 -27.655634 8.197848
3 -7.741674 -30.325055 103.744496 -56.224221 -17.260561 -55.610175 63.417193
7 26.668567 -27.217375 40.292870 -42.457911 -2.362519 -42.229423 47.305790
5 19.594286 -16.622626 134.435318 -148.073464 246.344087 -146.250075 -89.427522
3 -4.766323 -29.793352 67.670152 -42.286061 -5.630458 -42.221772 57.027816
3 11.316986 2.175803 44.173325 -8.696777 -5.289673 -8.837074 -34.842592
1 134.129710 4.471409 73.815067 -69.271513 -68.915000 -68.954128 -5.275548
5 -2.245422 -0.148244 11.380097 -15.499481 12.480722 -15.924096 9.956426
1 123.649871 -19.459562 21.073001 -95.633645 74.494001 -93.247967 -10.875700
1 260.303217 77.956148 -52.631473 -221.883381 165.666496 -213.804595 -15.606411
3 4.783249 -11.228552 24.159256 -4.617359 -11.219891 -4.881830 3.005128
3 19.178913 -2.380158 43.529316 -17.221460 7.394246 -17.411754 -33.089101
7 3.155129 -5.994400 0.841948 -5.388128 -4.670368 -5.180428 17.236247
3 10.233741 -9.717766 18.987842 -8.889269 -2.298227 -9.508346 1.192026
1 31.509678 -8.356245 -3.072443 -23.282949 29.724254 -23.922591 -2.599702
5 -10.906476 -6.880540 11.653840 -10.033109 27.399025 -9.897563 -1.335178
1 46.903998 1.401854 21.325097 -43.071755 40.217669 -42.774212 -24.002648
5 4.251049 2.153721 -6.030556 -7.748174 9.858943 -7.865369 5.380385
1 14.819903 1.258063 3.170275 -0.962493 -17.470065 -0.926357 0.110673
1 67.885033 -9.913146 40.692591 -31.126932 5.121163 -30.962175 -41.696537
5 -21.604216 -30.491396 26.581848 -13.822705 26.765659 -13.955583 26.526392
1 9.489077 9.455557 2.473077 -7.025042 -1.245368 -6.466874 -6.680427
3 2.765184 -9.874173 41.327341 -7.430204 -4.154595 -7.515052 -15.118500
3 43.553878 -45.578940 65.602232 -28.577979 -4.139422 -28.351037 -2.508734
1 6.944193 -1.984691 4.893080 -5.475496 3.544451 -5.771615 -2.149922
3 10.340311 -6.079954 37.068214 -21.551621 5.964513 -22.314664 -3.426799
2 46.885859 103.249280 -57.652257 -41.271051 -6.187972 -39.604054 -5.419804
5 -1.929242 -12.012860 -0.032656 -6.076976 15.440319 -5.983691 10.595106
7 -26.078391 -27.204211 50.531920 -32.966114 17.161418 -32.236182 50.791562
3 -12.135534 -1.333885 28.874802 -9.030743 15.506841 -8.322468 -13.559013
1 14.222041 -8.234277 7.331492 -4.352553 -15.079245 -4.407116 10.519659
1 38.928933 8.554325 26.946932 -38.049341 13.235673 -37.168352 -12.448170
5 -48.801228 -12.592820 59.987828 -42.415781 72.046939 -41.823690 13.598752
3 -24.334773 -12.042829 65.008810 -49.534722 20.665439 -50.367361 50.605444
3 25.770399 -16.756547 47.955138 -13.861095 -6.396181 -14.144138 -22.567574
3 10.605371 -8.296025 31.499349 -5.615301 -3.456016 -5.722573 -19.014804
5 12.166569 1.442024 12.898843 -16.272807 25.580927 -15.775462 -20.040093
3 12.867316 6.403925 13.134915 -7.963129 -0.510152 -8.322395 -15.610480
5 9.843908 -4.842123 -10.767412 -8.454585 17.176453 -8.031352 5.075111
5 5.480112 -11.166869 19.968181 -11.629369 25.565864 -10.946889 -17.271031
1 64.955728 35.369242 -36.497455 -62.769614 42.569298 -61.381384 17.754191
3 6.704660 -22.087989 48.269973 -20.568212 -1.859531 -21.756542 11.297641
1 51.923513 -18.504023 5.418315 -48.105299 45.831089 -47.643655 11.080060
1 31.741023 -22.961311 -4.185720 -15.404611 21.240038 -15.161648 4.732228
3 90.474967 23.448230 146.585220 -163.021032 125.085285 -163.351541 -59.221122
5 19.215439 -21.677942 71.613969 -55.967331 76.740766 -55.926293 -33.998608
5 12.285805 -24.214563 79.081664 -63.245235 120.519735 -64.303573 -60.123829
3 0.459439 -1.781795 6.415598 0.000000 -5.610592 -0.000000 0.517350
1 28.300662 25.470755 26.650995 -55.912268 20.863262 -54.767669 9.394263
3 4.772248 -29.409520 56.390430 -16.913306 -13.557092 -18.114481 16.831719
3 8.101113 -20.164978 79.660218 -52.219103 60.049577 -52.488761 -22.938065
3 32.393627 13.320963 93.331674 -52.628451 6.248503 -52.884789 -39.781526
3 51.027351 15.641443 123.739902 -91.257104 92.930977 -91.124783 -100.957783
5 12.256664 -8.029563 14.698666 -44.082324 61.431795 -44.687821 8.412582
3 2.471889 -1.854310 15.894711 -5.410541 -5.289527 -5.579548 -0.232673
1 109.520758 -0.795135 -5.708826 -95.729725 70.132849 -94.591805 17.171883
3 -8.265512 -3.358685 29.446365 -4.472553 -7.342907 -4.583987 -1.422720
5 36.360204 0.467097 11.033872 -133.470155 145.775089 -131.684020 71.517922
1 110.871289 7.611803 38.501544 -71.545688 14.378279 -70.272524 -29.544700
3 -15.373168 17.643569 23.335365 -17.397853 -0.488605 -16.873006 9.153701
5 6.590054 -8.320346 -0.916227 -6.075395 13.289283 -6.273318 1.705949
5 12.372319 3.074438 11.040581 -13.756651 13.571658 -13.256692 -13.045652
1 7.640647 -0.821591 -4.156879 -4.224287 0.397202 -3.985881 5.150790
3 9.307504 -10.849020 22.417689 -10.092855 0.747482 -10.653445 -0.877353
3 0.463277 3.820359 16.494701 -22.729016 9.458002 -23.224091 15.716769
3 2.170003 -33.456312 67.353793 -45.162640 45.096230 -45.243606 9.242536
2 38.695485 38.885501 -36.825191 -25.489761 10.771295 -24.166003 -1.871322
5 -2.580015 -11.512076 18.142251 -4.577851 18.162175 -4.702284 -12.932199
5 -10.089002 -8.331054 -0.115152 -3.978304 38.961282 -3.687865 -12.759905
5 -8.060018 -19.239954 44.027638 -13.597259 50.919615 -13.600496 -40.449527
5 24.870713 -34.817117 61.763019 -52.335955 71.693617 -51.799609 -19.374669
1 110.812861 -6.471741 32.302204 -83.633864 72.406232 -82.749695 -42.665996
3 93.502068 -94.471729 261.385042 -155.179894 83.479303 -150.347850 -38.366936
3 48.456278 -36.348167 82.174782 -35.528381 25.985886 -35.927146 -48.813260
3 10.371563 7.124818 12.151946 -12.281127 -15.852705 -12.027074 10.512579
7 0.251296 -6.264977 4.265204 -1.808054 -0.485086 -1.863616 5.905234
1 24.824446 -1.649080 -10.010522 -3.469246 1.522292 -3.497675 -7.720216
5 -10.540686 -10.754608 5.059708 -3.904156 15.597979 -3.821764 8.363527
3 -5.498798 -3.560162 31.348680 -8.438574 -5.715276 -8.677656 0.541787
7 -11.918507 -6.323823 6.398036 -6.897352 10.154649 -6.708729 15.295725
1 243.250035 -1.074303 5.584822 -117.906183 -31.050472 -117.722579 18.918681
5 4.931893 -42.196611 70.690258 -52.850783 73.315866 -52.418670 -1.471954
7 12.958095 -5.485974 -0.587054 -8.914547 -4.631410 -9.199243 15.860133
1 64.538919 23.578181 -0.156656 -82.486012 34.962169 -81.234856 40.798258
1 16.702618 -3.639102 9.626383 -4.998156 0.147406 -5.183683 -12.655466
3 -4.468453 -1.559760 9.463765 -3.565404 0.042869 -3.683949 3.770933
3 69.077115 -41.556190 117.321441 -94.440972 53.795728 -95.201749 -8.995371
3 -6.210912 -9.925282 31.214146 -10.529592 16.358304 -11.100740 -9.805923
3 113.556372 76.352437 166.188590 -177.902596 70.047154 -175.466300 -72.775659
3 26.545867 -24.210068 37.464546 -34.628688 29.147593 -35.519606 1.200358
3 -4.006155 -15.463492 27.924740 -4.906411 -6.791875 -5.195008 8.438201
3 0.865293 7.905388 23.300949 -14.416816 5.990422 -14.317261 -9.327977
5 19.894218 5.470236 1.411963 -30.342900 37.396911 -30.185625 -3.644802
1 22.764707 5.523377 -0.480786 -12.280500 5.311000 -11.907394 -8.930405
1 85.713363 -12.097840 49.831773 -100.168560 69.478200 -100.191313 7.434380
3 22.871849 11.251544 106.352416 -89.450154 94.538372 -87.853501 -57.710526
1 57.056935 10.293688 2.546549 -39.513165 -12.284027 -38.651696 20.551714
3 13.152864 -6.691472 18.221688 -10.748132 2.293866 -10.974058 -5.254757
3 23.538320 25.226155 61.259376 -62.743694 29.604796 -62.412794 -14.472158
1 80.140706 2.915269 56.147109 -103.026201 46.229466 -101.500484 19.094135
1 50.692736 -0.728923 -2.252366 -17.204441 10.743530 -17.077151 -24.173385
5 19.118550 -11.894644 -3.357798 -3.399046 22.061839 -3.632932 -18.895969
5 18.549114 -31.657455 61.467788 -36.846534 96.158795 -37.694351 -69.977358
1 250.559203 66.270132 -29.380732 -147.136384 40.075820 -144.675619 -35.712423
1 54.763034 3.956474 7.574511 -14.700311 -27.225109 -15.195017 -9.173584
3 8.911231 -0.167499 32.858056 -6.738746 -4.543025 -6.963501 -23.356517
1 22.883372 -11.137818 -0.678884 -9.812850 11.156166 -9.609124 -2.800862
3 22.541097 53.854015 93.560028 -77.532090 -13.658457 -75.569333 -3.195258
3 -4.044392 -9.957078 80.842090 -63.838768 14.493318 -63.533031 46.037861
7 3.935481 -12.869441 1.473433 -7.155797 0.586678 -7.288734 21.318379
1 52.799920 -7.367481 10.067557 -20.062352 10.651115 -20.680905 -25.407853
5 39.296789 -23.115494 114.674082 -90.856806 155.933680 -93.366614 -102.565634
1 50.671048 22.180571 34.416602 -48.070592 16.560582 -47.008025 -28.750187
1 38.539323 -9.950091 11.925494 -8.553601 -7.868638 -8.953226 -15.139262
5 -20.260252 -14.498588 45.331846 -46.359928 64.918528 -45.209951 16.078349
3 41.487072 -20.322364 51.310426 -18.576647 -29.011394 -19.238701 -5.648392
3 -1.430705 0.561529 6.253345 -0.422933 -0.776196 -0.529245 -3.655795
3 158.173460 -44.647747 236.516215 -185.883956 179.689054 -187.273576 -156.573450
3 -1.163312 -6.502207 23.136060 -10.821477 -5.646611 -11.464113 12.461660
5 2.873271 -9.345950 0.277307 -3.871319 18.342966 -4.043723 -4.232553
3 -4.710028 -3.724208 155.450431 -57.156160 23.684545 -57.472040 -56.072539
5 3.890124 -1.378737 2.729033 -17.048457 32.557428 -16.922788 -3.826604
5 6.694189 0.924544 -12.098264 -4.786248 11.258247 -4.501408 2.508939
1 21.937469 4.633270 -7.415302 -16.496436 12.440643 -16.971804 1.872162
7 4.113482 -1.241500 -14.453874 -3.585365 9.225703 -3.537151 9.478704
1 23.839050 -1.575080 -15.427723 -6.151355 22.528775 -6.425674 -16.787994
1 47.610545 3.287059 10.590378 -41.954081 -7.728292 -41.151359 29.345748
3 -9.842978 -22.348088 37.832275 -11.687792 29.697356 -11.540538 -12.110236
5 24.483533 -15.296631 -16.951440 -20.154518 26.755694 -19.496475 20.659839
5 -6.962480 -3.812612 5.592338 -2.287254 12.418097 -2.031952 -2.916136
7 -1.099990 5.308090 -0.137845 -17.657575 9.298270 -17.454171 21.743221
3 8.606033 -2.848165 11.957126 -3.983204 -0.650629 -4.026881 -9.054280
1 30.553478 -8.117375 -11.138739 -5.972567 17.769092 -6.188023 -16.905869
5 15.522627 -15.282595 -2.163900 -10.378486 23.472543 -10.123668 -1.046521
5 -13.458063 -0.399249 20.599712 -35.394766 61.130671 -36.376190 3.897889
1 86.774791 -10.940210 1.359976 -50.410297 32.457193 -48.032769 -11.208683
1 89.744110 -12.673202 57.517650 -96.594896 76.362193 -94.613706 -19.742149
5 82.297247 -48.892410 51.543600 -64.917485 93.214959 -64.648463 -48.597450
5 -2.452072 -5.220639 13.130327 -12.312927 16.012331 -12.142917 2.985894
1 13.447008 -4.957870 10.218143 -5.287209 -1.050133 -5.496861 -6.873079
5 25.419401 -26.665311 58.763343 -95.767812 108.464427 -94.181131 23.967082
3 14.975985 -1.493408 23.383639 -10.124033 -22.100026 -10.309516 5.667359
3 -9.494728 -26.403964 67.026021 -18.179091 1.420408 -18.611813 4.243170
3 70.011516 -41.950439 291.185032 -173.497912 108.554054 -173.539742 -80.762509
3 2.562180 -44.425304 77.456256 -44.612477 37.896923 -43.392700 14.515122
3 51.336009 29.481737 88.793595 -105.510296 33.848931 -103.355817 5.405843
1 86.238373 23.453591 37.806348 -84.196334 78.127410 -82.482603 -58.946788
2 6.338819 23.804163 20.084088 -12.312477 -28.673243 -12.259765 3.018416
1 97.053232 -22.669044 -25.929248 -27.687540 22.342157 -27.205286 -15.904271
1 33.033742 -2.777000 21.132173 -18.808656 -3.374047 -18.424321 -10.781890
3 27.948454 -23.327702 63.836086 -22.310055 12.953018 -22.658333 -36.441471
1 70.548036 20.443773 -31.567892 -42.328708 18.402805 -41.338566 5.840557
3 21.559137 4.392647 85.031642 -39.305728 24.588226 -39.401269 -56.864654
1 14.555210 9.637487 -24.878067 -8.750833 12.806543 -8.226172 4.855833
3 49.888467 -39.915069 97.085062 -99.767020 80.227124 -100.653075 13.134508
5 -7.254099 11.339787 -10.392604 -15.505329 43.727471 -15.262412 -6.652815
3 23.282240 -30.263659 25.861794 -20.552352 22.860771 -19.204037 -1.984756
5 -0.645436 -30.519000 18.295312 -18.791662 49.502219 -19.312141 1.470705
5 -4.002345 -22.891638 13.495795 -36.835642 59.192517 -36.595061 27.636374
5 32.002320 -14.307144 18.164598 -42.122165 41.206267 -41.412061 6.468185
5 -18.588770 -16.737612 67.894869 -55.111003 115.161869 -53.985533 -38.633817
3 18.998529 -3.257989 29.091727 -20.992370 12.537084 -21.071030 -15.305950
1 69.210748 38.435627 -3.745672 -80.875370 37.400618 -79.663349 19.237400
3 -20.807463 -4.737640 20.826921 -10.433129 17.978942 -10.716822 7.889194
3 -9.619736 8.001972 28.946847 -14.410236 5.268380 -14.614224 -3.573001
5 7.889190 -8.132305 2.720550 -22.500133 71.645125 -22.536622 -29.085806
1 44.009129 11.087780 -19.506713 -21.442232 19.383478 -21.484871 -12.046572
3 0.827539 -9.326141 22.760145 -13.402625 -1.091381 -14.162781 14.395245
3 33.576552 -36.696743 68.783653 -35.328997 13.987849 -35.397005 -8.925306
3 5.610511 -4.934566 21.338285 -17.702273 9.464166 -17.936396 4.160275
3 4.069888 -5.243284 15.081235 -9.770972 12.414950 -9.519607 -7.032211
3 56.692217 -27.279010 82.505828 -66.937691 60.858002 -67.772799 -38.066544
3 63.402839 -4.307226 98.146076 -34.785661 -33.290267 -34.722992 -54.442770
5 15.783806 -20.422407 7.610466 -23.561345 53.479329 -23.608985 -9.280862
3 33.225099 -129.745355 251.979044 -299.515228 245.259401 -294.629529 193.426584
7 6.932531 -2.830094 -14.029238 -9.198581 -4.299757 -8.955850 32.380991
1 12.221557 -2.746585 4.229520 -3.535526 -8.966534 -3.695278 2.492846
3 15.989798 -46.441708 47.685297 -22.366050 22.223464 -21.951997 4.861194
3 34.330370 -4.175996 63.815414 -28.753913 5.835123 -29.693925 -41.357073
1 12.357936 -3.479597 -10.586124 -7.745377 11.002978 -7.566847 6.017031
5 -9.495935 -1.325573 7.810156 -4.696565 7.917096 -4.851957 4.642779
3 -6.338858 0.564606 30.960662 -6.279041 -3.198591 -6.431625 -9.277151
3 -7.869495 5.609475 67.813181 -17.451659 16.826719 -18.187256 -46.740967
1 188.792179 -61.165042 88.007675 -81.660679 -23.272496 -81.169351 -29.532285
1 26.531888 9.061711 15.337023 -19.956101 3.480545 -19.349283 -15.105782
5 9.758433 -4.823239 9.897098 -5.850003 10.012816 -5.979785 -13.015322
1 112.530473 -26.658274 81.828528 -92.145001 34.533058 -90.698694 -19.390095
1 19.836685 7.989135 -8.379791 -7.635764 -9.752201 -7.668102 5.610038
5 -4.087945 -3.135601 -9.231882 -5.060628 35.771501 -4.770268 -9.485176
3 52.904560 -4.263242 57.283815 -60.664957 55.629778 -60.873452 -40.016504
3 42.335466 -34.984887 104.685592 -55.493982 81.873680 -56.828303 -81.587568
3 6.800414 -45.629039 129.479790 -117.338185 114.229240 -117.273531 29.731312
1 21.014587 -2.469264 15.171649 -14.510986 16.601569 -14.859732 -20.947822
3 23.561366 -34.613390 91.059684 -46.460490 0.126664 -46.426738 12.752901
3 -5.852864 -33.278816 57.522960 -30.782023 23.151921 -30.639833 19.878656
1 37.045391 -7.794393 10.095597 -9.990382 -13.634411 -9.901721 -5.820080
1 66.429818 22.927978 29.025890 -48.036256 25.672692 -48.588197 -47.431928
1 108.199482 45.149473 12.390680 -92.610431 31.310848 -91.275076 -13.164975
3 14.168589 -10.259746 28.229932 -17.026361 15.027811 -16.637102 -13.503124
3 -1.489271 -9.938090 30.398501 -10.913514 20.041580 -10.469151 -17.630057
5 152.001299 38.807442 62.657096 -170.129700 158.656850 -170.587268 -71.405723
1 17.303366 -3.659775 -4.370338 -6.173995 14.551132 -6.159255 -11.491136
5 45.768318 18.750382 37.670588 -55.971881 48.418110 -54.576896 -40.058615
3 -2.077229 27.286545 136.905808 -131.121960 113.716927 -132.342912 -12.367168
7 23.782090 -40.660088 17.037384 -53.802418 34.332679 -53.227709 72.538068
3 3.316048 -28.544013 47.398369 -7.681309 -1.862109 -8.035883 -4.591102
1 3.006831 -1.406151 -2.240803 -0.097802 1.054612 -0.088352 -0.228336
3 14.367649 -18.703016 46.139690 -13.187673 1.373429 -13.013869 -16.976210
5 -10.403429 34.028317 14.017706 -54.667633 80.542484 -53.160532 -10.356912
1 182.190239 23.528586 176.542580 -230.932197 138.876215 -230.019378 -60.186048
5 7.466380 -14.436526 -2.729348 -9.195483 27.393649 -9.199400 0.700728
3 10.260716 0.455401 19.839265 -4.523238 -12.088493 -4.635073 -9.308580
7 -5.361916 -2.790845 2.111840 -5.050906 6.058716 -4.854766 9.887876
3 -1.826048 -21.493341 34.776096 -16.592742 9.296592 -16.809404 12.648845
3 174.739866 -130.217568 297.912678 -237.276248 164.937589 -234.344559 -35.751750
3 -18.957904 -13.820211 37.629496 -10.510870 14.942394 -10.611517 1.328610
1 37.446640 -13.948089 14.178509 -30.304729 19.692084 -30.974010 3.909594
5 -4.812664 1.499402 2.066703 -3.774555 6.601901 -3.558241 1.977455
3 79.430926 -9.781372 129.196722 -85.603703 11.827408 -85.965797 -39.104182
1 42.267561 -4.106544 40.742825 -33.169884 -19.035343 -33.474551 6.775936
5 69.900041 -11.495406 72.507419 -119.191823 108.299252 -120.340753 0.321277
1 99.101878 28.979880 -7.985660 -70.572205 17.680762 -69.760454 2.555801
7 -6.821657 -10.563342 21.820162 -12.580226 -2.545196 -13.317840 24.008101
1 40.516678 3.383122 5.971763 -39.944858 36.200321 -38.884204 -7.242821
5 60.408112 39.976967 -13.657122 -170.457702 205.820777 -167.135624 45.044593
5 5.613567 -10.679492 1.191285 -2.702511 9.225211 -2.963562 0.315501
5 26.732112 2.170589 39.308105 -45.155239 54.187631 -45.155465 -32.087732
5 -8.563628 3.129850 17.203052 -21.679708 25.397821 -21.109752 5.622366
3 26.484829 -3.998018 58.537607 -22.826906 -40.752798 -22.784552 5.339837
5 -45.348499 -43.439254 55.018007 -58.042945 227.462507 -58.000772 -77.649038
5 50.581730 -45.303733 108.923139 -141.941849 144.671243 -141.310763 24.380236
5 7.844526 44.643554 -31.091935 -70.292927 129.543906 -69.361126 -11.285996
5 -2.609147 2.939952 3.566304 -5.654175 4.936493 -5.907783 2.728358
5 30.534014 2.545238 7.695233 -40.884316 44.256008 -40.651255 -3.494921
3 7.854728 -10.503342 29.736863 -6.244239 -1.841927 -6.156337 -12.845746
1 81.365019 15.380438 13.140203 -79.155379 76.758261 -78.817649 -28.670894
2 -2.576612 12.132890 7.082088 -8.671078 -1.602609 -8.994235 2.629559
5 15.960279 8.706103 -4.288214 -24.268521 36.635996 -24.503021 -8.242621
7 -10.858412 -12.005096 17.116252 -8.211926 -4.671518 -8.172870 26.803569
3 -37.312820 41.256177 45.802681 -30.975758 10.693599 -31.442193 1.978319
1 25.923498 -8.438385 9.764327 -7.029284 -0.906111 -6.734565 -12.579480
3 51.500089 -13.836749 85.100696 -54.696572 -18.482271 -54.723136 5.137946
5 97.206890 24.362719 -28.596490 -75.059007 118.158288 -74.088847 -61.983557
1 45.894305 2.454745 19.918402 -16.100096 -23.979919 -16.090021 -12.097414
5 -1.594218 -8.678050 1.107675 -13.833276 20.390805 -14.194046 16.801111
3 -7.892452 -7.180958 34.928867 -5.238029 -8.720235 -5.413978 -0.483214
5 22.033289 2.311084 23.754072 -29.488989 26.929435 -28.700646 -16.838246
1 11.440563 -10.587730 3.928032 -8.072260 6.080598 -8.443619 5.654415
3 -10.495988 -3.292272 30.043842 -13.349667 6.213432 -12.874935 3.755589
5 5.123351 -4.412647 -12.553797 -4.019266 10.542281 -4.015890 9.335968
3 11.732641 21.343253 89.306570 -93.430284 77.558185 -93.254576 -13.255790
3 -20.112883 -5.160049 29.675885 -20.742080 16.042450 -20.954441 21.251122
5 7.141739 -11.787304 23.842339 -13.387316 28.579877 -13.320364 -21.068971
1 26.193702 -6.029894 -12.708517 -2.332885 -15.628760 -2.375979 12.882332
5 12.015191 -3.975200 -16.308095 -3.713391 23.440839 -3.789270 -7.670075
3 4.652608 -13.084180 27.032617 -5.774911 -6.254005 -6.047085 -0.525046
3 -18.802338 -3.997253 22.007698 -15.400372 10.999154 -16.112757 21.305871
5 -6.847708 -2.040667 6.949405 -2.911942 20.774462 -3.062677 -12.860874
3 -33.782902 -38.470848 106.576468 -76.486291 77.033095 -76.054221 41.184698
3 5.026165 -14.387522 47.660380 -25.755706 10.343032 -26.225488 3.339142
3 3.848192 -61.212316 128.975584 -56.989844 67.674452 -56.491193 -25.804876
1 14.769318 -20.183357 11.046375 -6.259279 -0.511825 -6.027334 7.166101
3 -8.275803 14.435919 35.899965 -25.582435 -4.866239 -24.973247 13.361842
5 7.665321 3.172278 -24.424135 -3.939169 16.044219 -3.607140 5.088626
1 61.433548 10.508465 -9.852942 -45.450827 56.717564 -45.211907 -28.143899
5 -23.634392 -16.350076 24.578474 -13.309984 40.822301 -13.107509 1.001186
1 54.621917 -23.878412 33.082744 -37.146156 -5.604196 -36.606932 15.531035
5 16.335864 4.109552 -22.371714 -25.886003 49.998088 -26.293787 4.108001
1 11.189204 -9.322256 9.100107 -7.256073 -0.569739 -7.780164 4.638919
3 -0.048695 -3.649330 18.923844 -3.593097 6.654248 -3.620319 -14.666650
3 -5.328465 -9.775948 29.893559 -4.765032 7.205166 -4.802261 -12.427019
3 36.930839 -26.142804 77.137431 -54.951145 50.970452 -53.016918 -30.927854
3 -1.203439 9.955754 139.147974 -74.281247 49.878501 -74.391566 -49.105980
3 -0.170134 -0.225393 18.523421 -7.422488 -3.792905 -7.625735 0.713235
5 -2.013063 -0.809526 11.935212 -10.617351 18.638058 -10.765269 -6.368059
1 29.288235 0.032823 -20.701730 -14.842379 14.714911 -14.505134 6.013275
3 30.327450 -67.527132 77.313415 -56.001838 53.790741 -56.431778 18.529144
5 42.606214 -13.059444 14.229737 -55.719392 48.925110 -55.750245 18.768026
3 25.301450 -1.787302 67.906915 -30.959763 5.898944 -30.118531 -36.241717
3 -2.345080 -4.550441 28.466973 -8.536376 -4.582518 -8.766008 0.313452
3 4.302497 -1.974235 24.778581 -11.732700 -16.782962 -11.919380 13.328202
5 0.876451 -11.676391 -0.406138 -12.183281 26.237615 -11.707491 8.859236
1 82.140980 -52.553110 12.376425 -44.307099 39.315949 -45.852807 8.879658
3 22.051365 -79.725536 220.946735 -143.467502 56.089398 -145.271993 69.377538
3 15.632816 -10.603908 63.945258 -10.710365 -28.165735 -11.027964 -19.070101
3 8.941574 -30.455266 30.950941 -27.122199 28.065751 -27.414475 17.033675
1 73.976392 -42.413113 -1.503203 -16.821955 -3.411315 -16.333708 6.506903
1 26.715140 -5.393129 14.087685 -16.800346 24.668655 -17.352861 -25.925142
5 -1.877279 5.486341 24.596608 -43.187197 73.726800 -43.492509 -15.252762
1 66.216050 -38.012850 54.823025 -57.177811 -2.814377 -57.175968 34.141931
5 22.968710 -31.154989 4.703458 -33.493073 50.233077 -32.312062 19.054879
3 7.182846 -9.061408 77.845228 -48.380416 66.082108 -47.723190 -45.945168
1 93.071205 -38.814310 81.516043 -88.861932 21.439750 -88.452561 20.101800
7 -2.410821 -11.613707 -3.987834 -8.898124 14.478133 -8.561521 20.993874
5 -0.229092 -18.836689 16.762948 -30.248111 54.886793 -30.793249 8.457401
3 -8.493460 -56.412641 118.060784 -53.790119 68.296364 -54.833929 -12.827007
5 11.382945 1.867863 -7.902016 -3.870420 13.270725 -3.818247 -10.930852
5 19.219893 4.283151 -18.852669 -24.271620 49.480114 -23.373021 -6.485848
3 -3.090886 3.855432 24.103174 -14.709896 7.515914 -14.939647 -2.734090
1 12.636140 4.940568 -5.184750 -4.821873 2.505005 -4.489271 -5.585819
2 22.327618 29.667776 21.874107 -29.469665 3.682073 -29.904121 -18.177788
3 -11.506734 1.808100 25.435128 -12.250544 4.378025 -12.460806 4.596830
1 13.841152 -2.399713 -8.018924 -1.196254 -7.905212 -0.887774 6.566725
3 -12.163896 -3.963964 31.358395 -9.918414 -0.477625 -10.158464 5.323969
3 1.202768 -2.201044 35.424989 -7.495769 -6.933951 -7.779219 -12.217772
5 10.258232 -14.629542 5.343607 -16.001640 41.186584 -15.927292 -10.229952
5 2.692784 -13.527642 8.921372 -24.952282 36.404597 -24.296204 14.757372
3 47.626127 -34.180748 98.172613 -76.615874 25.125782 -75.542114 15.414216
7 -3.194583 -4.093312 -2.412067 -1.189210 4.221721 -1.115724 7.783176
2 -7.850014 55.346271 -4.173984 -40.547057 30.275742 -39.896235 6.845286
5 -3.450378 -12.273591 33.105449 -27.041887 50.076589 -26.257815 -14.158368
1 55.805522 -9.008651 51.198771 -37.825592 -20.567391 -37.097117 -2.505545
3 8.882033 -3.706157 11.776409 -9.061764 5.551768 -9.055102 -4.387188
3 -0.322201 -12.226830 20.673002 -6.273373 3.202155 -6.471260 1.418506
1 12.827904 9.667259 -8.298015 -13.319176 8.406626 -13.012801 3.728203
5 7.798657 -6.027536 3.028082 -16.150818 23.992713 -16.012976 3.371876
3 4.531391 -7.744527 6.793819 0.000000 -5.250535 0.000000 1.669851
3 -8.111635 -14.178401 15.660077 -8.629386 15.477382 -8.024139 7.806101
3 14.372759 -6.948711 27.965077 -18.474042 17.822062 -18.846514 -15.890633
3 -16.748891 -19.538855 50.343946 -29.396063 20.157238 -28.929998 24.112623
3 38.724489 -13.848512 47.285448 -26.768641 7.491724 -26.830504 -26.054006
1 31.570787 6.242770 5.730848 -8.221286 -26.829721 -8.162500 -0.330899
3 40.833239 -29.643596 135.794118 -70.403930 1.581211 -70.697574 -7.463464
3 -4.081883 -0.417679 8.512641 -3.872357 2.361308 -3.646593 1.144563
5 69.783650 -129.086513 28.769248 -152.494204 360.040299 -151.498935 -25.513546
3 10.042031 16.837373 25.064268 -32.017811 22.550065 -32.058536 -10.417388
3 2.165371 -2.757121 22.522221 -8.114337 3.656973 -8.149419 -9.323690
3 -13.318431 -20.548507 52.449303 -13.917533 -2.705796 -13.847796 11.888761
5 -0.914486 -7.291711 0.880933 -9.999986 28.508414 -9.106730 -2.076435
5 184.585122 -11.566378 43.671783 -177.204737 206.918708 -176.414556 -69.989935
5 -5.542690 -2.967619 0.231846 -1.894780 16.448555 -1.521657 -4.753655
3 14.193868 -3.087468 14.376216 -3.608922 -1.481277 -3.714009 -16.678410
7 1.045859 -11.683833 8.384244 -8.949335 -8.611539 -9.120529 28.935132
1 28.070585 7.022544 -11.845741 -13.564970 25.862649 -13.137449 -22.407618
3 17.685568 -10.596027 36.778543 -5.602972 3.561035 -6.188958 -35.637188
5 4.411107 -4.107995 -0.903938 -6.554922 7.541995 -6.639164 6.252918
3 11.569168 -2.073181 13.819318 -8.116675 0.806856 -8.468192 -7.537293
5 30.553533 30.927924 -29.494119 -52.462850 45.385448 -51.369779 26.459847
1 87.256042 5.878397 -1.910092 -40.436960 45.193352 -40.649521 -55.331217
5 29.945549 6.706694 8.198218 -49.658050 33.128796 -48.954875 20.633667
3 28.879777 -30.367299 58.497828 -53.519958 42.522683 -52.615840 6.602809
1 10.052322 -2.807534 3.268642 -2.259176 1.488413 -2.398753 -7.343915
3 0.429565 8.598063 22.431840 -21.446460 13.748011 -20.615111 -3.145908
5 33.739817 -95.329427 56.449684 -46.337138 60.856303 -46.088904 36.709662
3 1.986293 -14.537778 16.827656 -11.515779 4.560432 -12.107904 14.787079
3 -3.478741 -18.123799 35.837923 -18.130810 31.046569 -18.861746 -8.289400
1 33.186201 -4.922510 0.689955 -9.753019 1.167079 -9.949235 -10.418471
3 8.612561 -7.535404 12.879971 -3.225477 6.628708 -3.339182 -14.021178
3 5.324537 -9.244143 15.407326 -3.631336 -2.663161 -3.781819 -1.411404
5 -19.195953 -3.430498 -6.374078 -15.558185 38.077656 -15.620468 22.101525
5 153.592480 71.114973 136.249929 -230.320054 193.299405 -226.068882 -97.867854
3 0.855821 5.266526 21.710745 -16.994505 -4.354000 -16.803941 10.319353
3 -0.664375 -5.733509 7.015546 -6.209229 5.500782 -5.889772 5.980556
3 -38.425009 -12.810878 50.492358 -24.679221 28.841099 -24.931971 21.513627
3 111.638848 -118.248659 172.970331 -152.585100 26.466612 -153.614066 113.372022
5 -5.007662 -6.938788 13.965117 -16.294145 28.880760 -16.557251 1.951972
3 9.479944 6.711376 22.865277 -8.345636 -14.637526 -8.616204 -7.457233
3 -29.377674 -3.783564 73.265707 -16.894359 11.717762 -17.183853 -17.744018
7 -6.262676 -12.098307 8.307968 -3.067589 1.685923 -3.212625 14.647306
3 19.387218 -35.383048 70.806601 -33.727023 -8.624328 -35.128012 22.668592
5 -12.012225 -6.937748 -4.434248 -20.603457 51.686579 -20.885942 13.187042
3 3.170401 -17.572166 31.087562 -17.275492 14.053960 -17.372655 3.908391
3 19.703622 -24.846861 57.345435 -39.839973 9.547695 -40.248311 18.338395
5 -1.180629 -28.626184 29.201074 -34.207180 69.630434 -34.078052 -0.739460
5 1.333403 -2.974149 3.430873 -6.635210 15.318856 -6.661110 -3.812663
1 99.468180 44.868576 27.280726 -37.119314 -25.820659 -35.377071 -73.300433
3 -9.116305 -2.529904 20.589745 -8.814807 10.470391 -8.548755 -2.050365
1 98.501390 1.748162 -1.193750 -47.139857 45.474864 -46.680228 -50.710584
1 56.378289 1.878450 40.057507 -71.049726 50.648118 -71.969554 -5.943079
1 18.148331 -12.983883 1.672724 -4.739407 -11.891527 -4.808647 14.602408
2 16.974978 41.668028 37.265972 -41.701771 21.281439 -41.928946 -33.559702
3 -9.871799 -10.119705 61.767682 -48.052309 31.933643 -49.734307 24.076796
5 -96.404782 29.485834 11.962841 -112.497770 186.655026 -109.576916 90.375781
7 -8.937732 -6.146320 1.508379 -2.077746 -5.152270 -2.054550 22.860239
1 51.311702 30.881531 18.808323 -53.806312 7.926734 -50.785076 -4.336902
1 24.978008 4.980989 -1.629747 -10.111294 -1.362990 -10.390842 -6.464125
7 18.502494 -9.412925 9.214376 -17.359815 -4.811101 -17.028176 20.895148
3 24.164221 -21.438390 194.808940 -83.901898 -12.541032 -83.687565 -17.404270
1 93.387840 26.334143 -1.505336 -70.303381 76.104687 -69.471194 -54.546755
5 16.881189 -15.869095 16.529556 -16.274474 21.433640 -16.659316 -6.041501
3 -12.656895 -6.139413 14.982894 -5.176229 7.485377 -5.252310 6.756577
3 2.667928 -6.611615 9.401930 -6.160226 6.884297 -5.770828 -0.411486
5 35.303141 -22.200937 89.172421 -99.158364 131.180717 -96.878541 -37.418436
5 24.346232 -7.660276 -4.350013 -34.385176 43.914489 -34.657521 12.792264
1 204.860905 -1.349314 101.533984 -152.446567 93.572567 -151.583630 -94.587945
3 -7.042358 -17.478592 33.842582 -26.710458 23.236177 -26.717028 20.869675
1 39.530685 7.222954 34.718813 -20.577637 -20.781380 -20.847708 -19.265723
5 -20.386797 -10.498963 33.998288 -45.620814 47.278475 -46.915754 42.145565
5 -2.213743 -0.874464 -4.384258 -8.168787 34.301177 -8.153483 -10.506443
5 13.566552 -16.719085 9.098259 -14.383689 27.981981 -14.187469 -5.356548
3 44.721147 -37.672411 46.362242 -27.983141 24.227857 -27.128529 -22.527166
3 11.211342 -22.167785 48.552677 -11.963171 -18.099850 -12.254962 4.721752
1 26.822523 -4.810003 9.386320 -32.198275 23.746038 -32.012462 9.065858
3 33.067159 -12.483981 39.112775 -26.884195 13.507148 -27.738722 -18.580186
1 41.745181 -22.773617 -23.470969 -29.909465 26.364407 -29.214501 37.258967
1 80.577111 -0.440684 53.110518 -83.536088 68.091932 -84.758149 -33.044635
1 22.691241 -8.081691 17.879380 -8.796478 11.513941 -8.981392 -26.225003
1 25.099147 -17.416832 11.095690 -11.655189 -7.234316 -11.714593 11.826093
5 -39.098235 -15.815058 74.705635 -27.621883 84.497517 -26.498367 -50.169612
3 28.907676 -18.869177 89.397452 -46.658263 28.948271 -47.487181 -34.238776
5 -1.934698 -1.430013 0.993800 -9.419467 34.712402 -9.593525 -13.328501
5 25.687501 44.011407 61.034144 -115.011250 68.405537 -111.482663 27.355328
3 108.101361 105.231326 131.618267 -167.143393 21.279971 -165.509907 -33.577626
5 -14.098939 -42.737221 104.631122 -69.185905 113.998232 -69.194431 -23.412855
3 9.020065 0.629759 13.417867 -3.754364 -10.044324 -3.876417 -5.392587
5 8.967617 1.295919 -33.609460 -3.939169 24.297022 -3.607140 6.595211
