0 13.8508901 17.9809872 16.7771053 -13.4019864 7.9043005 -12.8259676 -17.4473087 -12.838020
0 22.6472391 4.4376592 -10.1119333 -7.3622974 5.7621765 -7.1430356 -1.4768027 -6.753007
0 43.4626141 4.0099272 64.4151483 -26.6933944 -25.3635005 -25.9306836 -8.3133097 -25.586801
0 11.2642681 12.2806142 27.6982473 -6.8081924 -20.4863295 -6.9339656 -10.1174117 -6.897231
0 -2.0595661 -2.8599472 20.0174543 -10.9154264 16.0304055 -10.4765796 1.0850017 -10.821341
0 30.2685981 33.5430002 71.4416853 -22.9269694 -47.8211165 -22.6212146 -19.1660657 -22.717916
0 -21.1112461 8.3013572 65.3511703 -16.3844014 6.2062465 -15.8950666 -10.9618577 -15.506201
0 -9.9722451 -5.4201432 -0.7541933 -8.8821524 34.0589175 -9.2260836 9.2198057 -9.023906
0 1.6695601 22.4782772 1.8227043 -8.3914374 4.3971225 -8.3647676 -5.6799987 -7.931462
0 -11.7482801 7.1355462 43.2971873 -28.2888604 73.0510105 -28.1920766 -27.2147567 -28.039768
0 11.7131381 0.9885572 45.3868693 -10.2403154 -14.1370525 -10.2842096 -13.1513137 -10.275674
0 13.0831041 10.3072602 32.6100383 -27.1750364 32.6444685 -26.6805046 -8.0996157 -26.689714
0 21.4804191 28.2955962 114.1538063 -25.2577994 -65.2652915 -25.2104216 -22.7133697 -25.482937
0 23.8712661 23.4131452 -7.4987863 -14.8780964 4.1880595 -14.3556096 -1.3260517 -13.413930
0 -19.4953981 21.7369592 114.5286023 -18.6721204 -49.2596325 -18.3716476 -11.9643077 -18.502452
0 -4.6912461 -13.4506292 32.3658843 -4.3303384 2.4342815 -4.1380356 -3.9693917 -4.220526
0 -7.8280221 57.6482482 85.5290883 -27.8934914 -30.0447325 -27.1173966 -23.1826527 -27.111038
0 -4.2661681 15.5731342 37.4853773 -16.7031204 12.1627545 -16.5148606 -11.2106987 -16.526415
0 10.1122281 5.7236652 8.5814593 -17.1945384 28.7226595 -16.6127916 -3.2960437 -16.036641
0 36.7154781 19.9197752 -11.8252873 -17.9908134 -7.5795325 -16.8374556 14.4781227 -16.880286
0 -16.2795271 2.7737512 16.5515713 -19.9260284 61.4425645 -19.1883866 -6.1105427 -19.263401
0 31.8997921 15.0996352 23.6581293 -19.9512764 3.2567055 -19.5832916 -14.6708777 -19.708815
0 50.1629611 14.5232572 25.2571883 -17.8881874 -23.2806765 -17.7921596 -12.7930357 -18.189346
0 11.6673101 -1.7152282 -9.6567303 -2.7803414 11.0901385 -2.8072316 -2.9671427 -2.830777
0 21.2364001 28.5904772 -12.5973923 -7.8123674 -13.3984285 -7.6362416 -1.5228397 -6.859611
0 -16.7289841 34.1411712 -13.4217893 -12.1965594 18.6868995 -11.3513276 12.1227507 -11.252163
0 21.5675001 3.3922412 90.9640453 -19.5410054 -51.1055975 -19.8154536 -5.9249907 -19.536738
0 -1.9089671 -1.0494132 0.0000003 0.0000004 2.9583805 0.0000006 0.0000007 0.000000
0 3.6767681 -13.3900412 31.9614073 -9.2829604 11.1590125 -9.0662936 -6.3654907 -8.692405
0 1.8708311 0.3665762 -10.1881893 -2.0620904 4.0494135 -2.1989526 10.1910647 -2.028653
0 0.1423441 5.5677962 4.1310883 -5.2344294 12.9621625 -5.2739316 -7.1798097 -5.115220
0 22.9878931 8.6937752 -15.0829613 -9.4168744 5.5162985 -8.9416476 5.1621507 -8.918633
0 17.0417391 -11.5610132 1.4834193 -3.4108424 8.9470815 -3.0830056 -6.3792577 -3.038121
0 51.6226581 10.9475272 46.7282033 -17.9948894 -35.5949035 -18.1916136 -19.4767337 -18.040248
0 93.2848311 -3.1492072 134.8195973 -47.5998254 -49.5229865 -47.2995856 -32.7077077 -47.825113
0 31.2502241 22.1662712 39.2236013 -21.6266774 -9.2320975 -21.5440986 -18.4495947 -21.787629
0 59.6012791 -7.5412472 -22.1312793 -12.6289574 2.3865905 -12.6318496 5.3701837 -12.424718
0 -12.8115021 0.5522312 -8.0181653 -4.2095344 25.9484215 -4.2334216 7.0389517 -4.266980
0 13.1586521 -24.6414152 125.9086653 -27.1206244 -5.8237475 -26.7779226 -27.9345917 -26.769012
0 2.4546191 7.9544372 21.8475603 -3.5769584 -21.7303025 -3.3733446 -0.6741897 -2.901822
0 11.2106681 2.3110832 0.6975833 -11.5508254 26.8744155 -11.6606706 -5.9889987 -11.893255
0 -2.6309111 -1.8251582 88.0389573 -14.0798894 -23.1530945 -13.9067266 -18.3728247 -14.070353
0 34.4952151 5.6241052 80.3119973 -22.4519304 -27.8405215 -21.9613776 -26.5190577 -21.658432
0 -18.1658021 -10.5736042 71.7273153 -10.3643774 -10.5522025 -10.0503576 -1.5479067 -10.473067
0 24.7686881 22.2459232 7.4943423 -10.6100734 -28.4100225 -10.2612216 5.4220507 -10.649685
0 8.0662411 16.5699552 -20.6618593 -11.6804524 21.7438305 -10.9701786 8.5910417 -11.658579
0 2.3091741 -0.4018862 15.5095733 -7.1106794 3.1756035 -6.9452666 0.6817927 -7.218311
0 -4.4266241 1.1690712 64.1687883 -13.9755744 -8.8335355 -13.6126206 -11.0110507 -13.478454
0 35.6179371 19.7984792 5.1587453 -13.3940864 -0.4932315 -13.2867656 -20.5523527 -12.848729
0 22.0209831 1.1478722 -10.4669073 -3.2749824 -7.9484245 -3.0037516 4.5750487 -3.049838
0 30.8639971 -1.7924032 46.5946943 -37.1847034 67.6786305 -36.7214196 -32.3327057 -37.106089
0 -7.8413401 5.6863402 -1.4558683 -15.1179554 53.2321985 -14.6639416 -4.8171577 -15.022275
0 24.7594061 4.3214722 -15.4854453 -11.0395884 9.2360085 -10.1920546 8.6692957 -10.269096
0 -4.6341351 13.9859272 -20.3059063 -2.1256504 17.4332165 -1.9109386 -0.3120757 -2.130439
0 0.4816781 14.6966932 48.3310173 -15.7469234 -9.0581885 -15.0153876 -8.5143027 -15.174585
0 29.1286541 17.8270802 54.8701913 -18.6365444 -24.7148065 -18.4483796 -21.6542447 -18.371950
0 21.4510301 7.5352062 40.3819953 -15.5255214 -8.8572155 -15.2981696 -14.0749327 -15.612392
0 27.0847491 -28.6822042 6.9343733 -9.3422294 27.2351675 -8.8005556 -5.2940417 -9.135259
0 13.1674431 2.3186222 8.7575073 -12.3509154 9.5868385 -11.4386526 1.4083707 -11.449212
0 22.4025341 33.1866802 -16.1000063 -6.0329334 -26.2347565 -5.6632206 4.5257997 -6.084096
0 23.2215331 -31.8510812 9.2200263 -18.1381624 58.9747875 -17.6161306 -6.3510187 -17.459952
0 39.7946611 14.3736862 64.3135023 -23.6288144 -31.4790055 -22.9256046 -17.4690987 -22.979326
0 20.3149261 -12.9318402 17.8305293 -13.5028424 19.8991335 -12.8821216 -5.6819867 -13.045798
0 28.7573771 -2.9316652 1.6661013 -8.8064814 -10.4093455 -8.2988186 8.2661067 -8.243273
0 7.7702461 9.0473562 72.4832203 -26.4760364 11.3099705 -26.0876666 -22.1408927 -25.906195
0 22.3371991 25.3493302 50.4021123 -15.9321474 -27.9216065 -15.9519336 -22.2935887 -15.989364
0 39.8073451 7.5180052 91.2086793 -30.1429274 -20.0496025 -29.6802626 -28.4611367 -30.200099
0 29.0652521 -2.0154302 1.1131923 -13.2402244 18.0353415 -12.5364686 -8.0028187 -12.418846
0 4.1993801 3.3092522 5.7928953 -4.4327144 9.5949645 -4.4100456 -9.7870707 -4.266663
0 -1.7739761 12.6761182 1.4417443 -6.3426354 8.5119915 -6.0415466 -2.3483887 -6.123307
0 -9.4571181 17.3251682 48.2590923 -21.7706924 -3.0055445 -21.4606796 11.9960517 -21.886277
0 37.5824451 -23.0695522 74.1920453 -21.3632574 -19.8854075 -21.5938446 -4.3195177 -21.542912
0 14.2752101 -3.8572842 26.5653713 -8.4521574 -3.2869715 -8.3273006 -8.9926007 -7.924268
0 14.5223121 9.3092382 36.5035663 -8.9225774 -23.4826925 -8.8612336 -10.2355567 -8.833058
0 -0.4210201 -2.7759492 -0.3990403 -14.4498374 47.1219855 -13.9471026 -1.3018597 -13.827178
0 -12.4957971 -8.4073342 80.8683193 -15.7646464 -12.2977705 -15.3758366 -1.1654977 -15.361437
0 -2.4015801 -13.0927662 10.3563113 -16.5930034 54.8304975 -16.0913546 -0.9617577 -16.046347
0 4.0915051 -10.8280342 82.7396313 -36.3196484 53.4526755 -35.3704116 -22.6734547 -35.092263
0 -14.8587041 44.2693042 18.0569453 -16.8791924 6.5018295 -16.2938936 -4.0750307 -16.721256
0 -6.5358131 17.7148762 5.5752043 -17.9226894 43.3700275 -17.0615616 -7.6833467 -17.456697
0 10.6947731 -6.7663542 52.2656973 -24.3187914 30.4863315 -23.6386366 -15.1119977 -23.611020
0 69.3992371 -0.5433672 88.5278333 -26.0231804 -58.3309775 -25.8787776 -21.1172867 -26.033480
0 29.5491251 19.2567132 39.4078193 -21.0600854 -6.2742025 -20.5922846 -19.7610997 -20.525985
0 42.7332601 13.1669282 -3.3372523 -14.3020174 6.4838875 -14.5468136 -15.8854727 -14.312520
0 3.8664771 4.2572772 4.3815793 -8.4290954 22.0077115 -8.5094856 -8.8021517 -8.772313
0 17.6251271 3.2188282 24.5816773 -21.7027654 19.9589055 -21.1641656 -0.7352677 -21.782339
0 28.0320861 -14.4179852 14.6331993 -15.6748984 18.1579405 -15.3368836 -0.0509657 -15.342493
0 -5.7389821 -20.7348482 43.1187313 -14.3694074 39.9089385 -13.5563366 -14.7819077 -13.846188
0 68.0511281 21.0460722 168.9887833 -40.8530164 -99.1240575 -40.9415016 -35.9135277 -41.253877
0 0.0000001 0.0000002 0.0000003 0.0000004 0.0000005 0.0000006 0.0000007 0.000000
0 -45.9281681 9.5333812 20.0767223 -10.5933484 9.5490015 -9.8603586 38.1748667 -10.952098
0 0.4488701 -7.2147412 18.5231763 -3.4321234 1.1832645 -3.3502446 -2.7797607 -3.378443
0 25.1009531 -7.4861542 6.7804843 -12.0698144 1.7906685 -11.9828326 9.7976967 -11.931002
0 -19.6883071 39.3501202 22.4447713 -31.6818904 17.5347105 -30.6167406 -16.6144557 19.271794
0 4.2624531 -0.5359252 33.8614653 -43.2605414 12.2717405 -42.9054836 -20.0787427 56.385039
0 12.6559001 5.4913712 41.1416773 -10.5423024 -19.4315205 -10.3296866 -8.7332897 -10.252150
0 5.2888321 0.2591922 137.9625553 -32.0957604 -28.4664915 -31.7759506 -18.9181817 -32.254193
0 0.0000001 -2.0386582 -0.4172773 0.0000004 2.5830065 0.0000006 -0.1270717 0.000000
0 8.2324341 -1.9032922 8.9623173 -10.3898114 26.4081795 -10.4021976 -10.5652347 -10.342395
0 3.1802171 4.2307802 46.6128153 -22.1447864 5.1611285 -21.8563006 7.6892127 -22.873064
0 -10.3267331 -3.6567192 63.1369463 -12.9946094 -2.9735065 -12.2724546 -8.8238187 -12.089105
0 27.2017421 16.6499592 126.7907733 -35.9102194 -42.1104705 -35.2454096 -21.4526157 -35.923757
0 11.9625221 -2.1421022 61.0544023 -18.0928984 -3.2228135 -17.5932836 -14.6821377 -17.283692
0 24.7002411 1.4180492 5.4521863 -12.4296324 15.0304715 -12.2385426 -9.7218757 -12.210898
0 0.0000001 0.0000002 0.0000003 0.0000004 0.0000005 0.0000006 0.0000007 0.000000
0 38.3175401 -1.2242472 2.5575963 -8.8738724 -11.1114115 -8.5276026 -2.6848627 -8.453141
0 20.7182521 9.3773662 33.1156713 -10.3263344 -19.4323865 -10.2926256 -13.1768247 -9.983121
0 9.9954321 4.4534102 56.7644613 -16.8055024 0.0238285 -16.3324126 -21.1797847 -16.919433
0 8.1950261 13.4934462 15.3384733 -14.7255954 2.9221685 -14.2791276 3.3836247 -14.328016
0 -15.2163241 3.5527152 48.3095753 -13.2828384 19.2998505 -13.1913616 -16.2758787 -13.195738
0 37.6739361 -3.1477772 -11.1159833 -10.1041954 2.0337315 -9.7232976 3.7682247 -9.384636
0 39.1249621 -19.5270712 -15.5626493 -13.9093254 14.7080615 -13.9503096 23.1031867 -13.986852
0 17.3486741 6.3026112 -27.3263653 -31.4889904 115.0026295 -31.1974986 -17.0704887 -31.570572
0 55.7630921 -11.4984622 31.9676003 -16.0719214 -15.6106685 -15.5991226 -13.1011707 -15.849348
0 -7.2799801 -0.7812212 8.6619593 -4.6496574 16.2813075 -4.3451066 -3.4031057 -4.484197
0 92.2234241 -24.5149872 -29.5483853 -16.7613804 7.2194885 -16.3344706 4.0772177 -16.360907
0 0.0000001 0.0000002 0.0000003 0.0000004 0.0000005 0.0000006 0.0000007 0.000000
0 5.3574931 -22.5985592 54.1398853 -21.6742504 40.0803625 -20.7483166 -13.6002377 -20.956378
0 -5.6008131 4.2538302 62.7055553 -16.7971414 -1.6103985 -16.3437446 -9.9914067 -16.615881
0 8.7692901 5.4500902 51.3109953 -24.6526224 33.8669045 -24.1670366 -26.6212987 -23.956324
0 49.5082771 64.8729972 76.7543673 -39.8381944 -38.6122165 -38.6620466 -35.8219987 -38.201186
0 7.4322791 -18.9861702 49.0280113 -15.0710874 9.9865385 -14.7530546 -2.9507427 -14.685771
0 78.8958861 -35.3552902 82.6768053 -28.2754974 -19.0465805 -27.7142276 -23.4587467 -27.722350
0 -12.3358151 20.6402862 -15.2688263 -6.3029974 30.8170355 -6.1556616 -5.1304077 -6.263614
0 -19.2177281 11.0633892 20.7770533 -20.3185594 66.5446935 -20.1431236 -17.8856227 -20.820102
0 8.6539621 -7.7814412 48.8557793 -16.6065784 9.0531285 -16.4304876 -9.4105247 -16.333839
0 -2.7116131 29.1077012 37.5507633 -11.0635714 -18.0088805 -10.9909336 -11.9828227 -11.900642
0 -8.8220961 8.7801002 5.5137003 -6.3686494 17.7400575 -6.1181946 -4.4684987 -6.256421
0 67.8194411 -10.7731062 -18.7951493 -15.6257644 -12.4569365 -15.4361176 20.0969637 -14.829331
0 -27.0209111 -8.6316082 0.3766913 -7.3525124 52.8826705 -7.4277096 4.5435117 -7.370132
0 -16.3192781 29.8849802 -38.3937993 -5.6190664 28.1487465 -5.0177956 12.5350737 -5.218860
0 -3.8027671 11.5533382 -22.8313083 -9.1595094 49.3409805 -8.6021946 -6.9699807 -9.528560
0 -30.2654641 23.3478302 21.5910323 -14.5640754 13.5719085 -13.8568866 13.7539437 -13.578286
0 -5.8063671 32.3429392 57.7972253 -33.8870454 23.1312865 -32.3210156 -8.6082287 -32.648794
0 19.1422871 17.2135382 19.1908153 -11.6556224 -7.8575525 -11.6312046 -13.0074077 -11.394854
0 13.4173361 27.8900592 70.2086233 -21.2067984 -31.4975135 -21.3746276 -16.3467907 -21.090286
0 -3.3494081 -0.4643302 11.3117313 -11.1257124 28.5325965 -10.7176246 -3.5222667 -10.664987
0 -3.7677671 -6.7854342 32.7410313 -13.8335424 15.5578235 -13.2281456 2.7832247 -13.467189
0 -16.9777561 -11.5506632 78.4816363 -14.6204284 7.2838635 -14.2911946 -13.8817847 -14.443672
0 -10.7975901 -17.9977222 92.4811633 -11.5735904 -19.2881615 -11.1510176 -10.4638557 -11.209226
0 9.7562731 -0.8355472 16.4379453 -4.7487874 -14.8161615 -4.6521986 3.7862427 -4.927767
0 30.1013411 -5.6056052 97.6922893 -31.3798494 -15.5496335 -31.3914936 -12.6848267 -31.182222
0 -11.9141151 15.2433642 -11.2266703 -6.7753074 31.1315175 -6.2560446 -3.5881097 -6.614636
0 -42.5068031 -5.9027062 77.0486663 -27.1405654 63.8926245 -25.3751576 -14.5099187 -25.506139
0 69.3658151 -20.9386742 35.1899423 -31.0974524 9.4177385 -30.7065286 -0.9786177 -30.252221
0 19.2749651 -6.1787072 -2.4839213 -2.4608404 -0.9563895 -2.4606016 -2.4208477 -2.313660
0 -9.9584991 29.5844792 6.8165293 -9.2369794 6.2331525 -8.8230706 -5.7636057 -8.852007
0 42.2720261 12.9446462 -10.4520023 -11.9945424 -1.2614305 -11.7077826 -7.6362077 -12.164709
0 23.5028391 6.9920452 -10.6804763 -14.3876864 37.0851455 -14.2042896 -14.0286507 -14.278926
0 -40.7572331 100.9632832 5.8588583 -31.7793164 41.4108695 -31.3297946 -11.4709137 -32.895754
0 41.8347231 5.9290842 26.4999193 -19.9782984 -17.0088165 -19.9230806 2.2392687 -19.592797
0 35.1191581 16.3211622 28.5491713 -34.9330044 46.0220195 -34.3174526 -22.6042137 -34.156840
0 3.7896741 4.5154822 10.0192053 -11.0469164 21.3150275 -10.4483246 -7.6576697 -10.486479
0 40.5060081 5.1429322 26.6161053 -14.5513184 -17.4773405 -13.9187806 -12.5601857 -13.757420
0 15.0834011 6.2311212 -14.6374893 -3.1895064 -0.4730435 -3.1882696 3.5206057 -3.346819
0 -5.3336481 24.2004122 -10.0786013 -10.0958834 16.6274365 -9.5698506 3.9037937 -9.653658
0 0.0000001 0.0000002 0.0000003 0.0000004 0.0000005 0.0000006 0.0000007 0.000000
0 39.9162151 -5.9581132 33.4414053 -19.6517904 -22.3175055 -18.8331766 12.1748067 -18.771840
0 -13.6249411 6.4292572 6.6431273 -0.8982164 -3.1810405 -0.7877916 6.4286947 -1.009091
0 -14.1918611 5.3022482 34.8648783 -9.9738514 11.3723535 -10.2232806 -6.8969637 -10.253523
0 9.3855611 -25.0357522 59.7686413 -12.5573724 7.2199835 -12.0980366 -14.3321177 -12.350907
0 -7.6060871 -3.3770792 64.3724503 -8.2181254 -18.3840615 -8.2890676 -9.2401137 -9.257916
0 32.0137341 -11.4405722 2.3601053 -6.7823784 -4.7348415 -6.3685406 1.3807757 -6.428281
0 7.5851761 32.6090592 99.2051243 -32.4631474 -30.0257645 -31.6302366 -13.6902487 -31.589960
0 18.3380651 13.5701932 5.9923003 -10.4897044 -8.9430455 -10.3647386 2.6746987 -10.777769
0 3.8133811 3.7852442 21.9889043 -5.3309294 -5.4295885 -5.1978376 -8.5204307 -5.108746
0 28.7777201 -13.0607592 33.3873273 -23.7605034 13.7706635 -23.3730706 7.2143197 -22.955692
0 20.2298201 0.3948592 -1.6474803 -5.3461604 1.8139385 -5.4275606 -4.6729177 -5.344502
0 24.7470651 7.5778782 -5.8018513 -8.6792864 8.7195575 -8.5317086 -8.8950437 -9.136609
0 41.3261051 18.9837372 57.6381083 -25.9893694 -39.3243655 -25.1359356 -2.6857727 -24.812505
0 18.2158211 7.0013702 14.7026923 -5.0772164 -22.6732865 -5.1054746 -1.2703637 -5.793545
0 35.9828521 18.7369552 36.8930713 -19.6692414 -21.0457335 -19.3356456 -12.4773457 -19.084913
0 -1.6713011 8.2940062 -2.1897193 -0.6625194 -7.0696815 -0.6624076 4.6573747 -0.695753
0 15.9329101 12.3468252 -10.7983143 -0.5129324 -19.6800535 -0.7052216 5.1733447 -1.756557
0 -3.9170871 -2.7806812 9.0012293 -1.4714074 3.4505155 -1.4575326 -1.0166777 -1.808361
0 -3.4485461 3.2093502 -2.1760673 -6.6598774 20.8783455 -6.4488726 1.2749027 -6.629234
0 -5.5744681 32.2237072 98.3605323 -21.5325104 -48.2959305 -21.5276106 -12.4376287 -21.216089
0 44.2708691 -27.2797912 16.3658613 -15.2605364 23.9304885 -14.6881706 -12.5812067 -14.757514
0 22.8995321 6.6069862 -6.6267803 -6.3972594 -2.1974745 -6.1032196 -2.1795067 -6.002282
0 5.1759001 -11.4900172 44.9294743 -15.5560514 21.5771185 -15.2971436 -13.5400527 -15.799228
0 41.0481011 1.4338292 -29.3609543 -6.7949084 -6.1839475 -6.0090596 11.8574307 -5.990491
0 10.4737751 16.4660822 24.6860853 -20.6868434 10.5450715 -19.7801626 -1.0629797 -20.641029
0 -16.4114151 -4.1845522 45.1807043 -13.3620054 27.9268995 -13.0040666 -12.9027427 -13.242822
0 14.2836961 -10.8612292 28.8519173 -11.6181184 18.6184295 -11.2418536 -16.7742427 -11.258600
0 -5.7401321 18.0324212 1.6986263 -23.0025014 60.3483785 -22.2922586 -5.6012287 -23.443302
0 1.9240501 -8.5245072 68.5984313 -17.9065514 15.7167985 -17.7645136 -24.1097147 -17.933989
0 -18.0716961 -9.9000162 53.0810653 -31.6892094 64.5973155 -30.8493906 4.1810127 -31.349080
0 -27.3981161 35.6212372 31.3024253 -27.4403634 43.9437045 -26.7769766 -2.2894217 -26.962489
0 -7.8554541 -20.5230122 42.7357613 -9.6078814 22.1577435 -9.3599266 -8.1503877 -9.396842
0 24.3481241 0.2810992 5.1787633 -9.9924644 1.8296015 -9.8023036 -2.0553507 -9.787471
0 -3.5116301 12.2805982 -27.5413413 -22.9128424 39.4870085 -22.0500856 -3.2037727 27.452064
0 22.4698531 -6.0668692 8.0562703 -6.7071054 -6.7651605 -6.3539956 1.7952887 -6.428281
0 22.5209061 14.7499472 20.3400733 -12.0933984 -10.0404795 -11.9479256 -11.2951737 -12.233949
0 3.9700501 13.3774812 -34.3524413 -5.9911244 19.0868245 -5.3197806 14.6729807 -5.443991
0 3.2155341 -8.1470862 45.9835193 -13.4640374 10.3172535 -13.0646576 -11.4400167 -13.400507
0 39.5485281 -2.0072522 14.0194543 -10.0953744 -13.2840825 -10.2808676 -7.7281167 -10.172290
0 -4.9897311 -9.7881212 46.5610123 -6.0340384 -8.5544275 -5.9123216 -5.1968407 -6.085533
0 -17.1919251 8.7265052 2.9549183 -11.0330034 51.4123345 -11.2360846 -12.6933017 -10.939443
0 -5.2229601 15.9161112 -13.0879073 -13.9195354 54.1452835 -13.4328716 -10.6798237 -13.718299
0 15.3704371 -3.2670072 -0.7063003 -4.0733614 1.8774005 -3.7454126 -1.7218837 -3.733874
0 53.2090451 -24.8985852 16.4915613 -14.0897384 1.1360565 -13.8515626 -4.0930417 -13.903737
0 11.1224501 -9.3857922 6.4881663 -10.5370864 14.7711485 -10.0879406 7.7460777 -10.117024
0 28.3634591 3.9353432 32.3194833 -11.6881644 -26.7534235 -11.2171976 -4.0524147 -10.907084
0 -9.9584991 29.5844792 6.8165293 -9.2369794 6.2331525 -8.8230706 -5.7636057 -8.852007
0 -20.0945541 12.5675752 11.0443873 -5.0804944 10.2027795 -5.0325146 1.5350887 -5.142266
0 14.3052861 0.0000002 -7.9963233 -1.1680744 -2.1790795 -1.1978116 -0.5966567 -1.167344
0 10.6544111 -8.9984482 44.3933863 -15.4357444 10.9384985 -14.8037676 -11.8793667 -14.868970
0 -4.9897311 -9.7881212 46.5610123 -6.0340384 -8.5544275 -5.9123216 -5.1968407 -6.085533
0 -17.0474821 9.9761382 14.5720033 -13.4083594 26.4877585 -13.0618996 6.4988317 -14.016990
0 33.5340901 3.1207762 -23.8776213 -6.7949084 -5.8402175 -6.0090596 11.8574307 -5.990491
0 -16.4258071 10.3738332 -13.2808733 -12.2245204 59.6980205 -11.7442706 -4.7937357 -11.602646
0 59.3752971 -14.1191652 147.8311543 -37.1562364 -57.0821745 -36.7625626 -24.9092097 -37.177100
0 -3.0350691 7.0833292 3.2296853 -1.7483174 -5.5164165 -1.6594446 3.1308587 -1.484626
0 8.3957031 9.2672722 -4.3917553 -20.3995604 54.1450875 -19.2910956 -8.7402257 -18.985429
0 23.9735881 15.5268782 51.5554443 -19.2410344 -20.8137735 -19.1545396 -12.4844217 -19.362140
0 -9.5197511 27.6559012 34.1692323 -28.6931224 45.2451375 -27.9518526 -12.7218757 -28.183672
0 -0.3839891 22.6419572 -15.2632893 -4.5669074 10.8058035 -4.3770336 -4.6371657 -4.219376
0 8.9001201 4.1746952 28.3298933 -15.4637244 24.0908645 -15.4816076 -18.8041727 -15.746066
0 -4.7767951 -4.8344132 3.0752723 -2.7436364 17.1698345 -2.6594386 -2.5908687 -2.639956
0 32.9436191 5.8763272 45.9443713 -25.2840874 2.7116935 -24.9459636 -12.6569197 -24.589041
0 20.1903661 22.2771962 25.0885043 -13.8417164 -12.6779025 -13.6073696 -13.7105027 -13.718576
0 17.9887651 11.6493712 -11.6103483 -8.1024174 6.3511825 -7.9430296 -0.1401957 -8.193329
0 25.5707141 0.6510532 -3.6861033 -14.4270894 34.5367745 -14.3377696 -14.0286507 -14.278926
0 37.1474601 21.1516412 -1.7675373 -26.5261604 26.0567825 -26.3849786 -3.8350047 -25.842206
0 -8.1003411 -9.6548152 44.2761403 -5.5395514 -5.3520275 -5.2386966 -5.2670157 -5.123693
0 0.0000001 0.0000002 0.0000003 0.0000004 0.0000005 0.0000006 0.0000007 0.000000
0 3.0374921 -2.0386582 -3.4547693 0.0000004 2.5830065 0.0000006 -0.1270717 0.000000
0 17.9887651 11.6493712 -11.6103483 -8.1024174 6.3511825 -7.9430296 -0.1401957 -8.193329
0 20.6997551 26.5855952 30.6407323 -19.1429054 0.3134365 -18.9735686 -21.0851437 -19.037903
0 2.8971481 6.7663662 21.6376533 -15.5155574 27.3598645 -14.4618696 -14.1958737 -14.487731
0 8.2052651 0.9266592 1.4322403 -7.4299984 17.5763215 -7.1523366 -6.2431767 -7.314974
0 -2.3892861 -2.5399172 5.8042683 -0.8344664 -3.8689175 -0.9774106 5.6643717 -0.858643
0 14.3697571 -23.4450502 68.4669153 -14.2267104 -18.1537585 -13.6240996 0.4590267 -13.846078
0 32.9828951 -2.4741742 24.1898213 -8.6532904 -17.7230235 -8.6477276 -11.1760077 -8.498494
0 6.5734781 -15.2215222 133.0766553 -23.4087434 -30.9494005 -22.8074466 -24.6215787 -22.641439
0 13.8363641 -11.5051212 27.1463723 -5.0627564 -9.4064325 -5.0226786 -4.9649997 -5.020750
0 73.1064611 -27.4357712 16.1169263 -16.8636944 -9.6506135 -16.9966836 -1.5743587 -16.702266
0 -13.8494271 29.6242652 31.3299353 -13.8096954 7.5800465 -13.3991386 -13.7257717 -13.750212
0 -13.2540141 8.5791072 105.6714503 -31.3396914 18.2233295 -30.3877446 -26.9525797 -30.539857
0 44.2075131 13.7320672 17.7142483 -12.2577964 -26.0802145 -12.4997846 -12.1229857 -12.693048
0 -11.1029941 13.5125862 4.3157973 -2.6465334 -8.6974565 -2.4472356 9.5595527 -2.493717
0 18.3162681 4.8572522 4.8869033 -5.4897964 -1.9362505 -5.4392546 -9.9464177 -5.248707
0 21.1305121 23.8179712 14.5619163 -17.1013274 -6.7080805 -16.2666626 -3.2372517 -16.197079
0 18.0831361 50.9357822 96.6765203 -30.7528524 -40.4646675 -30.5108196 -33.4566707 -30.510426
0 32.3431811 11.4089662 -8.7541473 -7.4543424 -5.1138945 -7.1324286 -8.1460037 -7.151335
0 23.7710881 -11.0305332 -4.4956993 -5.9744724 15.2617875 -5.8358596 -6.1232387 -5.573071
0 49.6242981 5.9108912 -32.7491313 -8.1629064 8.0619235 -8.0594566 -6.3552337 -8.270385
0 -28.1849011 8.9441312 24.8015993 -10.1975304 24.2155635 -9.4780036 -0.1233757 -9.977484
0 34.0131261 -1.8292102 -14.6875083 -23.7801144 34.3677925 -22.6188796 17.8518797 -23.317084
0 -0.8596021 4.5083202 2.8447553 -15.1063604 41.6544345 -14.4730186 -4.3280017 -14.240528
0 30.7078811 -9.5996352 19.8655113 -14.2245944 1.6230835 -14.2241146 0.3870077 -14.535135
0 32.2235531 -11.0153212 -15.0506753 -5.2260544 8.7363635 -4.8084626 -0.1387747 -4.720633
0 -13.0229341 15.2821962 6.1676483 -9.9986594 33.5501415 -9.6312336 -12.5189247 -9.828235
0 -21.7899131 7.7931362 46.9401303 -25.8755994 69.6068505 -25.9938176 -25.0096987 -25.671086
0 -7.2473491 4.5524292 20.5840963 -4.0052334 -7.9781745 -3.6826676 1.5367657 -3.759866
0 21.9009551 23.9041532 -1.1541673 -5.7232274 -18.4501055 -5.7988296 -8.3220447 -6.356736
0 5.8446711 -13.0842572 19.5638843 -9.5319074 26.0958975 -8.8856426 -10.6719687 -9.330679
0 21.8249901 5.8250582 29.5937663 -12.7976034 -4.0898985 -12.7201166 -15.1090537 -12.527144
0 15.0595381 2.2004042 -13.4195093 -6.9626204 27.7170115 -7.0519536 -10.5789197 -6.963952
0 -0.7334371 -28.0161892 45.6370873 -11.4709384 18.3431055 -10.9562456 -1.7495577 -11.053823
0 34.4172951 -4.4439732 -6.5365673 -16.8907714 37.1633415 -15.9114786 -11.7838867 -16.013962
0 36.1984211 3.1435902 39.0058993 -17.8428894 -4.3302095 -17.8884826 -20.4299477 -17.856381
0 9.8470051 19.1131042 13.8130493 -17.1750504 24.3958595 -16.9642226 -15.9650097 -17.064734
0 -9.7454991 33.1088122 -32.2674473 -9.9374954 37.2319135 -9.1731656 0.2159657 -9.433085
0 18.5209671 12.1827322 19.4845373 -8.9934554 -16.3956815 -8.9315716 -7.1572657 -8.710262
0 8.7712301 -4.4549492 16.6063243 -9.1137954 11.1052295 -8.7508596 -4.9039417 -9.259239
0 107.4491221 -2.2140392 19.4509743 -28.0743154 -17.4661575 -27.9783766 -23.0249067 -28.142300
0 15.2042931 4.0929432 42.4082523 -15.3676434 1.3260845 -15.0793746 -17.2940447 -15.290511
0 15.4852451 0.3835982 -9.6567303 -2.7803414 5.1733785 -2.8072316 -2.9671427 -2.830777
0 27.7159451 -4.6687522 37.3094943 -8.4237194 -30.9133345 -8.2203846 -4.6249447 -8.174305
0 -11.4010351 16.6258472 65.0396013 -24.6270164 27.0533015 -24.1804856 -24.2163697 -24.293842
0 -6.9755811 9.6462412 -10.4315473 -10.7580574 49.3633205 -10.9043356 -9.2251497 -10.714891
0 -37.6785031 40.0485842 27.5622983 -19.7512184 27.9524095 -19.1062676 0.7019067 -19.729206
0 3.1970751 8.6169172 -2.5510753 -0.2188294 -6.9074515 -0.3453386 -0.9130207 -0.878279
0 53.7861181 -7.4888492 78.9639013 -32.4443694 0.9162395 -32.2418496 -29.2475967 -32.243591
0 5.9738931 7.9623262 21.6143233 -20.3150294 36.7609235 -20.0386696 -12.0176947 -19.940072
0 -8.4992171 16.3438762 0.3591713 -10.3518054 22.0397355 -10.0648656 0.5832367 -10.410130
0 44.6601851 7.9587222 6.6535753 -18.4114914 0.4941465 -18.3326466 -4.4288657 -18.593623
0 -17.7659311 4.3639482 6.6431273 -1.2388314 -3.6356395 -1.1913256 14.2066407 -1.381990
0 -18.6379671 83.4566192 -9.3166303 -14.6338544 5.1568025 -14.2080386 -15.8849227 -15.932007
0 -24.9848031 28.0243572 -25.8833533 -4.1714534 8.6573375 -3.9259876 25.6575647 -3.373662
0 30.3747131 -12.9352552 43.5433303 -15.3476524 -3.2203435 -14.4249196 -13.8257787 -14.164096
0 0.4074541 12.2834372 97.9221783 -30.5212954 15.2552835 -30.0715166 -35.0760097 -30.199527
0 16.3773221 37.5005152 -7.4802923 -29.9206834 59.1167115 -29.9168186 -14.5846777 -31.092075
0 -13.5854161 23.5373702 -13.4163893 -7.4378264 24.0618375 -6.9184516 1.0692657 -7.310389
0 10.9728711 -23.3833262 73.9024723 -27.9765244 50.5031795 -27.4686386 -29.2318257 -27.318208
0 0.4692001 16.3683992 21.2960923 -13.4743224 5.9757525 -12.8343576 -4.9742387 -12.826528
0 42.8658481 -16.7864492 37.0236083 -15.8157564 4.4538495 -15.4276056 -20.8813187 -15.432175
0 38.2226451 -8.1087912 57.1657953 -16.8671414 -31.8824725 -16.4084656 -5.8135917 -16.307975
0 -12.5917011 30.3218082 -9.7495893 -12.1799724 39.5046655 -11.7272796 -11.8649217 -11.713011
0 -29.4174761 25.4239872 -21.2789983 -8.5725524 48.9392585 -8.2105556 1.4914317 -8.375095
0 11.2778871 27.2405132 -13.6670673 -14.3610674 25.7413545 -13.6575876 -8.8340567 -13.739976
0 9.3145161 23.1727152 -26.6474203 -4.9992814 12.7087415 -4.8856896 -3.7995927 -4.863992
0 40.5531051 7.3726422 121.3405313 -38.6342914 -30.4454895 -38.2000556 -23.5986957 -38.387745
0 29.7557501 -4.5177362 -0.3281523 -4.9410024 -5.3296545 -4.7837666 -5.0328357 -4.822605
0 10.0910491 -4.2947552 -6.6326623 -7.8982234 26.6523795 -8.0647376 -1.6317437 -8.221307
0 -16.1020761 10.0375372 14.5929373 -11.0183074 31.4383595 -10.4632996 -7.7445327 -10.740618
0 41.0481781 19.9995542 52.0650953 -22.1439364 -29.7368095 -21.9087056 -17.3680277 -21.955346
0 32.1620441 -6.6509722 -29.4798443 -7.4719234 29.0185565 -6.9873816 -3.4723097 -7.118171
0 -20.7179931 1.5830932 32.4524943 -19.2092994 51.9250015 -18.2152996 -9.7801177 -18.037879
0 -43.7312281 44.3617452 39.3874563 -20.9202674 18.9902055 -19.7428986 1.6650097 -20.010019
0 -42.7275561 -5.7364332 28.4512573 -8.2762074 35.3638955 -8.1543126 9.1557707 -8.076415
0 59.2425671 23.0599112 14.1730183 -23.1847574 6.9152575 -23.3563726 -33.8281627 -23.021459
0 21.5019731 8.6605642 -9.1783793 -13.4042454 19.6808765 -13.1840846 -0.9082577 -13.168447
0 -17.9311451 6.0334772 7.1666063 -10.8831714 31.9826575 -10.3585896 4.1408627 -10.150696
0 -13.8348681 18.8714612 72.3881923 -19.3300524 -1.9893875 -18.9031516 -18.8155927 -18.386600
0 26.3415731 2.0500302 21.1188463 -23.2206064 31.4316035 -22.0864956 -13.0805257 -22.554425
0 58.3009031 39.0148652 19.1706983 -27.8389424 -17.0202305 -27.0338826 -17.8406397 -26.752771
0 -12.8115021 0.5522312 -8.0181653 -4.2095344 25.9484215 -4.2334216 7.0389517 -4.266980
0 16.9449321 -0.2583932 18.7710193 -5.0951214 -10.9542155 -4.8876626 -9.8511917 -4.669370
0 -7.0758611 15.8651232 -0.7878863 -12.6014974 36.8940085 -12.1366106 -8.1723937 -11.984883
0 44.0417391 5.3277192 -31.3118183 -11.4980374 17.2315175 -11.5296536 -0.4922177 -11.769249
0 14.2316531 36.4870002 137.9937203 -37.0805344 -46.9541155 -36.7931226 -31.4058287 -36.478769
0 -6.0969281 -4.5287302 30.7608173 -4.2430004 -3.4024975 -4.2072556 -4.1564247 -4.125982
0 -15.0801421 -7.9000632 3.2146203 -7.6165394 48.8935575 -7.2772106 -6.7795377 -7.454684
0 -15.8152751 12.9615952 10.3440533 -13.3599734 46.8456985 -13.4664126 -14.0877047 -13.421981
0 12.2778111 -11.8235462 37.3305193 -9.5639154 -12.7935095 -9.2951116 2.7985837 -8.930829
0 39.6945521 -3.0369332 11.8760963 -13.5716444 -19.8863615 -13.3374956 11.5725177 -13.310731
0 -5.4459291 21.5131762 -17.0762213 -3.8739674 14.7957935 -3.5703826 -2.7274047 -3.615065
0 -5.7135411 -6.7357172 50.6649503 -14.3373354 5.4679305 -13.9201956 -1.6416017 -13.784491
0 23.0408781 15.6974132 -1.7708833 -7.3521394 -23.8137645 -7.1832946 8.2842647 -6.902474
0 -1.6713011 8.2940062 -2.1897193 -0.6625194 -7.0696815 -0.6624076 4.6573747 -0.695753
0 33.6099011 41.4358872 78.6614743 -30.8469994 -34.0027895 -30.8597566 -27.2346667 -30.763050
0 34.8450071 10.4035762 21.3224963 -11.3356524 -31.3318665 -10.6981496 -2.0483317 -11.157079
0 31.2605811 6.0644922 -1.0946043 -21.0718404 41.4381665 -21.0239196 -13.8766907 -21.696188
0 0.4278051 15.1147072 -18.4929743 -2.8185904 13.4432265 -2.7175896 -2.2218367 -2.734750
0 -23.6001861 16.6732672 33.5198093 -24.8489854 34.8555175 -24.2845666 11.9203947 -24.235248
0 -2.5655111 22.7940882 -7.7267233 -13.7139354 33.7854105 -13.0898146 -5.9520177 -13.531495
0 20.3205361 9.5699652 -3.5275653 -9.6674564 3.4666525 -9.3576276 -1.7448897 -9.059614
0 19.6197921 22.6154832 36.9691763 -35.7474714 35.5886685 -34.9389366 -8.1960427 -35.910666
0 23.9393501 -8.4444922 49.2291253 -12.4331054 -13.2047165 -12.1093426 -15.2728037 -11.704015
0 4.4289311 -0.6027302 119.1106923 -35.8124294 3.6501005 -35.2620936 -20.2141327 -35.298334
0 27.5318061 4.6591022 -6.6449923 -13.3085504 18.2583205 -12.9656606 -4.2191667 -13.310862
0 40.7728111 -9.9944722 -0.4737743 -13.9923194 4.6528875 -13.5955536 6.1796837 -13.549260
0 25.1215181 5.2450852 -5.1736423 -25.1782214 48.6578605 -24.7473176 0.7094347 -24.634716
0 13.5894931 24.8732662 67.0297053 -33.9721874 5.4039935 -32.8708416 -9.8501277 -34.203299
0 125.1064501 -30.4616492 -3.1407503 -28.3487894 -13.1474435 -28.1158176 5.6379977 -27.529997
0 -12.0551941 2.9806912 47.5076753 -13.3496694 14.1660015 -13.3752066 -12.5600817 -13.314216
0 9.7731851 9.8429772 3.3398863 -9.4466914 10.3446785 -9.1597816 -5.5235697 -9.170685
0 -5.4706051 21.7677662 5.2076483 -7.6675024 0.0832585 -7.6576736 1.3202917 -7.583183
0 -5.1426201 21.0213082 -23.6578913 -9.8962644 32.1825845 -9.4668086 4.7780037 -9.818312
0 37.6578301 -20.7049172 3.0569333 -17.6114534 44.8429595 -17.3264676 -12.7602357 -17.154650
0 26.2876381 8.7565412 64.6777293 -18.5841894 -28.8304745 -18.5768736 -14.8903377 -18.840031
0 3.0517311 28.7989422 27.1816303 -19.4042014 18.9487615 -19.5635446 -19.5372577 -19.476058
0 28.7308851 -16.5762592 31.6037083 -17.0889544 12.0795865 -16.7817716 -4.9719757 -16.995220
0 23.0498701 5.9164772 10.3779713 -11.6607054 9.8716855 -11.9634806 -13.5141037 -12.077715
0 18.6401351 29.8314122 68.8196953 -20.4527434 -31.9307935 -20.3538266 -24.1647257 -20.389153
0 60.5437071 -17.9883362 44.0285413 -30.3474834 24.5994555 -28.8701496 -23.3533937 -28.612342
0 13.7918001 10.1234452 -2.2780603 -7.7152554 -2.0821785 -7.3016656 2.9714637 -7.509550
0 56.4966911 4.2599162 23.9695163 -21.5698064 -17.9296125 -21.0736176 -2.5339047 -21.619182
0 16.6281541 8.2935672 37.7294013 -16.7727964 -4.3383785 -16.8836996 -7.9193577 -16.736889
0 -7.2442711 14.7488872 7.0058483 -8.8872604 25.0159775 -8.4985366 -12.9425387 -9.198106
0 -11.0244961 11.2512742 50.7832483 -16.2835264 4.5601895 -15.3958056 -8.7838447 -15.107039
0 35.3319901 24.1203302 21.7140793 -13.0182044 -34.3792105 -12.9119876 -7.7689417 -13.088056
0 3.0716781 23.1756822 23.2986563 -11.2845274 -22.3295275 -10.7036746 5.5522117 -10.780497
0 -7.5477881 6.1797892 9.1351483 -5.7846484 10.8936115 -5.5022246 -1.5397677 -5.834119
0 68.3959161 -28.7911152 56.1956883 -20.0533254 -15.2573455 -20.0476116 -20.2375257 -20.204681
0 12.8172061 8.6818852 24.2698723 -13.9923174 13.9726315 -14.0240756 -17.7874957 -13.937705
0 -28.1849011 8.9441312 24.8015993 -10.1975304 24.2155635 -9.4780036 -0.1233757 -9.977484
0 -12.5040641 10.6371072 26.5580113 -9.9175464 14.9675505 -10.0249626 -9.7803227 -9.935773
0 12.4615021 -1.4746612 31.8459813 -15.9059834 21.5480365 -15.7249276 -17.0941647 -15.655783
0 68.4648501 -12.5295032 -19.4006773 -11.2171514 5.5579965 -11.3550276 -8.3450347 -11.175455
0 53.0972561 -24.2885952 12.8098713 -23.7973254 40.3579185 -23.6156636 -10.8804597 -23.683000
0 23.3406561 18.0278022 27.6235853 -16.2779784 -5.2675695 -16.5795516 -14.4293987 -16.437544
0 -16.5275321 18.6462602 -23.0842543 -7.7743924 36.3743245 -6.9955956 6.5125597 -7.151370
0 -2.5944651 23.0858442 0.7773453 -23.4039884 16.8606405 -23.1840636 -17.8826917 26.341380
0 35.3546131 -14.8600892 -18.0660273 -8.8723414 24.2016255 -8.7707896 -0.2190327 -8.767960
0 3.9213971 11.4208402 70.9189573 -12.8422304 -30.9024285 -12.8462866 -16.6874837 -12.982764
0 -1.4205291 -8.6673932 45.3426573 -12.9695504 14.0547065 -12.3910326 -11.5101917 -12.438666
0 21.3959151 14.8641842 28.5096683 -12.5144354 -17.2722635 -12.2757996 -10.5201537 -12.187116
0 -12.9910531 18.6525132 47.9299723 -23.0099244 23.2177205 -22.6460416 -7.9484407 -23.204745
0 15.8243261 20.8294572 -17.3537833 -14.2176064 36.5228805 -14.0790186 -13.0333847 -14.492868
0 0.5503181 -14.5871442 70.8137723 -16.0755984 -2.2118365 -15.9003886 -6.5333817 -16.055742
0 40.8474061 -8.2055102 46.3960263 -20.4469894 -33.1603395 -20.0767496 14.8700177 -20.223858
0 -32.2695491 34.7673202 31.2797413 -25.7093854 67.5665365 -25.6616846 -24.8859967 -25.086979
0 0.0000001 0.0000002 0.0000003 0.0000004 0.0000005 0.0000006 0.0000007 0.000000
0 14.0229361 1.2820372 55.5281923 -10.1587164 -28.7415495 -10.1497296 -11.4318457 -10.351323
0 0.3523211 17.8242662 80.1633783 -30.3065874 11.2468175 -29.5536856 -19.3634687 -30.363042
0 -28.6661161 10.7895932 16.0614213 -24.4836474 89.2494155 -23.6843426 -15.6678627 -23.598461
0 -19.7873041 7.7833092 26.6731393 -6.1353674 -2.2887575 -5.7345986 5.1613867 -5.671807
0 -1.3465991 7.4560472 0.0302023 -6.2507134 11.7474975 -6.0678336 0.5445927 -6.113193
0 8.2800821 19.1904912 41.0377843 -8.0177574 -39.3699825 -8.2752496 -4.6872617 -8.158105
0 44.5613391 -8.9649422 34.0673723 -18.6810354 -1.1367815 -18.8639306 -12.2208307 -18.761193
0 83.4409701 16.8161802 31.4184143 -33.2202544 -14.7645925 -32.7820946 -17.7847727 -33.123848
0 -7.5794451 7.5697292 -5.2474723 -0.9941524 4.6385105 -0.7395526 2.8891167 -0.536734
0 -0.8731411 13.0697222 31.6948943 -10.7667254 -23.2649525 -10.2856156 11.1397677 -10.713952
0 9.6145441 15.3754582 37.8635903 -31.1359734 32.4285165 -30.2630026 -3.0390747 -30.844055
0 -8.7106131 -8.1088562 60.1429803 -10.1286804 -2.8930475 -9.9249726 -10.2170817 -10.159729
0 4.1880261 -15.6108482 115.0475983 -26.4494374 -13.7762065 -26.2162686 -10.7629027 -26.419960
0 -4.0634241 12.3178382 33.5903563 -19.6449824 33.6248795 -18.8569556 -17.9677817 -18.999930
0 -8.9480871 11.0765322 -17.8367823 -6.7802394 31.7358145 -6.2560446 3.6234437 -6.614636
0 -4.9897311 -9.7881212 46.5610123 -6.0340384 -8.5544275 -5.9123216 -5.1968407 -6.085533
0 28.2436361 -6.4557562 3.6201423 -27.4015274 81.9005135 -27.0265886 -26.1787687 -26.701650
0 -6.3873281 1.8481892 44.9197013 -12.0249024 0.6960605 -11.7207616 -5.5001097 -11.830849
0 19.5270091 7.1565532 31.8929123 -15.9256004 -4.5064275 -15.9298516 -6.3594777 -15.855117
0 9.9245081 18.2461692 -17.7825213 -7.9473294 16.6731935 -7.3157946 -4.4492877 -7.348940
0 0.4488701 -7.2147412 18.5231763 -3.4321234 1.1832645 -3.3502446 -2.7797607 -3.378443
0 -23.4148101 19.9422932 -2.0582263 -8.6688564 33.9292625 -8.5428256 -2.0734227 -9.113414
0 -19.4663901 20.9952752 -1.9931223 -10.7292724 36.6388095 -10.2454566 -5.0210517 -10.178791
0 -15.2720131 -8.7596752 40.6726793 -7.1872404 5.8866915 -6.3142656 -3.2164577 -5.809716
0 8.9228351 8.4165562 -22.7891703 -18.0660484 57.9708785 -18.1076016 1.5719677 -17.919416
0 32.2245631 26.9746052 36.4958433 -19.2047274 -21.9280035 -18.8600576 -16.7467047 -18.955517
0 19.3095641 -12.5924202 79.6243623 -14.3464394 -29.7485385 -14.3293216 -12.9087357 -15.008470
0 20.5221041 3.2806262 6.1609413 -8.5428774 -2.9620245 -7.8601046 -2.5788667 -8.019802
0 6.4385131 5.3094762 28.7054663 -8.9156614 -14.6196165 -8.6606376 0.3927187 -8.650258
0 13.2389071 5.0114712 33.2532373 -14.4646284 7.6193955 -14.1244596 -16.2451977 -14.288726
0 -4.0596101 15.6831752 16.7636443 -12.4566544 18.4230065 -12.1375576 -9.9193377 -12.296667
0 1.5187461 0.0000002 -1.5187463 0.0000004 0.0000005 0.0000006 -0.0000007 0.000000
0 25.0773981 -3.9318622 -8.2737193 -1.8870584 -5.1956175 -2.0194396 -1.7810087 -1.988694
0 11.6340981 -13.8847812 16.2415423 -14.8003144 2.6988495 -14.5297146 27.8928457 -15.252522
0 0.0000001 -0.0000002 0.0000003 0.0000004 0.0000005 0.0000006 0.0000007 0.000000
0 -10.9358861 -0.1196202 24.6369883 -4.9201264 2.4074565 -4.6636726 -2.0042207 -4.400920
0 26.7650831 18.7356962 -21.2945483 -14.3495894 20.8955115 -14.1997406 -1.9440487 -14.608364
0 17.5046461 -5.8383222 5.8714463 -20.2198564 47.0178815 -18.3691106 -7.6862097 -18.280476
0 47.7497711 -1.0507082 52.3288743 -32.2535354 6.9298605 -32.0021656 -9.2946377 -32.407458
0 11.6673101 -1.7152282 -9.6567303 -2.7803414 11.0901385 -2.8072316 -2.9671427 -2.830777
0 24.2341451 -20.1444762 99.4410893 -34.4394114 -1.6663115 -34.8098666 1.7415827 -34.356746
0 4.7511001 -17.9144582 70.1309343 -14.5656724 2.4523815 -14.5953276 -15.6358287 -14.623128
0 26.0896971 31.1494692 33.4268383 -15.2268674 -37.4313785 -15.3678086 -7.3386257 -15.301323
0 33.0429581 -15.2863062 52.9581053 -22.1054034 8.6152605 -21.7128976 -13.8856847 -21.626030
0 36.5985421 9.5303722 -6.3303153 -9.0366464 0.0933015 -8.8912656 -13.3819247 -8.582066
0 -4.1551981 -21.1315882 84.4913873 -21.0676184 17.3503275 -20.5167426 -13.8937227 -21.076844
0 -6.4014151 26.4830422 76.6712933 -35.4580724 29.0716295 -35.3250666 -19.5114367 -35.529972
0 5.7320671 -25.6918962 141.9487633 -26.5778854 -16.0371835 -26.3500866 -26.5471247 -26.476652
0 37.5391291 -11.9504502 16.0269313 -13.7735524 11.5691315 -13.1702366 -13.3053697 -12.935585
0 28.1511921 2.2071522 1.4513353 -11.9099854 18.4951415 -12.1248416 -14.1677357 -12.102258
0 65.4670071 -2.2726512 2.8789423 -13.2478784 -15.5495335 -13.3018816 -10.4795607 -13.494444
0 11.7555861 -11.0170812 59.9196303 -14.9720894 -12.4465715 -14.6010796 -3.7980007 -14.840396
0 14.5397671 1.3554062 29.8268313 -7.0346294 -12.9583295 -6.9721226 -11.6161617 -7.140761
0 9.4279041 40.5148122 169.2684573 -35.7910184 -80.7693405 -35.4183496 -31.9414147 -35.291048
0 -31.5341831 23.7263602 35.8789683 -22.1316274 48.8184495 -21.7897126 -11.7640077 -21.204246
0 64.1299881 -14.3670282 27.5567203 -23.0300994 -8.2236195 -23.0447466 -0.0325277 -22.988687
0 25.1080211 13.1681792 -18.2771203 -7.4410434 -16.5097035 -6.8335186 17.8245577 -7.039373
0 43.5698321 -18.3245382 -8.4548373 -9.1535584 9.6641325 -9.2733776 0.7328777 -8.760531
0 15.9650101 -4.0944162 13.7128583 -12.9367204 24.0704545 -12.6155966 -11.5409987 -12.560592
0 40.6187001 22.7654842 112.6974353 -26.6348154 -60.6654355 -26.7921936 -35.2493327 -26.739841
0 -4.5771671 -6.6553792 -9.0340283 -10.3854584 52.5243925 -10.1909266 -1.4966877 -10.184746
0 10.6781631 29.7413632 18.5345003 -12.0933984 -15.4333635 -11.9479256 -7.2453887 -12.233949
0 -1.3348941 6.8391872 33.7692633 -13.9862244 15.1989335 -13.6325106 -13.2999537 -13.553803
0 9.6058661 1.2947232 6.8298813 -7.4677214 9.4297015 -7.7219056 -4.3554247 -7.615121
0 -4.5958651 -18.6356362 91.7929603 -14.7478564 -24.0537225 -13.8677006 -2.1596247 -13.732552
0 19.2749651 -6.1787072 -2.4839213 -2.4608404 -0.9563895 -2.4606016 -2.4208477 -2.313660
0 -3.1526981 12.3730732 12.4360223 -5.3309294 -4.6956335 -5.1978376 -1.1562477 -5.275754
0 44.1668661 14.0039612 -7.8724913 -15.1371104 3.8903105 -15.0379986 -8.3958357 -15.617702
0 -27.7162771 -4.5204482 110.8060373 -24.0376604 15.7010645 -23.5328846 -23.2919807 -23.407848
0 6.8915361 7.3322172 -3.4168653 -21.7633154 60.7186195 -20.8188506 -8.0594087 -20.883934
0 38.2206551 -3.1320702 -7.0707303 -6.7773094 1.1236675 -6.7845226 -8.8473767 -6.732315
0 -7.9159481 27.1516232 -7.8188703 -6.0031924 5.5332235 -5.7688986 0.7144087 -5.892346
0 81.1239201 -0.7968432 7.4419933 -24.3081644 1.4213125 -23.2713056 -18.6289027 -22.982014
0 -20.4248081 3.9844932 35.5797063 -11.7100394 23.7061485 -10.8272726 -9.6195097 -10.688719
0 59.8841181 21.9544732 36.1355003 -29.3802834 -21.7423475 -29.0065906 -8.6320157 -29.212852
0 25.3430011 -5.4257082 39.7918083 -18.9945804 18.6961735 -18.3209576 -22.6052767 -18.484460
0 0.0000001 0.0000002 0.0000003 0.0000004 0.0000005 0.0000006 0.0000007 0.000000
0 33.6456911 7.3272572 26.8807683 -21.5822424 19.4520795 -21.8511406 -22.3774467 -21.494963
0 -26.3486941 -14.4188942 69.4387943 -21.4469674 39.2853515 -21.4360346 -3.6318637 -21.441694
0 -24.4658971 50.6072242 25.5717063 -25.4978174 27.9218975 -24.6983126 -5.0769187 -24.361884
0 21.7756621 5.9060832 44.1790913 -25.9805504 27.1983345 -25.1571706 -21.8920387 -26.029411
0 27.5281101 17.1140202 35.5111313 -32.9548874 55.7731845 -32.2009456 -38.7807847 -31.989829
0 13.1388071 16.9470952 27.8681993 -11.3204874 -14.7938765 -11.0321776 -10.2877087 -10.519855
0 19.2749651 -8.2173652 -2.9011983 -2.4608404 1.6266175 -2.4606016 -2.5479187 -2.313660
0 -10.0448391 -0.3801142 19.4421773 -14.2414484 35.0824105 -13.9478346 -1.6213057 -14.289044
0 -9.1248921 -4.7671412 2.5754733 -4.9715774 23.7737035 -4.5332046 1.7906017 -4.742965
0 36.9232731 -16.5325712 20.7265163 -8.9330264 -17.2797075 -8.9534846 2.6710857 -8.622087
0 87.2155891 16.3191122 -19.0484763 -19.3555754 -20.8571585 -19.2809026 -5.7723787 -19.220213
0 -29.0361371 20.7113412 187.3550593 -53.5967244 21.7476435 -51.9854726 -42.8524077 -52.343295
0 -3.0386751 15.9996442 45.7736103 -39.5936924 94.3744535 -38.8082176 -36.2753487 -38.431772
0 28.9387411 14.2569882 86.0967163 -26.8755114 -31.3298625 -26.6726936 -17.8572487 -26.557129
0 2.2820951 0.8113982 17.9789683 -15.4407674 32.3026375 -15.4610856 -7.2173407 -15.255904
0 -17.0117071 1.7780342 14.2449353 -13.3599734 53.5934155 -13.4664126 -12.3563117 -13.421981
0 -8.5906111 43.6424292 28.2502313 -15.3705914 -14.3454665 -15.6739776 -2.1752687 -15.736747
0 8.0612531 15.1272132 27.0649183 -15.6067834 5.0142515 -15.5015386 -8.5143827 -15.644931
0 44.0437501 -32.4572292 53.7586573 -14.6738074 -13.8687325 -14.0724236 -8.6852237 -14.044992
0 -18.6317641 -23.5590842 110.4836223 -14.5164044 -12.3871315 -14.0660806 -12.4972097 -14.825948
0 40.4239451 23.5634382 63.4526853 -23.0966354 -28.5759315 -23.1280976 -29.6929757 -22.946429
0 22.0162961 -2.7663042 -6.5381713 -6.0278764 -7.3233045 -6.2549586 13.6194147 -6.725097
0 -5.5426121 2.6296122 125.5620183 -22.5307784 -58.6522065 -21.6777986 1.8844157 -21.672645
0 13.9465811 -17.2854872 35.2627943 -7.4749824 -8.0954745 -7.2321346 -2.0479927 -7.073303
0 4.2566721 6.5640722 70.1163313 -20.4999134 -4.5387495 -20.0816916 -15.7207017 -20.096018
0 -9.2475521 17.3888242 -32.1634903 -3.1247344 22.6760235 -2.6504906 9.7885947 -2.667173
0 0.7261001 2.2775052 -13.4588933 -6.5807114 34.6841445 -6.6596136 -4.4068177 -6.581716
0 92.9041621 -30.6588842 -6.0420963 -14.9795684 5.5633505 -14.9117256 -16.8628437 -15.012395
0 1.5187461 -2.0386582 -1.9360233 0.0000004 2.5830065 0.0000006 -0.1270717 0.000000
0 12.1445541 9.0485602 24.7236123 -10.7898864 -4.7440255 -10.5071546 -9.4812337 -10.394428
0 12.0555811 -8.9019622 -7.8971353 -7.6952684 13.4302275 -7.4829056 14.2310617 -7.739599
0 32.3685361 1.5495692 -12.6801843 -9.9684044 14.9474855 -9.5651376 -7.1474547 -9.504412
0 13.9142171 -64.5180122 193.2018383 -43.7506764 6.3648035 -42.1429596 -21.1363657 -41.932841
0 19.2749651 -6.1787072 -2.4839213 -2.4608404 -0.9563895 -2.4606016 -2.4208477 -2.313660
0 17.0417391 -11.5610132 1.4834193 -3.4108424 8.9470815 -3.0830056 -6.3792577 -3.038121
0 15.4852451 0.3835982 -9.6567303 -2.7803414 5.1733785 -2.8072316 -2.9671427 -2.830777
0 11.7166651 -7.2147412 13.5643453 -4.6001974 -0.9958155 -4.5480556 -3.3764157 -4.545787
0 -4.0488601 4.4743552 40.8661513 -13.2565114 -1.9296365 -12.7167766 -0.6392027 -12.749517
0 -9.1850201 10.8191182 32.2077713 -11.5490904 9.6181805 -11.1278816 -9.6635877 -11.119490
0 -11.3826611 8.7871062 10.5597683 -18.7358134 45.5395885 -18.3541946 1.7459757 -18.159771
0 33.6792261 -3.7510322 32.4211423 -16.1876624 -10.7437615 -15.9018996 -3.2916177 -16.224394
0 23.5227141 -10.4649322 36.3536553 -21.9160374 32.1800485 -21.2441356 -17.3649387 -21.066375
0 1.9020561 0.1625132 6.3175623 -1.9286744 2.0036905 -1.8218256 -4.8353377 -1.799986
0 -20.3526731 -19.8325792 110.5650813 -18.6131364 0.3530905 -17.9390226 -16.0871097 -18.093649
0 -9.6515311 -16.2842692 47.6222553 -13.3567514 15.8475155 -13.2334946 2.1728987 -13.116622
0 32.2950961 -8.2118102 15.7182653 -26.6334874 37.7729655 -25.1488046 0.4891337 -26.281355
0 18.4881651 23.4457852 45.2907763 -49.1166134 79.9170635 -47.6674066 -23.4239617 -46.933804
0 -1.3885511 38.9717172 12.3869983 -21.6181684 30.8024425 -21.6497006 -15.5262467 -21.978490
0 12.2704651 2.5278352 15.1159723 -7.7567724 -3.1493105 -7.5065236 -3.8983907 -7.603278
0 9.3145161 25.2113732 -26.2301433 -4.9992814 10.1257355 -4.8856896 -3.6725217 -4.863992
0 51.6945011 8.4354192 -12.7334173 -11.6774314 -2.6110425 -11.6003596 -9.0316777 -12.475993
0 -9.7091301 -10.2069132 -5.8646163 -2.9668814 38.1536365 -2.9321046 -3.5035037 -2.970488
0 33.5171091 21.0235782 -13.1353413 -7.8806664 -29.0417475 -8.4894796 13.3445957 -9.338046
0 27.4736541 -18.2915482 129.8803463 -29.6189374 -27.9219515 -29.4082776 -21.9996757 -30.113608
0 44.6039651 -31.3313252 16.1901883 -18.7303954 29.0567005 -18.1226236 -3.8023017 -17.864211
0 35.4889911 6.3520452 71.6326323 -33.7013124 24.3482475 -32.9659626 -38.6105237 -32.544115
0 -0.8116731 -6.8730712 -3.7746753 -2.0900994 19.7528405 -1.9862676 -2.1814097 -2.035645
0 40.5060081 5.1429322 26.6161053 -14.5513184 -17.4773405 -13.9187806 -12.5601857 -13.757420
0 29.2283261 17.0560342 165.2258873 -36.1670234 -73.9824885 -35.7870656 -29.4362547 -36.137410
0 -2.5488621 20.4501652 22.6274623 -23.1383294 17.1681115 -21.6705746 8.3166847 -21.204658
0 67.1375311 -12.9777522 -23.2659173 -7.9276574 -10.2442935 -8.2090436 3.3061097 -7.818977
0 35.0025491 -0.5039262 37.1511753 -13.0078524 -13.1572025 -13.0323036 -19.1692507 -13.283190
0 9.1340541 23.9876552 -1.3467143 -11.7627524 3.7028505 -11.0888276 -1.3703397 -11.255925
0 -19.3277641 -7.1294222 25.7896613 -10.9242724 41.8134715 -10.7005926 -8.9371637 -10.583919
0 -1.0036871 -0.6798322 38.0804213 -12.9695504 15.3580145 -12.3910326 -13.9556657 -12.438666
0 16.4844871 -3.4160192 41.2798543 -19.8452784 21.5129865 -19.6501196 -16.1534737 -20.212436
0 -4.6341351 13.9859272 -20.3059063 -2.1256504 17.4332165 -1.9109386 -0.3120757 -2.130439
0 -1.9089671 -1.0494132 0.0000003 0.0000004 2.9583805 0.0000006 0.0000007 0.000000
0 13.4282621 -16.2143682 113.0665753 -37.8636984 33.8630965 -37.0350196 -32.6035307 -36.641310
0 52.1604161 -30.3010372 63.1413933 -27.8191534 27.7808045 -26.6661726 -31.7294907 -26.566760
0 37.2321041 10.7161832 26.5719233 -17.2525584 -3.7308215 -16.6903746 -20.0897597 -16.756697
0 52.4007141 1.7461162 -14.6920793 -8.9127894 -11.1416315 -9.0853306 -1.4142797 -8.900720
0 7.8013921 1.2509212 8.4762213 -7.8593024 -0.2491425 -7.6922796 5.8580187 -7.585830
0 -19.4935601 22.8130922 -16.4741423 -7.7694604 35.7700275 -6.9955956 -0.6989937 -7.151370
0 36.1081551 1.6234302 -15.3967063 -10.5225904 -0.2875555 -10.0047026 8.6593687 -10.179399
0 0.5665151 1.6177172 84.6063903 -24.4909974 -2.0201575 -24.2887776 -11.5314677 -24.459221
0 30.1070571 -9.4594392 1.9041343 -12.9927704 -6.6224195 -12.3872246 21.5368447 -12.086182
0 -20.3928521 -10.5487902 99.5643843 -25.2691714 13.5305755 -24.2969206 -7.6918177 -24.895406
0 -6.4069421 -16.4252962 60.9386713 -8.9716744 -3.0517355 -8.5889406 -8.9919477 -8.502136
0 8.9130171 1.4408072 4.4143173 -3.8932204 -3.4567925 -3.5149986 -0.3529817 -3.550150
0 13.5475781 7.8040132 -0.9545023 -14.1566564 9.5454415 -13.6347186 11.4848617 -13.636018
0 8.2179411 30.2939342 35.3480183 -22.4745234 5.9013485 -22.1707406 -13.1742377 -21.941739
0 -27.5630431 34.9460442 -32.8225503 -7.6792694 40.8133295 -7.4227646 7.0942587 -7.366004
0 -9.5724631 -0.1877762 7.4352253 -4.6496574 19.0800095 -4.3451066 -3.2760347 -4.484197
0 47.0737941 11.5279492 44.2696303 -26.2996374 -9.9922405 -26.0357236 -14.6310087 -25.912763
0 19.0629611 -4.7272042 17.2816643 -11.3489934 10.4054525 -11.0622406 -8.4412027 -11.170437
0 -41.3491271 -9.8328822 50.4370543 -19.6777344 78.6484145 -19.3187656 -19.0130557 -19.893903
0 41.2181541 16.7567582 54.4551313 -25.7082564 -10.8987705 -25.3582966 -24.1227127 -26.342004
0 9.6953741 -10.8173952 25.5539153 -5.4033714 -11.1486795 -5.4262126 2.9400187 -5.393650
0 31.2551491 -12.9256872 46.5164033 -19.6774964 5.7840475 -18.8418576 -13.3182927 -18.792268
0 -6.3894611 13.1096032 -10.6826643 -7.3632464 23.7892325 -7.6178256 2.2944407 -7.140078
0 -27.5234971 53.9149432 -12.8840043 -13.2944874 5.0936285 -13.3332896 21.1540027 -13.127293
0 0.9018491 -2.2795772 5.2793813 -5.5943504 14.7522525 -5.2876066 -2.6894297 -5.082521
0 2.2550811 8.0288242 32.3699073 -6.1171774 -15.8385735 -6.1725806 -8.3406477 -6.184834
0 36.6661421 35.0083792 6.2097793 -32.8618444 34.7533145 -31.8006536 -15.7509947 -32.224118
0 9.4887541 14.1795422 -12.4846943 -6.3580684 -6.4019375 -5.8062806 12.8267817 -5.444098
0 -13.2662581 -3.1646302 44.6402613 -8.8926574 5.2782825 -8.5523616 -7.4324587 -8.610178
0 47.8639851 -24.0465452 104.4029833 -30.6265014 -25.1592055 -30.3815706 -11.9345847 -30.118560
0 15.9502301 -7.6725322 6.8316533 -10.8621214 25.9717045 -10.5025806 -9.0229367 -10.693417
0 0.3204411 -1.5920702 35.4655543 -3.7966464 -16.1367425 -3.8973396 -6.4579687 -3.905230
0 3.7371281 4.3863472 67.5496643 -25.9117664 29.0992715 -25.9963206 -26.6869537 -26.177369
0 28.4956401 -1.8011622 -3.0207703 -11.3116374 13.1458665 -11.5555766 -2.6296277 -11.322733
0 28.0124331 10.9415692 -1.9413843 -12.2962044 7.6538755 -11.8276966 -8.2344787 -12.308115
0 22.4454471 30.3060202 57.4584113 -19.9588924 -28.5164755 -19.7799496 -22.0511497 -19.903410
0 21.6137751 1.4649582 -14.5762703 -4.3357224 5.5946705 -4.1193666 -1.6062367 -4.035810
0 1.2283311 0.8571702 44.7747373 -7.5284804 -12.0835955 -7.5459996 -12.2426687 -7.459496
0 26.3221261 -2.2747522 34.9362393 -15.3457504 4.6277295 -14.7985026 -18.5925947 -14.874495
0 21.3948161 5.4915932 -22.3278433 -8.2611154 24.3285645 -7.7028036 -5.0309177 -7.892295
0 25.9397211 -10.2931722 41.9993753 -33.8232244 74.3844735 -32.6362306 -32.8190217 -32.751919
0 14.7024561 33.5878072 100.6865013 -45.2098254 12.8059315 -44.5821896 -26.9872407 -45.003439
0 17.3826021 15.4679202 16.1055283 -16.9728814 14.8942955 -16.9709936 -12.6488057 -17.257664
0 -6.8521751 16.3721442 -9.4137383 -7.4682474 27.1415275 -7.0626956 -5.4978707 -7.218947
0 12.7618261 12.1057342 -10.2316833 -11.2933304 13.0310125 -10.7828586 5.6383667 -11.229065
0 39.7454691 17.1979822 78.7097883 -22.2708884 -37.4622435 -22.2790566 -31.6014187 -22.039633
0 20.1390781 -7.7676712 9.5174183 -7.2460194 0.3060415 -7.3676596 -0.3947587 -7.186430
0 -10.3688611 31.4524312 6.8192913 -7.1122114 -8.7168805 -7.0076636 1.7832647 -6.849371
0 -13.1482261 6.4589982 69.5397233 -16.2023584 -8.5138475 -15.4271456 -7.0230567 -15.684086
0 8.5552671 28.3624492 55.6433693 -18.7027974 -24.5861825 -17.8141076 -13.0818907 -18.376106
0 21.2091881 8.6751212 -7.2372223 -5.0233004 -10.5858475 -4.6631956 2.1597197 -4.534465
0 36.6004641 5.7038932 4.8809143 -15.2523584 -17.3142575 -14.6329196 14.4079157 -14.393650
0 4.8662771 -3.2085352 55.5407673 -19.6874914 19.6282575 -19.3283656 -18.6460627 -19.164846
0 0.0000001 0.0000002 0.0000003 0.0000004 0.0000005 0.0000006 0.0000007 0.000000
0 -18.5466731 38.9540822 2.5696363 -21.4442114 56.4538855 -21.1871676 -15.7322917 -21.067261
0 37.8588961 -4.6971222 -0.5638883 -11.7454574 14.4822065 -11.2249286 -13.2277827 -10.881928
0 1.5160721 -5.4400032 -13.9169243 -11.4190134 49.6528775 -11.0639576 1.3924297 -10.721480
0 -4.6689471 -1.0114302 37.6641863 -11.8377904 6.8113245 -10.0998356 -7.0446647 -9.812844
0 93.5696351 -12.5612462 -15.7135933 -17.3794864 -3.4046015 -17.7292056 -8.7146937 -18.066813
0 -16.4882031 6.6074622 40.2550283 -16.3678384 22.3811955 -15.9529556 -4.5637147 -15.870974
0 -24.0472621 7.1997902 8.3228093 -7.1656624 30.3309935 -7.0187816 -0.4439777 -7.177912
0 -3.7182141 11.8624522 15.2315153 -3.0732444 -16.6768965 -2.7994686 1.5899347 -2.416079
0 26.2716031 18.9322072 37.9131913 -13.8164684 -26.8552715 -13.5240346 -15.3311387 -13.590089
0 13.1500741 7.7176132 15.6132533 -7.0351384 -8.8728825 -6.8949726 -6.3186317 -7.359317
