0 11.4218221 5.4221282 27.4014493 3.6952564 -21.0436595 -13.5537866 -0.0889677 -13.254243
0 48.3672951 -12.5053092 3.0443293 -11.2544034 0.6503515 -10.0301956 -10.8993257 -7.372745
0 56.0013051 -2.3374422 22.2683023 -27.7683244 -0.8410655 -21.5388406 -15.2464957 -10.537444
0 -3.6694161 8.4977252 7.9343683 -4.8394824 -0.1465445 -4.2118386 -1.5085547 -2.056258
0 38.0540141 -20.4755182 35.5878363 -27.5768824 34.3754845 -15.9004286 -29.2124847 -14.852024
0 45.3399771 -34.4139772 8.6635323 -13.1402864 84.5205075 -28.9339376 -37.6107987 -24.425019
0 3.2559251 -17.1527882 55.7031133 -9.3244014 -0.9434765 -9.6143336 -14.9646217 -6.959420
0 23.4971591 -8.4745962 -11.7982603 -7.8321254 21.4921255 -6.5650506 -7.0645487 -3.254705
0 -2.3379241 7.0212072 -8.6815253 -8.1683454 8.0505075 -7.1463316 11.3250617 -0.062650
0 31.7621151 -10.9727992 35.3600533 -24.2412524 25.1724555 -17.0480356 -25.4544237 -14.578116
0 -4.0274611 12.1681532 3.0411853 -9.8433444 12.8272595 -8.4229436 -2.4034777 -3.339374
0 62.0963441 -52.0022082 127.1519313 -50.2538284 63.0121325 -47.5437006 -61.1216257 -41.339053
0 39.9008491 19.0094512 -2.3225463 -25.8594544 -6.1742085 -22.0204946 7.1831677 -9.716766
0 74.0975571 -12.1421952 7.6439983 -24.0914944 0.0702885 -22.1183296 -10.0255407 -13.434289
0 23.8824311 -20.1255142 51.2721143 8.0951144 -26.0897335 -11.3796466 -9.4302147 -16.224551
0 -17.5140881 26.6946132 -5.2803293 -5.4101384 12.2093735 -5.3966796 -2.0259357 -3.276819
0 7.5425041 25.9619922 25.5134663 -26.2542484 -6.9147025 -19.6184176 -0.1728227 -6.057776
0 22.2294381 -4.1098332 28.1802863 -15.6175184 2.0110575 -13.5490256 -9.5124777 -9.631929
0 21.0422711 37.3027682 -9.4448753 0.4990394 10.2945045 -18.5559836 -27.1153807 -14.022343
0 23.6369471 12.0832382 8.0912933 -9.7550804 -5.2099745 -9.1110226 -8.2013877 -11.534015
0 22.0029051 -19.4875722 64.7650073 -17.5565484 -4.1632015 -13.1407526 -13.2266427 -19.193200
0 23.7925031 11.7053192 3.1624533 -18.2548124 3.9162725 -10.5258666 -6.5676667 -7.228203
0 55.7415921 27.1383042 -15.0176573 -16.3915934 -29.0028815 -14.3200096 0.0309117 -8.178668
0 3.7624561 -0.5022032 0.0505233 -0.6704224 -1.5620445 0.0000006 -0.3868347 -0.691476
0 -21.1657351 29.1560992 -8.0922493 10.5848194 10.6209165 -12.7584446 0.8939757 -9.239380
0 22.8475241 -8.1804932 41.4400483 -18.7944814 3.3189235 -18.7655446 -13.2633827 -8.602596
0 32.6557801 13.1903482 -11.7716163 -13.7359134 -9.3134595 -11.9603496 6.8128097 -5.877602
0 -1.4138481 17.6248342 -13.6503783 0.0000004 -1.2396035 -0.8358656 -0.4851397 0.000000
0 25.4723121 -10.3797122 -4.6828773 -6.0196594 7.7804215 -5.1398656 -1.7983277 -5.232295
0 -15.0071451 -7.5992312 -7.4003293 -0.9757944 3.2296645 -1.2894876 19.1489267 9.893398
0 9.9954581 -4.0398062 2.4542883 -1.2068484 -0.9179635 -1.3181276 -2.8641707 -2.102832
0 33.8565551 7.2149032 -15.7021703 -3.4503784 -3.9453565 -3.2756486 -9.0212737 -5.676632
0 5.6871381 -8.0910152 -2.3832353 -2.7201284 -0.0978105 -1.7677876 8.3303317 1.042506
0 27.2619701 -5.5950212 -3.0817863 -16.6239924 22.9777235 -13.1931456 1.3386987 -13.084448
0 92.8249001 -15.6154242 -5.3640513 -48.1254804 57.2236995 -35.8932796 -12.6647057 -32.385667
0 30.7397811 0.7290992 60.0896413 -23.4957464 -42.8863205 -17.2892166 0.2471017 -8.134343
0 55.6256421 -15.5815972 15.2638963 -17.1290414 -6.7927615 -14.8735036 -1.7510787 -14.761560
0 -2.2366211 -1.9869612 7.5018763 -1.3736434 3.9203585 -0.0902136 -4.4435367 -1.291260
0 -7.3963371 16.3512812 -2.4039013 -14.3507904 3.2640655 -10.5779246 23.0316037 -7.917996
0 25.8085751 1.3602562 1.2901893 -9.3971974 -10.4410325 -7.4832806 -1.0567167 -0.080794
0 9.7542481 6.0495522 18.0177703 -11.0198264 14.6257075 -9.7493476 -16.6566907 -11.021413
0 13.9009721 3.5911032 -1.4709703 -1.5080504 -1.7014725 -1.8322316 -7.7169577 -3.262394
0 15.5088541 -1.5785062 8.2487143 -2.5658974 17.6792455 -18.3814136 -7.1069437 -11.804055
0 5.5368151 -13.5266962 -4.9036173 -13.8951324 59.4080105 -11.8893846 -13.5278667 -7.202133
0 34.1308571 18.2273442 -1.9373993 -9.3141124 -17.9505895 -9.5423506 -7.9455327 -5.668219
0 40.7825161 25.6493852 -14.5604233 -13.1558544 0.0640375 -13.1724136 -20.8650247 -4.742224
0 24.0548491 -18.3700402 1.9067143 -14.6551324 53.0495255 -14.3814926 -19.1470357 -12.457392
0 -4.0241001 -2.5497532 54.9283063 -16.3482614 9.9302595 -14.9177196 -24.1832717 -2.835461
0 46.2251061 -8.5921252 6.2272443 -22.0467244 14.8805615 -20.2920536 1.3952767 -17.797287
0 26.0998341 6.1297442 -15.2195283 -1.3673864 -5.1846355 -1.7420186 -6.0852987 -2.630713
0 51.3125211 -22.4474572 -4.5428813 -16.8708154 34.2622115 -14.6423146 -9.4475617 -17.623705
0 32.5534501 -14.0200652 35.1091893 -19.4733034 7.9119715 -12.1800676 -9.4113817 -20.489796
0 -2.7758741 26.2824932 -13.2174593 -12.7828064 28.9249135 -5.9165056 -15.7368697 -4.777894
0 22.7053611 -8.8274522 17.1044073 -3.5383834 -15.5625455 -3.7307916 -0.6484237 -7.502175
0 11.6003891 4.9219152 28.8912233 -8.4569474 -20.8596755 -7.5829976 1.2601347 -9.774042
0 39.8498341 16.2951952 -10.2860543 -16.7206944 -7.1540055 -12.9710986 -5.8348657 -3.178315
0 13.7084451 -11.4961412 21.6275003 -13.3266754 2.2352855 -11.6350806 5.5782647 -6.691598
0 -9.7692201 -0.1879852 -0.7654503 9.9023954 29.7895075 -6.8205936 -16.0857697 -6.062883
0 8.3570171 14.1795012 15.3746653 -15.7595644 12.4634775 -11.7300276 -22.4793327 -0.405737
0 39.8602131 -10.5667642 3.7628033 -7.1300024 -0.5327195 -6.1313146 -10.7972557 -8.464962
0 10.2860141 -12.9226562 37.9760223 -1.9481464 19.5657575 -11.6411196 -28.6921957 -12.623679
0 47.3511261 17.6155292 -9.9469273 -5.4535164 7.0849225 -21.8344566 -17.6731417 -17.143537
0 -10.0604691 -24.5209042 39.5628843 5.9353414 32.3696275 -11.6866126 -20.0245007 -11.575368
0 35.5521461 -3.5848352 -0.6453133 -9.7314214 4.0168245 -8.4016276 -9.4819187 -7.723856
0 72.1911421 -23.1653172 36.2550373 -19.5778814 -13.5629225 -18.5183296 -18.7146827 -14.907049
0 5.0536331 -7.8133872 11.0670333 -19.5375354 28.5942765 -17.6252316 16.3244307 -16.063222
0 26.8245171 3.0006032 32.6520053 -30.9604264 4.5306295 -22.8755866 -0.1128387 -13.058906
0 -8.9218061 4.4566192 -12.0501983 4.3049104 36.8769625 -12.8349116 2.1481407 -13.979717
0 52.2906961 -16.0801182 4.2714283 -23.3512274 52.7954075 -20.8999826 -26.6462747 -22.379933
0 0.3548281 -7.4323482 40.8009543 -11.0143234 -4.3870935 -5.5656586 -10.4969687 -2.259392
0 36.8160661 2.0413422 27.3113693 -38.5708064 60.5612645 -33.0876456 -16.9112447 -38.160349
0 18.5226921 -8.4397692 0.2744873 -20.8170354 43.5564995 -18.9718126 4.9303467 -19.055408
0 0.7746981 27.8442932 -8.4661643 -6.3115604 -4.0114835 -6.0297066 2.1740847 -5.974162
0 8.2511911 15.1791142 1.7866183 -9.4630864 -7.5410385 -8.0928486 2.8209627 -2.940914
0 18.0739091 -16.4962732 9.0382293 1.1235254 29.3339085 -9.6367006 -24.0265537 -7.410046
0 22.9915401 -0.5346472 1.7190143 -14.8990524 20.5484985 -14.5357566 -1.6424727 -13.647126
0 11.2102661 15.8593742 25.7767763 -15.1711784 8.6851825 -8.3717596 -26.5197077 -11.468956
0 101.0536881 -14.2327182 62.9030003 -29.0272574 33.9757095 -46.7628476 -57.6790427 -50.230536
0 33.2266471 -15.3924612 50.2181333 -16.2233964 -19.9241125 -15.0608686 -5.6490947 -11.194850
0 27.0495751 -1.7368732 27.5896783 -13.6282224 -5.5684875 -9.2348696 -9.1701187 -15.300684
0 68.8453221 -15.5502832 27.4656823 -30.6774314 14.4946675 -18.9163346 -38.0776157 -7.584010
0 25.8666751 1.2528412 -7.7327743 -18.4808244 7.8424465 -13.7979406 5.9010437 -0.851467
0 49.1688251 14.0038342 26.4763163 -21.1159544 -24.8312735 -18.8219726 -18.4537797 -6.425997
0 42.8631341 -11.6478762 -1.0489473 -7.3206074 8.7979385 -7.3024436 -15.0886507 -9.252549
0 22.4339781 -10.1154192 10.9040163 -6.5997344 6.5792125 -6.7856026 -8.4870597 -7.929393
0 51.7297321 5.0336382 3.1415473 -28.2019824 21.7740255 -17.2183306 -15.2487167 -21.009917
0 5.2084611 3.9500032 30.7485543 -21.8062374 12.4517835 -12.1622016 -7.1565007 -11.233866
0 8.4695941 1.8350272 13.2958653 -10.5954574 5.5943255 -6.2920096 -5.3901377 -6.917210
0 27.8233081 10.0951832 -6.4605613 -35.3572494 17.8116325 -27.6952836 17.3702737 -3.587305
0 0.0000001 0.0000002 0.0000003 0.0000004 0.0000005 0.0000006 0.0000007 0.000000
0 56.2261121 -10.8805002 -16.1676893 -26.1508054 75.0754655 -20.2372486 -33.8020757 -24.063260
0 -8.4470211 -0.5269372 6.5305513 -3.1771004 16.6476805 -2.7704386 -8.3735867 0.116850
0 19.7928381 -1.3250772 -11.0669113 -7.7533474 9.1687675 -5.8415106 5.0372997 -8.012060
0 44.7159471 -9.8281802 71.0502413 -34.2263794 3.6246255 -25.1735926 -37.4773357 -12.685331
0 57.4445981 5.1951512 51.0072383 -33.8954884 -16.8686045 -26.5230916 -25.3951807 -10.964629
0 32.2341531 -4.4937982 -11.1014383 -7.9450804 7.1835445 -6.6734956 -1.2426567 -7.961229
0 -17.6168141 5.9058882 4.1454393 -30.5633644 55.5647205 -22.3002616 20.0253237 -15.160934
0 -1.4128871 -1.5081252 -0.2297073 -0.1090144 -1.1868725 -0.1237816 4.9697507 -0.399365
0 14.7767111 -17.6052302 29.4422493 2.1921534 15.3129805 -13.7117606 -19.1234757 -11.283630
0 20.6140211 -13.9864862 25.1939543 -34.3589964 33.3063735 -24.3068196 14.6503257 -21.112375
0 20.2740211 -1.7741762 18.9626023 -14.2535624 -5.5365895 -8.8281286 -0.5622057 -8.281964
0 36.1818971 -14.0068862 20.2451003 -15.9597964 37.0759065 -28.2634676 -23.5586137 -11.714142
0 5.5328841 -5.5668552 -0.5531033 -24.2000334 66.7626365 -17.6377446 -10.5674597 -13.770328
0 33.1826711 -21.3540992 18.9490683 -16.4685004 30.1578665 -14.9020066 -13.7561457 -15.808856
0 -0.6922011 -0.8282292 1.0647223 0.0000004 5.2413025 -0.2490926 -2.9382067 -1.598297
0 46.7554931 1.9570622 -17.7734483 -10.7193614 -13.2005315 -9.4428076 8.5484597 -6.124866
0 0.0133521 47.5020652 -3.7703253 -10.7948114 -10.9841225 -10.0320486 -4.4136547 -7.520457
0 -9.8432381 -3.6501572 22.5633633 -20.9524894 52.6735375 -15.0192266 -18.6604097 -7.111382
0 29.0271591 9.5477252 0.7220173 -15.2885174 -6.7260705 -13.5862056 0.7357677 -4.431876
0 24.9616931 5.8979822 -6.5784083 -6.6362974 -1.1518495 -6.2273346 -5.3946167 -4.871170
0 19.6212671 14.5064192 -12.7907943 -3.3202214 -2.8574445 -3.9303006 -5.5210907 -5.707835
0 29.0581771 -4.6694302 -4.3800283 -14.8164954 13.8509175 -9.7039336 -3.2269017 -6.112310
0 39.4995811 -33.3958072 69.5903133 -40.9393904 64.8897085 -34.7174426 -29.3835007 -35.543467
0 25.3478111 -12.9731972 39.6251293 -28.2645314 21.8928275 -22.9294466 -7.7349007 -14.963696
0 1.1263371 -3.8538262 13.8912803 -8.5725264 7.3860435 -3.9775636 -0.9263447 -5.073402
0 39.0686211 -5.4363112 -31.2300253 -10.3883604 42.6452215 -9.2409276 -22.7937247 -2.624496
0 0.0000001 0.0000002 0.0000003 0.0000004 0.0000005 0.0000006 0.0000007 0.000000
0 5.0245331 -20.9231792 38.9349453 -10.9498074 47.5658525 -18.2870586 -26.7657707 -14.599518
0 -32.5100581 -23.8991022 47.3627893 -20.5296794 48.2564575 -14.3628646 13.7958107 -18.113354
0 36.1254691 -18.7697632 28.6191923 -32.0578424 53.0120145 -25.5943366 -22.6725317 -18.662207
0 74.6336661 -5.8722822 45.1348263 -17.1772704 -51.0155285 -31.8466846 -2.7959327 -11.060797
0 29.8502031 -16.1606062 7.4052363 -12.0682774 3.4580605 -6.4980416 3.2585787 -9.245154
0 32.6912921 5.8653302 -5.2868023 -4.5785894 -7.0645095 -4.8470846 -13.1851607 -3.594476
0 20.2512791 -9.7489872 17.8415523 -4.0336204 -9.4614925 -4.6529896 -1.6964437 -8.499300
0 15.6370841 19.5624792 5.1381313 -20.9217974 26.0459845 -15.8096276 -11.7290717 -17.923184
0 47.2004721 -16.9300092 7.2448983 -18.1234204 14.8120285 -12.8536986 -10.5886087 -10.761666
0 -2.8180761 14.2016702 17.7479243 -11.1578454 -2.8069845 -10.1953366 6.4228307 -11.394185
0 10.5422111 -9.1773212 17.3423763 -3.0764504 -9.2943165 -3.5488556 4.2625017 -7.050145
0 66.1356751 -3.7931172 -14.1095363 -19.9357004 24.6998885 -17.4510606 -35.8620097 0.315858
0 10.6174861 4.2661122 -4.8194533 -1.9737574 -5.7246555 -1.5080456 1.7278777 -2.585566
0 5.7098461 3.8184802 22.0454113 -10.2490524 -1.1137785 -9.4869946 1.4074627 -12.131375
0 -0.1157051 -10.3668802 5.2657523 -5.6535304 14.2757195 -3.4238606 2.3717807 -2.353275
0 34.8647321 -10.3781542 33.8409703 -13.1517314 -23.9606055 -10.4841926 -11.8903477 1.159325
0 103.4159401 -41.5001902 64.0429923 -37.7500154 69.9651965 -46.8760816 -70.3379407 -40.959905
0 4.6418941 3.7947252 23.6722533 -12.7202044 -10.6616105 -9.2706936 1.2007557 -0.657123
0 68.0080721 -0.6045842 20.4297173 -20.1009024 -24.5186045 -16.7905296 -21.3880437 -5.035128
0 -4.3197101 1.4286462 -2.6202823 -4.6662534 31.2128135 -3.5743386 -13.4722307 -3.988647
0 1.3511851 -16.9360852 37.1143493 -20.9410954 34.2678955 -10.8204026 -13.1356237 -10.900225
0 7.1213281 -11.7169452 11.7114963 -4.4425104 10.2173365 -4.1221336 -6.4204757 -2.348097
0 -22.4708341 -11.2791192 11.2096373 -7.0245634 19.4959855 -5.7570566 19.9600777 -4.134126
0 80.5104281 -20.0633712 7.2071813 -27.0071654 7.2121585 -18.4855276 -21.6024767 -7.771232
0 18.4128491 56.1500252 -9.3135603 -20.9815894 -3.9802555 -16.9236706 -11.6411767 -11.722626
0 2.3797221 -8.0548822 32.4915153 -11.3407364 8.2495455 -7.2788576 -5.1214897 -11.324818
0 57.9050161 -4.5051962 29.1262553 -37.5232094 40.1205785 -24.6055126 -37.9590457 -22.558890
0 107.2567571 16.0953262 -37.4620603 -18.6481834 16.3923635 -32.5837696 -18.1783547 -32.872083
0 -1.3006221 -1.9600152 -2.3034113 -0.0902134 6.2817585 0.0000006 -0.6274987 0.000000
0 16.2795301 4.2478192 41.9792243 -9.4666764 -29.7055975 -9.5569216 -6.8110367 -6.966343
0 18.2604711 0.3755262 -15.5907063 -7.2610274 12.0268905 -5.6946736 -1.3938817 -0.722601
0 25.2204701 -20.6196292 32.5471573 -21.9216144 40.2957555 -17.5809976 -17.8179117 -20.123234
0 20.3937421 -3.7517622 5.7006653 -3.9095334 -2.4371575 -2.4869106 -9.7122687 -3.796778
0 37.5820001 -34.2004622 -2.2038083 -18.3662384 23.7860475 -16.9117666 23.3352117 -13.020985
0 144.7277661 -21.3013892 5.4059133 -50.8210524 58.9164905 -44.7761226 -43.4205337 -48.731077
0 19.2586851 -6.6038972 -6.9313273 -16.3058974 28.7163695 -9.6722366 -2.3202257 -6.141474
0 23.3547111 17.2610532 -0.6815413 5.2050944 -17.0855415 -11.8707296 -6.9488697 -9.234176
0 8.8843111 -8.5378312 12.7419263 -6.2039724 13.9413425 -5.5576886 -8.4957397 -6.772350
0 15.2718881 0.8665862 66.1863843 -21.1645634 -31.6802665 -13.7806156 -5.3232887 -10.376130
0 0.0000001 0.0000002 0.0000003 0.0000004 0.0000005 0.0000006 0.0000007 0.000000
0 37.1991421 31.7870092 -25.7238083 -10.6088454 -8.1245625 -8.4690406 -12.1956357 -3.864261
0 -8.9988091 21.7770552 -3.5789723 -2.9877444 12.0351905 -3.1073636 -9.8931327 -5.246226
0 -22.5688641 5.2797152 9.6962353 -7.4176034 24.2691865 -5.5000856 0.7117177 -4.470301
0 -5.4518211 -10.6933642 3.1713503 12.8187044 19.7838305 -4.7160896 -11.6212247 -3.291386
0 -20.0797011 9.6381572 -5.9736403 -7.2668264 34.9107695 -5.8122746 -1.5113137 -3.905172
0 14.2295551 1.4441992 -4.3644433 -4.4940344 13.2610085 -4.4222446 -13.3944907 -2.259550
0 34.2970911 22.9645032 24.0195333 -18.7490794 -0.6575895 -28.4354256 -20.1541297 -13.284906
0 24.2969851 0.5802212 -21.0389763 -7.6355364 7.7896335 -6.0003896 4.0302287 -2.022166
0 15.7864811 -5.5789582 -0.3570063 -5.9798994 5.8399245 -5.2300786 0.6891577 -5.169624
0 71.8976871 -7.8418602 19.5515143 -2.9213494 -28.2470895 -16.6689716 -26.2654097 -9.504526
0 14.9759061 5.2884502 -4.8002563 -8.0786064 3.9596415 -6.6866546 -0.9433437 -3.715141
0 8.3387561 2.9757752 38.0168233 -2.8035564 2.2361945 -15.0201736 -18.2109377 -15.532884
0 62.8878251 26.0163192 11.2439203 -22.2960894 -23.9506965 -20.3889566 -24.3257607 -9.186562
0 10.5511601 -10.0510302 -10.3175943 -2.8103414 5.6502525 -1.7677876 7.7028337 1.042506
0 27.0744351 24.3738882 -9.9407183 -9.4436494 -13.5678315 -9.3308856 -2.5648487 -6.600393
0 11.8958711 -3.5881062 5.6635853 -2.5508104 -11.1617945 -1.4627846 -2.4919227 3.695958
0 -11.8824341 52.5857612 -9.2393423 -3.8354704 -15.2275735 -3.8400276 -6.1002147 -2.460703
0 -4.1528901 -2.8042662 15.7571993 11.9185344 -9.4200235 -4.2459336 -3.3272237 -3.725400
0 -2.3809311 -13.3422422 31.3152123 -6.8239354 13.8006215 -6.5379126 -8.4032767 -7.627538
0 -17.0686131 -9.8194732 16.3651673 -14.5618804 44.3359325 -8.3032876 -4.0092647 -6.938583
0 22.8241561 -32.7627042 32.6557563 10.5881924 10.7378495 -17.5848346 -8.0791817 -18.379236
0 10.3920581 13.9225042 -8.7729963 -7.6800814 3.5653985 -6.4961626 2.6649037 -7.595626
0 -28.1479241 -2.0536842 7.8056793 -15.6656734 25.2182845 -8.3082766 10.5332147 10.618380
0 22.5371191 17.8119712 -23.6869893 -2.2939824 -3.6602415 -2.2299286 -10.2395237 1.761573
0 71.7644131 -37.7039322 32.7695003 -32.5158834 12.5836925 -20.9808646 -7.7338137 -18.183117
0 -11.7064331 -11.9710322 14.7901763 -15.5065674 44.3359325 -8.3032876 -4.0092647 -7.629525
0 -3.1443731 10.6904542 28.3151593 0.8709504 -7.7829935 -9.9886496 -9.7739787 -9.186569
0 22.8452111 -11.7065942 71.5572433 -35.2524974 6.0472435 -19.6668616 -10.4122217 -23.411529
0 24.3073031 -10.9037232 -12.0020353 -17.5846424 21.5974575 -13.8883826 8.9149407 -0.440918
0 41.7257171 -8.2897802 8.8328363 -39.3510924 83.6056785 -29.0770426 -28.1978367 -29.248485
0 115.6334191 -10.8428132 -0.5729753 -33.6691214 26.6042205 -33.7199286 -47.5181267 -15.914676
0 -2.2596251 -5.7849282 -0.3189493 -7.2395364 37.7592655 -6.4725676 -15.7397707 0.056110
0 25.0944661 -7.0058552 -14.4668433 -4.8031214 1.0918275 -3.3014176 5.3943557 -2.003412
0 32.6926441 9.5465732 4.5749003 -20.6244334 13.6238665 -14.4248206 -15.9033277 -9.485408
0 14.2295551 1.4441992 -4.3644433 -4.4940344 13.2610085 -4.4222446 -13.3944907 -2.259550
0 26.3187491 -8.4796082 11.9306103 -10.1583724 -16.2746005 -8.8310746 6.1833907 -0.689095
0 4.7294261 1.0693882 10.9385573 -4.8274604 -3.6175275 -3.7307916 -2.4507797 -2.110815
0 17.9672481 -3.2120282 -4.3931513 5.7228854 29.7914295 -12.9082716 -15.8506487 -17.117466
0 17.6403131 -13.0701392 -11.6321953 -12.1303314 37.9960645 -9.7324706 1.6767697 -10.748013
0 -21.1695291 -7.4737732 8.6967233 -6.4441884 33.1140735 -5.0231306 1.5655067 -3.265682
0 24.9831261 6.8479992 -6.5672603 -4.3782554 -4.2488025 -4.5603326 -6.2994157 -5.777060
0 21.6608681 -12.0946882 32.3732373 -12.4971324 -0.7806805 -8.5067716 -6.9814977 -13.173337
0 9.9484281 -9.5959252 6.0539013 13.3945424 -9.5317555 -3.4986476 -6.8039537 0.033409
0 -2.9068001 -0.3659772 37.9180593 -17.4311954 16.5979945 -7.0912526 -20.3238957 -6.396937
0 3.7425951 25.6549882 -5.6930603 -10.9977404 11.5671835 -5.9165056 -7.4974537 -10.860007
0 6.5667461 7.3353392 -17.0450173 13.1212084 -9.2513085 -9.6995416 17.2073897 -8.234816
0 149.9879171 -10.5043922 -1.1179783 -37.8033164 -48.6194765 -28.9124606 -9.8093477 -13.220952
0 38.2875831 -11.1564592 -8.3177643 -6.7225394 12.9452335 -6.8210626 -9.9941377 -8.220853
0 22.6941051 -1.6480312 -5.4953263 -1.8961474 -9.7556845 -0.8421086 -0.3868347 -2.669975
0 0.7266371 -16.7207062 10.6455483 -1.3519664 34.7056645 -12.7987906 0.6812177 -15.887605
0 -17.8151441 -7.4737732 2.0032953 -6.0983674 34.2112085 -4.4495046 1.8868307 -2.264546
0 18.7832171 -0.3428382 10.0285333 -18.4491604 41.8826575 -12.7466456 -27.2003077 -11.955458
0 21.4556521 11.2547092 -13.9366043 -2.2939824 -3.4426635 -2.0477356 -7.1612657 -3.828112
0 32.6125141 -7.9237102 34.3910183 -16.6156504 2.6227695 -11.9953176 -22.4764907 -10.615135
0 17.5129871 -25.3494492 35.8240013 -15.5887804 45.0032395 -25.2745536 -34.0072777 1.879831
0 5.4768521 6.8428222 46.7604533 -30.4628594 16.0767195 -21.2998926 -5.6540817 -17.740017
0 17.4853301 27.7083862 34.6686433 -17.9347844 -5.5068755 -15.2924856 -24.0931957 -17.035021
0 24.0676431 0.3545142 30.5381213 -14.5846754 -24.9493145 -12.4692866 5.0784987 -8.035502
0 60.4463291 -46.0223822 79.5247273 -47.0992074 77.9451525 -38.4546806 -51.9837937 -34.356147
0 14.0890991 -0.5808412 26.0602683 -7.9248774 -22.3432305 -8.4361036 8.7280657 -9.592382
0 24.3615271 -18.4826052 5.8927023 -15.4335404 30.4347895 -13.6947456 2.4022837 -15.480412
0 1.2225481 15.9764452 -7.7883103 -2.8260974 1.3343385 -2.1045056 -3.0429227 -2.771497
0 95.6795471 -14.1205802 -4.0160783 -37.7452284 25.3688885 -29.8793646 -6.9388467 -28.348343
0 20.9282221 1.8308082 20.8712773 -15.0792394 -23.7161715 -13.4094906 17.5231467 -8.948553
0 -1.4181231 -7.0415712 11.8583363 -1.3645364 -0.6783425 -0.7065696 0.5130877 -1.162282
0 26.7532621 -22.1277532 30.8666133 -22.0306274 38.2250805 -17.7047776 -13.4592007 -20.522599
0 118.3678981 1.3476602 -14.9602273 -39.1758374 32.5674975 -38.1320826 -25.6063557 -34.408556
0 -1.7751971 -2.9915942 10.6960283 -0.1594664 -7.4337635 -0.2139946 2.7487267 -0.870741
0 0.0000001 0.0000002 0.0000003 0.0000004 0.0000005 0.0000006 0.0000007 0.000000
0 -10.7288111 17.9606722 -6.1259233 -0.1090144 -1.6220285 -0.4881686 2.2818677 -1.168596
0 23.4678441 -14.5743832 27.8243063 -9.5709254 -3.3464525 -8.5549336 -10.4480347 -4.797422
0 43.2513551 0.6139272 11.9786623 -18.9101694 -18.5978795 -15.3879626 10.0022717 -12.950206
0 8.0426531 -4.0178312 24.1910783 -5.9510974 20.1477835 -14.1980646 -13.3181097 -14.896415
0 0.0000001 0.0000002 0.0000003 0.0000004 0.0000005 0.0000006 0.0000007 0.000000
0 13.5287591 -4.7325382 -2.5902203 -0.3776314 -3.0677485 -0.6114336 -1.1373427 -1.011846
0 5.8052411 -10.0243132 2.3796413 -6.5015494 25.6627405 -6.2020986 -5.2804347 -5.839227
0 -20.7033101 33.8069402 11.5673353 -8.1121984 3.1947025 -5.3681246 -9.2856637 -5.099682
0 -1.2887741 -10.3295182 37.1919983 -14.7976094 19.2909105 -13.6880376 -6.4337277 -9.945244
0 -8.2372901 16.4998952 -16.6782543 -4.3624134 21.3063655 -3.6965036 2.6190257 -7.450823
0 47.0398111 -29.8192392 -22.2467913 -15.2531734 49.1113025 -12.4112036 -9.4050907 -7.015619
0 21.9809731 10.1021782 25.4321263 -9.8875384 -28.5733895 -10.6843886 3.9384437 -12.308406
0 21.1991491 1.1574342 15.3811933 -16.0573364 61.9800305 -29.3203556 -25.4557127 -28.884404
0 26.7749331 -5.3742632 -10.6015433 -6.2365964 1.1926665 -5.4455816 5.9052607 -6.214877
0 29.9480531 -1.4962052 -7.5337013 -9.5493284 0.3361875 -9.2142896 5.2792197 -7.769936
0 9.1749091 4.1554412 -2.9618293 -5.9125394 7.1653125 -5.4122726 -0.6547847 -5.554239
0 30.7670941 -3.3621372 26.3681403 -13.1728294 -22.1460685 -12.0630356 1.3865157 -7.777680
0 58.8115881 21.8848192 23.3729793 -32.7769654 -20.4432325 -28.2594166 -8.6124407 -13.977336
0 14.0389831 0.3755262 -10.3307123 -7.3114794 12.3875245 -5.7848866 -2.3980437 -0.976913
0 42.9057631 -10.0645612 -1.2923193 -6.1137594 -1.8038215 -5.5576886 -11.3012657 -6.772350
0 10.2830131 -4.6471302 15.2671833 -4.9171064 -5.6505215 -4.4119246 -2.7963367 -3.127178
0 23.4319221 -10.2173882 20.5681543 -21.5971414 33.9215985 -12.4672196 -18.9831057 -14.656824
0 -1.7751971 -2.9915942 10.6960283 -0.1594664 -7.4337635 -0.2139946 2.7487267 -0.870741
0 35.9055701 5.7115192 25.3084613 -15.5223074 -5.9791115 -11.6250516 -15.2473247 -18.551758
0 -5.6996591 -1.0565452 -0.5655523 -14.6842534 24.2524515 -12.9687566 23.8416807 -13.119367
0 6.9462771 28.3738172 -21.6325743 -3.6557024 2.4611085 -1.7570066 -11.2414097 0.505490
0 2.9328211 2.2012342 7.5397393 -9.3607594 6.7620385 -4.2499706 -5.3955987 -0.429505
0 28.3327841 -25.1935462 16.8057113 -15.6239024 36.8459555 -13.7811476 -12.8950927 -14.490761
0 -0.0829791 -5.4875612 8.2290323 -5.0675114 6.0394485 -4.2629126 2.5286307 -1.896149
0 30.8927091 5.0342912 -5.9503473 -9.2281384 -7.3520015 -7.9654186 -3.1591717 -2.271926
0 -1.2009131 -8.3535202 14.7521883 7.4818404 11.7547625 -5.8896466 -10.2081267 -8.336586
0 -22.4554051 -4.2763972 15.3245303 -8.3627854 32.0422915 -5.3087456 -3.6869447 -3.276545
0 38.1337401 -11.1911982 7.0709103 -7.0720774 -1.3273255 -6.7856026 -10.5535847 -8.274864
0 -27.7307841 34.9177092 1.9822203 -9.1461054 13.8323555 -8.4767976 1.7838907 -7.162487
0 -1.3227521 -17.2479762 55.3204773 -5.3591784 -17.1840445 -16.0297586 12.9159667 -11.092737
0 33.3333711 -28.0721612 -0.4078603 -18.1536684 35.2245425 -15.7116246 9.5066197 -15.719219
0 29.4316931 -8.5269672 8.8928353 -18.4009774 26.6260425 -17.9556856 2.0642517 -22.131193
0 7.5496641 3.0721902 17.1772943 -4.5246944 -8.9068925 -3.8210046 -1.7525907 -8.793969
0 15.0350601 5.2961892 18.1107023 -7.6056954 -14.7719985 -6.7054726 -7.3506117 -2.008175
0 7.9678621 20.7826222 -7.9490703 6.4777854 4.6323875 -8.3939976 -13.6225057 -9.895083
0 13.9813991 12.5139512 -11.6557273 -4.2983114 4.0952295 -4.4445356 -5.5772497 -4.614756
0 10.8830641 -17.8642792 27.4669243 -23.2130004 39.3331085 -16.3206146 -1.6338037 -18.651401
0 10.0330751 -6.0756132 12.6695823 -5.4433374 7.0819055 -5.5576886 -6.6270517 -6.080873
0 10.0308861 -3.3320162 11.4974473 -11.1028314 -25.3171205 -8.1752216 30.5512127 -4.152358
0 12.2637131 -14.9518922 50.2786033 -23.3035184 33.3372285 -18.1871386 -24.0131077 -15.423890
0 21.3461221 -9.6401622 18.3335493 -7.2127424 3.6401325 -6.8758146 -11.0619077 -8.529177
0 82.1815281 -37.2046572 -24.6908123 -25.8761874 50.3974495 -23.3967746 -4.4103857 -17.000162
0 0.4249771 31.8261892 -20.1110383 -0.8152404 -5.2279705 -2.1986356 -2.8457087 -1.052574
0 77.5626471 -24.2242182 52.1171053 -36.3630964 25.4283185 -26.8126706 -50.9497597 -16.758330
0 7.6004311 10.9540132 22.1191193 -12.2500974 -9.0351335 -11.9445526 2.1479127 -9.591694
0 3.1010931 -20.6425732 36.6935773 -15.0094184 24.0330395 -10.2647996 -5.2878957 -12.623025
0 7.4263121 2.7578162 26.7517533 -18.7730944 11.9610775 -16.9258786 -3.4546177 -9.743369
0 21.9388601 -5.5259872 -8.1555893 -4.6701164 13.6721525 -4.7596546 -7.1909167 -5.308750
0 32.5700191 2.1066672 21.2698113 -13.3123734 -6.7524475 -9.8695416 -11.7862257 -14.225911
0 15.5323611 -6.6902112 25.7624803 -10.0533834 -23.1498905 -9.2882586 -11.5793867 19.466286
0 16.2373951 -9.4534062 0.0616423 8.9972034 3.4445575 -7.6954386 -0.9459547 -10.646000
0 34.0578781 -24.6623312 40.7869403 -27.4773324 29.2090955 -19.8496766 -8.1788677 -23.885708
0 51.8592731 -20.4503392 63.2004293 -23.3551024 -23.7669195 -23.1416836 -1.0800717 -23.265591
0 11.9071441 -12.5955762 -7.0245063 -6.8282174 24.6109525 -4.8821166 -1.5752147 -3.612466
0 24.4911261 -18.0051372 52.3884653 -23.5602204 24.9799255 -17.5893636 -24.1699197 -18.534876
0 45.9183331 -19.5442932 17.7912703 -3.5241024 15.9774865 -20.9242156 -20.0365707 -15.657911
0 5.8213161 5.2208692 -0.7209663 1.3993164 33.0059055 -16.1317796 -16.7283507 -11.866312
0 41.2931561 7.4088552 5.8704923 -9.3170374 -17.8497555 -7.9909216 -11.6612217 -7.753569
0 16.5298211 -6.7303972 47.8290213 -10.8923144 -28.3045885 -11.8611776 9.6727957 -16.243162
0 40.6064371 -8.9498662 11.8803643 -13.2159334 -4.7210385 -13.1024496 -2.3460327 -10.151484
0 34.8509391 -14.6225052 60.9796813 -27.3390294 19.9891395 -22.2898036 -33.5065177 -18.061909
0 0.3022581 -1.5688212 17.0224603 -8.2399584 -4.1968745 -8.7358366 15.6522747 -10.235503
0 32.5993471 2.0394352 -2.2005013 -4.5886184 -16.0545775 -3.2048026 -8.9640537 0.373769
0 7.6930391 -3.1771362 -7.1455633 -0.0673594 -1.5429665 0.0000006 -1.7343177 5.974301
0 15.7534811 -2.0529282 18.6314873 -6.1739504 0.0392805 -3.5952426 -16.5120387 -6.090090
0 11.2887421 -11.5230222 31.7042473 -11.5399634 0.8304085 -7.4026386 -1.6335937 -11.724182
0 31.1310821 -3.2873962 37.7506133 -17.7869214 -23.2218755 -15.5365466 -0.0604037 -8.988556
0 42.2395161 -19.0622892 15.7658563 9.1104454 -13.4305845 -8.1633516 -12.0978747 -14.361718
0 18.3966151 -7.5464482 36.6743673 -28.0635774 29.2376005 -17.3360606 -20.5484147 -10.814086
0 64.3714281 -27.5343592 45.6756813 -28.5535934 15.2072525 -23.9556486 -26.1544697 -19.056294
0 31.3876221 -4.8460352 -7.0940253 -5.6576334 4.1275785 -5.1555836 -5.5538247 -7.208100
0 16.2383161 -5.5789582 -4.2335753 -5.8620874 7.7981605 -5.1398656 1.6933197 -4.915311
0 92.5836431 -25.3967522 11.1399133 -16.2823924 -26.8485915 -14.0423356 -8.0035657 -13.149924
0 23.1218331 -1.3221662 2.2788543 -12.3479464 11.6198795 -8.7169116 -7.1811767 -7.452367
0 22.6998561 9.2739882 -11.5971603 -16.2026934 14.3594075 -16.0162806 9.7403787 -12.257497
0 10.2351971 -32.1324772 51.8583313 -10.5257354 35.6087095 -18.0491276 -17.3992457 -19.595655
0 72.0063311 34.6338402 -26.8307713 -35.7996034 0.0503565 -33.6978916 14.0860507 -24.448313
0 -4.2574821 -3.2087502 -2.0256993 18.4976134 2.1253155 -2.1260766 -6.0316677 -2.973254
0 12.7227071 -4.7494402 -7.7594393 -6.3344314 11.3526745 -5.3889576 -0.3179147 0.474799
0 29.3227101 -15.1604522 40.5069383 -17.1590374 7.3251065 -13.1330186 -19.8383777 -11.863871
0 10.9319591 -19.7800942 32.7161683 -22.9001224 33.6284435 -16.5346086 1.1149227 -19.176670
0 59.4315711 10.0760092 35.1682573 -31.5085024 -32.2635945 -25.4509126 -17.1301477 1.677316
0 -1.4138481 17.6248342 -13.6503783 0.0000004 -1.2396035 -0.8358656 -0.4851397 0.000000
0 0.6197461 -2.3457012 16.0507013 -8.4635124 8.5626795 -3.8537836 -5.8960947 -4.674037
0 5.6238651 -16.2819502 25.4099933 -11.2399544 11.0033565 -9.6925816 1.0425247 -5.865253
0 12.7312371 -4.5620772 4.3523353 -8.5071944 -8.1456415 -7.4785276 18.7215747 -7.111708
0 52.6601631 -17.9782132 -6.5348333 -13.7241914 28.2809455 -11.6942956 -34.7111657 3.701588
0 9.5164431 2.9322232 22.9623243 -7.7564364 -16.6485665 -7.8797106 5.4102947 -8.536573
0 -14.7796241 -16.4102502 13.7774323 -17.9636884 70.3844715 -12.4836936 -14.9690767 -7.555574
0 7.8548841 12.3565642 7.5639253 -8.1290584 5.5942925 -7.2034956 -14.2656877 -3.771427
0 11.8958711 -3.5881062 5.6635853 -2.5508104 -11.1617945 -1.4627846 -2.4919227 3.695958
0 80.5548091 -0.9077232 8.5059573 -40.1013674 36.3581895 -37.1390536 -17.2216397 -30.049174
0 -3.8955821 7.9046702 -17.3851773 -5.7380454 33.2787135 -4.3151976 -0.4774647 -9.371919
0 -19.4582881 27.1352252 19.7471873 -21.5226974 67.0341355 -20.8646856 -25.7948297 -26.276050
0 2.2722121 -6.1944802 28.4618343 -2.9366524 -11.2126085 -3.8576866 0.7746057 -7.307225
0 20.7225261 -2.5575142 -5.5306483 -22.3846974 49.2072765 -15.3478716 -3.2834237 -20.825651
0 20.4803011 -11.3417692 56.1009223 -13.7311564 -29.8360275 -11.4826526 4.4500677 -14.639688
0 3.5151901 -12.6944852 19.6291213 -11.7748744 29.2489015 -12.1953286 -8.6926717 -7.035855
0 -1.7751971 -2.9915942 10.6960283 -0.1594664 -7.4337635 -0.2139946 2.7487267 -0.870741
0 6.7812501 14.1004762 -0.4333843 -7.2546754 4.5939935 -6.8051486 -1.5074557 -9.475056
0 14.5576051 -5.5362642 31.2868033 -31.4143494 32.5294615 -21.4760736 -9.7010337 -10.246152
0 73.7072781 -38.1243822 -2.0777283 -6.5264724 48.8532585 -24.2684646 -28.9771357 -22.586355
0 18.4776531 2.0260282 34.0876833 -18.0033744 5.9854045 -12.1704386 -14.7057697 -15.697189
0 63.8716581 -42.8702852 40.8851483 -38.5688864 88.5186245 -35.5530346 -43.6924887 -32.590742
0 -3.0263831 48.7211882 26.3873283 -46.3761744 61.5277205 -33.4465686 -20.0753027 -33.711812
0 145.5075211 -26.2941112 -36.2410113 -33.7071224 25.0964195 -28.5277116 -22.4714177 -23.362572
0 -0.7394111 4.2874372 14.2593763 -8.2333184 9.1895805 -6.4086516 -11.0712707 -1.283743
0 6.1087111 -4.4972602 12.7868813 -9.4082004 10.1247235 -3.8537836 -5.8960947 -5.364980
0 6.6442411 -4.1091892 11.9160393 -6.3406424 8.4077095 -5.9536176 -2.2673357 -8.297208
0 13.0311121 -17.7112792 42.1252003 -18.2800574 19.5230905 -12.8365456 -13.8377257 -12.013797
0 30.0775901 -33.8728402 62.7662123 -3.6259054 19.1220015 -21.3182956 -31.5816897 -21.567076
0 20.0531291 14.7341352 -9.2853073 -14.6911204 1.2022025 -11.3978086 -1.4689847 0.853753
0 6.6231961 -8.8886342 31.9556603 -20.5594544 31.8795315 -18.9878086 -5.3478527 -16.674641
0 78.8800621 -15.0646812 -5.4631923 -25.4470934 10.9174285 -21.5076566 -4.3065287 -18.008343
0 47.0859991 -10.9069922 10.2633493 -9.5345734 -2.1071955 -7.6448426 -17.5228787 -9.632868
0 26.1939321 11.8366572 25.1497933 -19.4638864 -28.5544305 -16.9239226 11.3661667 -9.604310
0 -12.7740261 24.7468952 63.0273623 -26.0733754 -17.5012945 -24.7961576 6.0395447 -12.668951
0 21.7676181 -7.3338102 21.9825963 -12.3048784 1.6530195 -10.8656526 -5.1906147 -9.708280
0 -5.5961011 20.6660102 44.1967773 -19.9124274 -18.9243955 -14.5991386 5.7779637 -11.608692
0 28.0377371 -20.2710722 30.5485783 -11.4867504 -14.3083325 -9.0924646 -0.6147647 -2.812934
0 19.4953941 13.9675792 -17.9609463 -10.2649924 21.5621785 -6.5777616 -12.5273157 -7.694140
0 36.9184031 -17.6961862 28.4015443 -20.1553074 0.2898185 -13.4131506 -12.7766057 -1.568519
0 8.2751511 8.4422502 -12.9766133 -8.4936044 7.2330395 -5.7117166 5.0295597 -1.798067
0 43.4019361 18.9346662 -14.1798993 -13.0254074 3.0812815 -13.2454666 -15.1441257 -9.822987
0 -7.8267531 -10.4574242 15.8727723 -5.9391564 13.4882735 -5.1943546 9.3431307 -9.286489
0 -8.0861431 20.7110132 -9.3196903 -1.3233354 9.7354495 -1.4512906 -6.5769987 -3.689005
0 24.3615271 -18.4826052 5.8927023 -15.4335404 30.4347895 -13.6947456 2.4022837 -15.480412
0 23.4319221 -10.2173882 20.5681543 -21.5971414 33.9215985 -12.4672196 -18.9831057 -14.656824
0 2.7649661 8.9729812 11.4783423 -5.1066704 -8.9642115 -3.7284256 -3.7620777 -1.654906
0 2.2796651 25.1729512 9.5494403 -15.1349834 12.9745425 -9.1923776 -14.2588197 -11.390420
0 49.8685281 -10.3975282 -8.7832523 -10.2422144 5.2695695 -8.5234116 -6.8656267 -10.326067
0 34.1334391 -39.1764592 25.7189233 -27.6093564 45.5465795 -21.5609826 -9.7839397 -7.268206
0 62.8022971 -2.2165092 0.7114263 -14.7768594 -13.9959285 -12.1925726 -12.9797907 -7.352065
0 23.3905011 -21.1841502 47.9956373 -14.2268044 -6.5268885 -10.8165356 -5.2147667 -13.416996
0 70.4862601 2.8112682 -41.9448843 -14.7713254 17.4401785 -11.9304196 -10.9513137 -11.139763
0 49.1022771 -0.3763772 -13.7323483 -12.5472654 10.3992235 -9.6410676 -11.9751717 -11.229273
0 -17.2470271 1.0239522 9.5790193 -10.5920294 27.9438685 -8.0877176 0.6996017 -3.319667
0 -4.3953671 -14.5485722 75.0782663 -17.5718274 2.0128815 -13.0508866 -12.6366227 -14.887875
0 23.8128581 8.0437322 -6.9758933 -11.2823454 3.2231495 -9.0837946 -0.5698787 -7.167832
0 9.3193651 -13.5659052 61.5666253 -22.9238934 12.4189115 -15.9901666 -13.9089067 -16.916033
0 23.7364411 -20.8082662 48.6188853 -19.8680314 6.2560785 -18.6402186 -3.5774127 -15.717478
0 -21.7658801 -17.6709992 8.8560973 -17.8773434 81.2096065 -11.7158586 -13.9622817 -7.073343
0 35.1073671 4.0620472 -38.9005863 -15.7668034 28.8525515 -10.9378596 -6.6993817 4.282665
0 30.6028491 -13.7887932 17.4063813 -5.1900164 -9.8562875 -5.8809036 -2.9454117 -10.347819
0 2.7531351 -2.0498172 -6.0687153 -0.0673594 5.4327575 0.0000006 -0.0000007 0.000000
0 -12.2790651 5.7094962 9.6257913 -7.4653814 6.7108555 -5.4074916 6.7966257 -3.690830
0 64.3676991 -10.8026862 21.6242963 -45.8117694 71.3242965 -32.8220136 -34.8260027 -33.053829
0 29.9821881 -21.7164412 58.8450973 -29.3622074 34.3936395 -19.7572396 -35.6185127 -16.766529
0 35.9133611 16.7115462 -20.6719623 -6.7659074 4.5652395 -8.2713466 -15.4845317 -5.996400
0 -6.6207651 -15.9769462 36.8829613 -6.1227284 4.8216865 -6.9705236 2.1542147 -8.167900
0 -33.2067801 32.2310942 -3.0965283 -8.7033594 7.7313545 -8.2828736 21.0826197 -7.755527
0 57.9921861 -15.1687332 16.8775863 -19.1774064 17.6288955 -17.4338146 -26.8645487 -13.854166
0 19.0638291 15.6654452 -18.1001413 -6.7837834 3.8664995 -5.0189276 -3.0621687 -5.630754
0 10.6473821 -2.6993322 9.0067713 -2.0957914 -7.6497325 -2.4936336 -5.4552247 0.739559
0 91.7477981 -28.9734172 -17.2328423 -0.7820314 2.7345855 -14.7298296 -29.5378187 -3.226446
0 36.0200291 -10.3388582 38.8939883 -13.1998824 1.5180265 -24.0890516 -12.8858037 -15.918451
0 -21.3195211 -12.1593172 4.7843293 -9.2250164 52.3650005 -7.1297306 -5.4223627 -1.893383
0 35.2640901 -21.2168392 26.9564913 -19.5522974 0.3899325 -12.9477576 -1.2606277 -7.632996
0 37.3453981 -12.6616882 16.4930033 -13.6458884 2.5555025 -12.4712256 -9.3034617 -8.311642
0 15.3459211 -17.5449192 26.9091813 -11.8827704 10.1341895 -8.2468896 0.0819367 -14.796651
0 -19.6831561 7.4538382 0.2975623 -8.1638304 31.0756905 -6.5540096 -0.0815297 -4.344567
0 78.9075761 -19.4815102 -12.4835433 -27.3041424 19.5084445 -18.4538656 -2.0976327 -18.595328
0 2.6740801 -10.7128872 10.2552323 -17.2973194 33.0756265 -10.7629266 4.9932487 -12.225056
0 19.0444121 14.3731842 -0.2074193 -13.4666454 -9.9756175 -10.1330416 4.9820037 -4.616876
0 28.2053211 -6.7530512 22.4032773 5.6381074 -26.5707345 -11.7915816 -2.1070257 -9.024313
0 -3.5043781 -4.6855442 2.7810343 -3.1266484 18.1537915 -2.6802266 -7.3091937 0.371163
0 0.9480861 27.8975042 -4.9364283 -11.1977784 16.5853835 -7.4027746 -14.3109697 -7.583024
0 25.3449501 -17.1338642 30.9597523 -9.2560594 1.1504655 -9.8268486 -13.8498197 -7.388578
0 3.1033501 -6.1668612 14.8107853 -2.2552574 -1.4449305 -3.1342566 -4.7816507 -0.131181
0 28.2630001 -3.2482072 55.0475953 -18.4062214 4.2044485 -17.4290186 -30.4737467 -17.957853
0 -12.9564841 5.9853592 17.3362763 -6.0378644 13.5089515 -3.6405936 -13.5580437 -0.637601
0 -2.2633091 -4.8315722 -13.9626523 -9.8329624 29.9238255 -7.7038426 11.3444897 -2.673978
0 1.0190551 4.7917752 1.9214373 -9.3901094 21.4774695 -4.4085916 -8.2582887 -7.152750
0 41.8793871 -17.9890872 17.2050153 -8.0278894 -29.7530425 -6.5058546 -1.0398427 4.231311
0 12.7071561 -16.7885002 22.0201403 -22.7406564 41.0622055 -16.3206146 -1.6338037 -18.305930
0 -2.5022291 27.1093012 -14.3077873 -17.6798654 33.2735015 -12.3400056 -2.8688857 -10.684034
0 7.6930391 -4.6756782 -7.5359763 -0.0673594 3.1023895 -0.2490926 -2.9603127 4.692988
0 -4.2584811 1.1514012 0.9426183 -2.0398834 3.5907935 -0.5736266 -2.8575757 4.044752
0 71.1907611 -16.7417532 -16.0630633 -23.4741094 18.7709385 -15.7313946 -6.8319567 -11.119427
0 9.5143751 -1.5196402 -4.1966703 0.0000004 -2.1460865 0.0000006 -1.6519797 0.000000
0 21.5101231 -6.3445392 7.4843623 -5.8835994 2.7015755 -5.4795756 -14.2476757 0.259328
0 23.0435851 -18.6020292 37.3748343 -15.0030884 -2.8111345 -13.0334856 -7.9680277 -3.000657
0 33.8178151 -16.9000892 12.8706983 -4.6756304 19.4859755 -12.9156506 -15.3960517 -16.287069
0 117.2646311 -42.2194092 35.4742273 -49.7363994 87.9536205 -43.1824236 -62.8617637 -42.692488
0 -3.3667011 -9.2112772 50.0203673 -8.9488494 -0.6780805 -8.9831106 -9.4892537 -9.343097
0 99.3572321 -2.0184162 5.4934583 -31.1734804 1.0724365 -27.2768586 -24.0075047 -21.446869
0 -3.1494101 -20.1793652 -8.2375223 -11.2809084 49.0829835 -8.7053496 6.5796977 -4.110125
0 14.7948421 7.6821712 4.5298343 -13.3531834 2.7669485 -11.9028376 5.3435527 -9.861329
0 19.4231891 8.7377252 -14.7547473 -2.6684914 -3.4426635 -2.3534516 0.1861177 -5.127678
0 15.8405551 3.5450502 27.7931743 -18.3896264 1.0711665 -15.4308106 -1.1919817 -13.237531
0 -12.7887601 -9.9919212 47.3684353 -20.7610354 35.8743815 -13.6151916 -8.4995517 -17.586360
0 80.9529281 10.3799992 36.9542943 -40.8188224 8.4055935 -36.2028046 -21.4795927 -38.191597
0 -6.8893241 4.5560452 -16.2957943 -14.6066374 25.0544015 -12.0510466 24.5698577 -4.337501
0 3.1974561 -1.6721312 12.4899973 2.5124154 10.2388555 -10.3442816 -6.1999357 -10.222378
0 38.4004961 1.7742182 14.0537263 -13.2573894 -9.4021665 -10.8715646 -11.0271827 -9.670141
0 68.6287131 1.9099732 -24.4285493 -18.1357494 -4.9663295 -15.1217546 2.4673277 -10.353635
0 34.7255601 -11.1639342 -42.5398723 -16.9416254 63.7939055 -15.7083946 0.2834997 -12.449138
0 5.9246331 26.0213282 26.7295093 -27.5762254 19.6715455 -20.2259166 -23.6265957 -6.918281
0 35.0142041 25.6161302 9.4299893 -31.1039304 32.7222425 -26.9830176 -30.1301257 -14.565494
0 54.5150811 -22.9590012 41.9343663 -13.1752054 -23.1078485 -12.2741396 -18.1203347 -6.812919
0 42.6296231 10.5815942 -5.1554653 -19.0493974 24.7445965 -15.1706506 -28.8878307 -9.692472
0 26.0322741 15.6717512 -11.0847063 -4.3686304 -3.1799525 -5.5984216 -14.5285887 -2.943728
0 75.7634391 -19.2860792 -11.7208563 -10.4417564 -4.5441325 -8.2748906 -11.2131317 -10.282599
0 18.7959541 -3.9468712 8.9015433 -17.0075404 2.4714585 -10.0762056 7.0699257 -6.208265
0 41.5535871 9.7807102 2.0027033 -22.2520154 -11.3061805 -18.1280056 5.8932927 -7.544093
0 26.7960221 -4.8743242 25.1506263 -14.5780354 3.6930335 -6.5897846 -19.4898557 -10.107683
0 29.1175411 -9.1468672 -4.4334223 -13.7268534 32.8536295 -12.5691296 -8.3558277 -13.739073
0 5.8648631 20.6516422 12.3417383 -9.1887844 -9.1044995 -9.4547816 1.7318277 -12.842005
0 36.8223501 -8.0287542 -17.9258063 -1.8268184 0.0489915 -1.2279146 -5.3220527 -2.539995
0 16.2668541 -8.8527512 4.5366123 -1.3357414 -16.3933865 -1.2096376 11.6284327 -4.640384
0 -11.6287501 -5.5743372 16.1250773 -0.6446774 6.2817585 -0.7310036 -2.4357927 -1.392275
0 38.1771761 -11.1049452 -12.3891643 -10.5322034 21.4703125 -9.8995186 -5.4975977 -10.224061
0 44.1707201 4.3568842 33.6601903 -27.9200514 8.4093455 -20.7865646 -21.0693467 -20.821181
0 -6.5614141 0.6037452 36.1094463 -17.8799364 15.6637955 -10.4764276 -16.3680547 -1.091155
0 13.1055271 -37.8445522 45.3336313 19.9078644 7.0135925 -16.7233146 -3.0071877 -27.785561
0 4.4794741 1.2557452 36.4085283 -12.2960024 -20.7428695 -9.1096966 7.0237697 -7.018951
0 3.9185191 -10.8335672 21.2628463 -12.4798054 9.3133215 -6.7907046 -8.1417537 3.751141
0 7.9528481 7.2232142 22.1686463 2.3159844 2.2229855 -24.1839816 0.0125357 -17.712234
0 -5.5945941 3.9500032 43.4579973 -21.8062374 10.5453965 -12.1622016 -7.1565007 -11.233866
0 71.2904941 28.1910512 -19.6309393 -34.7900174 14.6923315 -27.6923566 -15.7353157 -16.325252
0 16.6073061 -6.7060502 37.4871323 -5.3043534 6.8009355 -16.8849906 -14.2853667 -17.714616
0 0.0000001 0.0000002 0.0000003 0.0000004 0.0000005 0.0000006 0.0000007 0.000000
0 35.8371001 -8.8850062 54.2999753 -19.1142304 -7.1527205 -16.7013096 -20.3778237 -17.905990
0 49.4283901 -29.2904672 19.2970183 -20.0386254 39.8926005 -19.8804486 -17.6732987 -21.735171
0 9.1129811 -6.9222602 32.3006463 -14.8375894 6.2386555 -12.4972996 -0.3043877 -13.090748
0 -3.9101031 -20.2711422 107.4224653 -14.4704384 10.7802685 -20.2853226 -38.7085557 -20.557175
0 75.3969901 -46.9517712 28.3315213 -22.6739644 71.6608205 -35.3892866 -28.6645247 -41.709791
0 10.5337361 37.1108242 8.1845543 -12.7017874 -17.2429325 -12.0377716 -7.9562647 -5.890359
0 -2.7135081 -3.4681402 -2.5331183 -0.1992274 5.0948865 -0.1237816 4.3422537 -0.399365
0 -5.7677811 -14.6950442 33.3651783 -18.2522124 41.8297585 -11.5200546 -8.9966547 -15.963193
0 41.3996761 -21.2391032 -10.3025093 8.1430694 6.8601695 -8.3820816 -10.2419817 -6.237240
0 -13.3962941 22.6272802 -25.9654353 -5.7174564 1.4752785 -5.0900396 26.4401837 -0.373517
0 -8.1068671 27.2282502 -1.1096983 -17.7032744 59.7082935 -13.5508626 -25.9783207 -20.487523
0 10.6257061 -7.0314002 8.9304623 -1.3158624 -7.9364555 -1.4419076 0.8887187 -2.719260
0 23.2801101 -24.2778322 110.8840763 -32.1068274 -13.4674475 -27.2691796 -14.2673237 -22.775580
0 28.9503541 30.3613392 8.1150093 -31.0802014 16.1327975 -24.2452776 -9.6709457 -18.563079
0 14.1070631 -11.2683052 30.3678913 -15.5591224 23.4796515 -9.4535306 -22.9175557 -8.756096
0 7.0353561 -12.4283902 17.5558103 -10.1844614 19.6975495 -8.6450936 -1.8658847 -11.164886
0 42.2939871 -26.0668322 -11.0780193 -21.4096724 65.8038235 -19.7145436 -7.7829527 -22.045792
0 35.8741441 -9.8734802 25.2214533 -13.6746084 -3.2725275 -13.0504726 -6.1869767 -15.037535
0 -11.8928531 -22.7444702 12.4846853 10.8823614 28.0900635 -5.5037086 -3.9774057 -7.338672
0 -19.5903411 -10.4653672 12.6993233 -6.2578334 26.7774465 -4.6634986 4.6355567 -3.135286
0 26.2399241 -12.5900382 -6.6119463 0.3031004 13.2526695 -13.7905926 -2.2624497 -4.540667
0 33.6279501 -8.6339462 -9.6202013 -3.6710334 -10.0495395 -2.7024136 6.1211357 -5.071954
0 48.7163301 -9.6930582 19.2672823 -13.9429384 -18.6696575 -12.3363716 -4.3151267 -9.026461
0 21.4529821 -9.1550972 6.6977313 -3.4559904 -11.0917595 -2.6106916 3.0230147 -4.860191
0 18.1237891 8.6783522 44.7885203 -19.8890324 -4.8857605 -17.4500406 -15.5464617 -13.819371
0 13.9691221 -12.1520522 28.0871053 -5.5150484 -12.9860495 -6.2244246 2.4019377 -7.580591
0 8.9452191 -5.6003562 20.0991153 -6.0563464 4.1428255 -5.6479016 -9.2018997 -6.680658
0 0.1027201 -40.8418282 37.9099803 -22.3179414 62.4111105 -21.2288616 -5.9039147 -10.131269
0 -9.3555551 8.2262742 0.3491003 -0.1090144 -1.6466595 -0.3059746 3.6258087 -0.783980
0 -6.5089611 7.9768602 33.4799743 -17.2173394 -3.3578665 -12.4017316 0.9523617 -2.923299
0 14.1703001 -17.4215352 18.9548773 -7.6175184 3.5321445 -7.6314706 4.6105587 -8.597357
0 29.9931111 -6.5296052 1.6448813 -12.2320214 16.3301865 -11.0032696 -6.0097007 -12.193584
0 21.2431211 -40.2981882 14.4260663 -15.6829214 77.4039235 -25.2181636 -12.4398997 -19.433942
0 -1.3006221 -1.9600152 -2.3034113 -0.0902134 6.2817585 0.0000006 -0.6274987 0.000000
0 -1.9474441 -6.0078192 0.3903163 15.9453534 1.6300385 -2.0358636 -4.3120317 -3.662549
0 10.0330751 -6.0756132 12.6695823 -5.4433374 7.0819055 -5.5576886 -6.6270517 -6.080873
0 -3.5043781 -4.6855442 2.7810343 -3.1266484 18.1537915 -2.6802266 -7.3091937 0.371163
0 -13.4784691 -1.5798172 62.1184073 -15.7325624 5.7890015 -10.1045366 -15.4325167 -11.579509
0 12.8404581 1.1280082 9.1154803 5.5051994 5.8039435 -10.1730656 -14.4626907 -9.757334
0 45.4875061 8.9999142 -9.1667203 -23.9554584 24.4764105 -21.8163336 -8.3892867 -15.636038
0 10.1313161 3.5913102 14.5249883 -14.3742484 21.6410835 -10.3771246 -14.5083667 -10.628959
0 56.6182131 -21.3694462 13.0196703 -12.5815844 27.5028025 -24.6392096 -15.3916367 -23.158812
0 -8.5140831 -4.4363962 4.5385073 11.9185344 16.1214235 -4.9932086 -7.0654407 -7.569340
0 -18.8438101 -12.8110682 27.0611943 -14.7213464 36.9021695 -8.5172816 -1.2605387 -7.809323
0 8.6736231 18.4917272 -12.6397903 -9.5685134 -2.5988905 -9.1394296 14.0705427 -7.289271
0 25.7985381 -19.0425902 27.3050173 -13.8829604 40.8647915 -22.8896426 -11.6778247 -26.475332
0 94.8159941 -46.3537472 84.8722753 -55.0785714 26.4421395 -45.4941486 -16.0343377 -43.169609
0 0.0000001 0.0000002 0.0000003 0.0000004 0.0000005 0.0000006 0.0000007 0.000000
0 25.1968481 -5.8355332 19.6137143 -9.3830044 -1.4205425 -6.8752086 -18.7250257 -2.571253
0 3.7476081 2.4562892 18.0703103 -7.7564364 -3.0100025 -8.3063396 3.3351417 -8.536573
0 31.8867711 10.8766872 -21.6212533 -12.5379084 13.7378885 -11.4443116 2.1791607 -13.077036
0 -1.5406331 17.6248342 -11.9615493 0.0000004 -2.8016475 -0.8358656 -0.4851397 0.000000
0 -0.5358721 23.8239372 -25.6467893 -9.9002764 20.0352175 -9.3202426 7.1164777 -5.572453
0 -9.4256191 53.4968582 -15.4139423 -26.2879474 35.8155755 -19.7157346 -2.0023257 -16.466868
0 -0.5426171 -19.7881722 8.6868643 23.7028464 26.1119085 -11.0733746 -12.5443797 -14.553075
0 71.3183161 -22.4740802 17.7284103 -35.5324664 18.6649105 -28.4676466 3.5968467 -24.834294
0 10.1790921 6.1464732 28.5978413 -12.1559764 -4.2663545 -8.6416276 -7.4820587 -12.377391
0 13.0265821 13.6467312 17.7469463 4.6506304 -17.0855415 -12.6017336 -8.7571637 -10.626451
0 49.4428181 -8.9489462 15.6568893 -28.0242754 6.6627455 -24.3581686 5.8004407 -16.231504
0 83.7156891 -37.3604122 44.6216713 -34.3080944 28.2233895 -28.4412656 -40.3842837 -16.066700
0 13.8460171 12.3656842 -0.2462963 -9.5948544 4.9259755 -8.3886396 1.0414547 -13.949341
0 4.1594821 -15.8570472 20.6385993 -16.5415614 28.7685645 -13.3260726 7.3773187 -15.219286
0 13.3755861 7.9135092 18.1951963 -8.2974824 -13.4259125 -7.3690046 -1.4885927 -8.903302
0 -5.3618031 4.0614182 20.3236113 -3.8546894 -6.5475085 -1.2925426 -5.4326187 -1.895868
0 -0.5839081 -14.2544272 45.5816663 -14.2257814 5.4955475 -9.8394576 -6.5338387 -5.639803
0 30.3935821 -23.1218782 53.1520063 -7.6836244 5.9565485 -14.9755296 -24.8119357 -18.909169
0 14.1669451 -5.7091812 12.8634623 -2.8772244 -9.1427535 -3.4250756 0.7746057 -6.650781
0 -1.4138481 17.6248342 -13.6503783 0.0000004 -1.2396035 -0.8358656 -0.4851397 0.000000
0 11.7037101 -8.8186392 33.8798943 -30.9711344 82.4496815 -29.0491936 -34.6049347 -24.589387
0 57.8854601 -41.7959082 27.3860403 12.5750954 -1.1639095 -17.3945366 -15.7783767 -21.713864
0 20.2668801 -4.1674282 22.7897163 0.9751274 -17.8159505 -15.5706646 7.0153697 -13.493050
0 46.8659351 -13.8962852 8.2831803 -12.7256644 -4.2010555 -9.5729716 -8.6441817 -6.108959
0 23.4006391 0.5802212 -20.9185343 -7.6355364 8.5655375 -6.0003896 4.0302287 -2.022166
0 17.1949561 -10.7542152 44.3061563 -13.4365274 -6.3759105 -9.7724916 -10.5767137 -10.585258
0 71.9472501 2.0034292 -13.4890423 -15.1408604 -6.9462985 -11.9305946 -12.7685767 -13.675312
0 22.4088761 -30.7329372 16.2961353 -9.8988354 28.7616525 -8.4628846 -11.8181237 -6.553883
0 0.5971971 37.1680892 -9.6333933 -9.8935394 4.3611325 -9.7873506 -11.4737717 -1.338366
0 1.3223281 -1.5246352 43.7532633 -19.8805724 5.6191595 -14.7289546 1.8732397 -16.433832
0 -6.6924611 -9.1852642 13.2473553 -3.3951284 9.5331575 -3.0180006 0.4092847 -0.898942
0 -3.0121821 7.1374752 -8.9135203 -0.9265964 11.1105375 -0.5548086 -2.3621947 -2.478713
0 49.3644661 -31.0841102 0.2126523 -17.7984784 27.1236455 -15.0777096 -10.8842147 -1.856255
0 -14.8192111 15.3944742 27.5675663 -18.8195644 17.4637885 -16.9531146 -0.4603027 -9.373639
0 -6.5326321 -3.1418922 22.3797653 -10.1023544 -10.0863515 -10.1526226 31.0903057 -13.454219
0 29.7185051 -15.7468652 -11.0151593 11.3290784 -7.9812475 -4.6457586 3.6314667 -5.290018
0 31.6588151 -33.7606902 35.7640043 -24.0809204 10.5075555 -18.4841066 12.4912477 -14.095907
0 8.0675951 -15.6718222 24.9417543 -10.1467634 25.9691335 -9.7723756 -15.2653057 -8.122218
0 7.9425431 6.6280772 5.3712613 -5.2570564 -10.3645285 -6.1867646 4.3258737 -2.459406
0 15.6568641 -3.3201092 36.6748773 -26.6393054 26.6151695 -19.9817046 -15.6655007 -13.340294
0 -21.9926341 19.8828002 -6.7689023 -4.2048414 19.3823385 -3.2205696 3.2465227 -6.324713
0 4.3058791 -2.1765062 9.0736153 0.2226744 19.1516175 -11.6023566 -14.3943597 -4.580563
0 26.9377421 -3.5405192 13.1911613 -6.3585424 -5.3989605 -4.9805436 -16.2050677 -3.645271
0 19.3091531 -18.8374912 -3.8649153 -19.8418344 46.0591405 -22.7616176 22.5647477 -22.627184
0 9.4848681 -4.7269852 19.1728403 -12.9090694 21.8799475 -14.0235686 -4.9182797 -13.959756
0 3.8528231 8.4977252 4.0488093 -4.4936614 -6.0251325 -3.6382126 -1.1872297 -1.055122
0 72.8729341 -11.7383112 72.0441563 -35.5110784 -15.2055345 -30.9866096 -20.0467157 -31.428846
0 45.7163261 8.9535452 3.5799143 -9.0035484 -27.2940325 -8.9960036 -8.3278607 -4.628340
0 7.6675191 -4.3955182 11.1010273 -8.5308724 8.5817585 -3.8537836 -5.8960947 -4.674037
0 70.3249681 -13.9364972 -3.8296353 -25.2999044 -7.0453095 -20.8659026 1.5496987 -0.897422
0 -10.2924011 -16.2425222 64.3554023 -20.5390104 34.5761585 -15.5171186 -22.6945407 -13.645971
0 -22.4316271 14.2618352 -16.9932193 -4.2777364 30.0478835 -3.8652886 6.9334277 -3.675275
0 13.5499281 -7.3161522 41.2656603 -20.2241174 31.7536665 -16.7337186 -32.4412967 -9.853972
0 3.8528231 8.4977252 4.0488093 -4.4936614 -6.0251325 -3.6382126 -1.1872297 -1.055122
0 26.5042291 6.2584812 -6.8849493 -16.0674364 28.5996405 -11.4094096 -11.3172977 -15.683261
0 28.1475421 11.8366572 24.8065083 -19.5312464 -30.0973965 -16.9239226 11.3661667 -9.604310
0 7.2073021 -9.0918632 12.2101683 -5.6613654 4.7081615 -5.8052496 3.3124497 -6.879603
0 3.4445341 -9.4664442 -12.0918463 -9.3445974 33.2822985 -6.9091446 9.2242697 -8.139072
0 28.2916941 -1.5038272 11.8548343 1.0920324 -4.9098565 -10.3699676 -12.3932297 -12.061683
0 28.3213231 -16.8820312 17.5293663 8.3613284 -9.6616985 -8.7952986 -9.8587347 -9.014255
0 16.1438221 -40.7717312 122.4896883 -24.8253324 39.3752595 -32.9501276 -43.4473897 -36.014194
0 89.0071681 -17.6580972 53.3947173 -55.9451524 59.1204345 -49.6214336 -28.4382007 -49.859443
0 24.4567771 -20.4718542 36.0458643 -39.2064624 64.6654905 -30.9089196 -8.6293287 -25.951569
0 11.3846451 -8.5401812 34.7496553 -11.4001644 -1.3797365 -7.7114696 -5.1214897 -11.981262
0 27.4731851 -27.6361492 33.6659793 -17.1537084 -5.1381485 -10.8151446 7.8597077 -8.255723
0 39.8370071 8.5849552 29.4007283 -26.8989494 -27.8690125 -22.3132266 5.3449217 -6.086426
0 -1.8709691 -11.2464562 20.7765993 -8.6294144 29.9431635 -8.6705256 -13.9362447 -6.366155
0 10.9521981 2.4150862 0.6272613 -12.8948704 24.1329515 -12.7233146 -9.5881307 -2.921184
0 16.0901811 8.3096502 36.5642003 -8.8906074 -37.6505445 -9.6704676 6.8951987 -11.647611
0 15.4036011 26.4807722 18.9470953 -19.1682334 0.2426535 -12.8862276 -19.0874137 -9.932250
0 21.4493321 14.7711482 -5.1206663 -6.2465984 -12.6904485 -6.1966546 -1.4496097 -4.516505
0 0.0000001 0.0000002 0.0000003 0.0000004 0.0000005 0.0000006 0.0000007 0.000000
0 46.5297411 -19.4416622 19.1921443 -15.8931344 9.7284075 -10.8533786 -15.0964727 -14.165646
0 -11.4554431 -2.2935712 -1.4168603 -2.6028114 24.5685255 -2.5715736 -1.7288277 -2.499440
0 40.6418851 -22.3475732 55.3644663 -22.0548104 -9.6223885 -15.6322446 -10.3549487 -15.994389
0 15.2832841 -8.9969272 -8.8354953 9.0972414 15.4923365 -7.9140566 -3.6946807 -10.431703
0 28.6267731 -13.4084182 29.6330783 -14.4688374 -0.8668405 -8.8343266 -12.3747847 -8.306650
0 11.2253551 -12.4822642 30.3258053 11.2814264 -15.5758125 -7.0231306 -15.2224787 -2.528902
0 51.7443431 -19.1944732 -10.8424303 -15.5817844 39.8184565 -13.0401136 -21.9658667 -10.938135
0 51.8435171 -28.3593842 16.4158753 -19.6189374 46.6261105 -19.3993406 -35.7515847 -11.756258
0 29.1856681 -19.1506742 44.3884883 -18.7527054 14.3731655 -14.5275446 -13.9817277 -21.534673
0 25.1811911 0.9683172 7.6883963 -7.8076534 -21.3061455 -6.5288526 1.0064257 0.798320
0 24.7651811 -12.0538362 -18.9858503 -11.6807224 21.0246095 -9.2917366 15.8571117 -9.634759
0 25.5410071 -15.1314672 -13.4356313 -10.9067124 21.2281035 -10.2052356 0.3997737 2.510161
average: 0.147901912902