0 19.3076831 -4.3215112 0.8061123 -9.8642424 17.6402805 -12.3202056 -0.2482397 -10.999878
0 20.1961091 -9.3390522 27.8141883 -0.9274024 -21.1612315 -6.1329936 -2.1588877 -8.290733
0 10.4548731 3.7467702 19.5811423 -6.3103754 9.9194785 -22.0633866 -1.0696297 -14.258875
0 -3.1577991 11.4369652 -2.3001823 -0.4924264 4.2612095 -4.6662156 -0.6159757 -4.465576
0 -5.1687451 -11.5065922 39.0334953 -8.4407014 10.2965495 -13.4534336 -2.4555667 -8.305008
0 32.0681021 -22.2732152 -1.3453573 -2.4920554 49.7793795 -25.3132366 -6.3545967 -24.069020
0 13.1542711 -24.0795802 17.4988803 1.7087824 34.4483035 -16.7549796 -5.6588267 -20.316851
0 -11.3401631 -9.5629532 20.4593453 -8.1904894 21.8662165 -9.6897536 9.5916447 -13.133848
0 -3.7735111 10.6985632 19.6146223 -1.0624314 -0.3262495 -6.7943196 -8.9901237 -9.366552
0 -36.6691021 52.3794722 18.7991803 -23.3236054 32.6019055 -20.0980176 -8.1701567 -15.519679
0 -1.9980421 2.9260002 5.6556803 -4.4186684 13.2938355 -8.1576516 1.3813277 -8.682480
0 -28.9102361 8.8562062 38.6435163 -12.5046884 52.0687515 -28.6515856 6.0601117 -35.562075
0 12.1684891 9.7245402 -12.6843703 0.3134534 33.0774375 -22.2317076 -2.3646327 -18.003208
0 43.7563731 -22.9622562 33.6580853 -1.2374334 -25.3289215 -12.6327206 -1.9033227 -13.349807
0 11.9117141 24.8936812 -13.8203093 4.7970084 20.3716205 -18.3024546 -12.0625057 -17.788755
0 -0.9051991 4.1250802 18.3853593 -13.7153264 9.1829835 -10.8251136 8.7170357 -14.964820
0 -6.9870261 -5.6004382 5.1275263 4.7690514 11.0087025 -3.8762026 0.0602857 -4.501899
0 -18.7823571 63.0245852 17.6135433 -18.6783534 -0.7173035 -24.4871986 0.9910137 -18.963930
0 25.9341651 -10.3190342 -32.8866013 -6.8411074 62.2450295 -13.8408616 -10.9646637 -13.326928
0 3.1493581 23.7732982 26.0006613 -11.6895134 -24.2763675 -17.3556706 19.3255837 -18.927352
0 -10.0951421 27.8505502 30.7682963 -20.1640514 11.8291375 -17.9731146 -7.8110397 -14.404639
0 -4.3493711 13.1912062 23.2863713 -10.9894134 -4.5314325 -14.0903616 5.6158127 -8.132812
0 15.7531661 -20.3850342 30.9266823 -8.5167264 12.7599085 -13.6230776 -6.8320247 -10.082896
0 5.4229811 12.0993692 -2.1976413 -4.8924794 -9.9242865 -2.4607246 6.0454967 -4.092716
0 3.7187421 -6.9712082 15.9438073 -1.4268294 -3.9065395 -1.9932826 -1.8285037 -3.536189
0 23.8992361 -11.8119282 -25.6323603 -5.3129214 40.6567575 -7.9282316 -7.3237527 -6.546801
0 9.0598161 -15.7487722 11.2037173 -7.4265094 30.1997465 -17.6223916 7.3053337 -16.970942
0 8.1589981 -2.2688412 -6.2631403 -1.1070374 3.5924925 -0.0158086 -2.0966637 0.000000
0 15.1674361 -11.7382132 6.6309163 18.0768724 -16.9181715 -4.2256846 -1.9704257 -5.022732
0 -6.3523911 -2.4039172 8.9738873 -2.7926294 9.2861755 -2.1882206 -2.0442817 -2.478624
0 -10.6787451 16.6500092 -14.9526463 -2.5759804 17.4474545 -2.6463246 -0.5832927 -2.660475
0 -0.9920501 26.3946232 -3.8617203 -6.2035104 -3.0424245 -6.9807026 2.3652117 -7.679431
0 9.3518461 -10.0807832 -3.4582823 -4.0353874 18.7526215 -2.4902706 -5.0485407 -2.991205
0 20.7595811 -20.7351092 -7.1712733 5.4967664 8.8745115 -4.4208966 0.9144767 -3.718059
0 7.8557831 9.2724932 21.8139153 -1.6485634 -1.5884425 -11.3484666 -11.4519067 -12.904814
0 32.5318261 36.5193212 38.6445563 -4.8408244 -5.5210445 -38.1643426 -26.5627057 -32.606788
0 47.3910531 -31.2101652 8.7257213 -9.5225064 12.2788095 -13.2667676 -2.4754357 -11.920709
0 -2.5578401 26.3503232 -7.6182233 -6.5616134 3.3060285 -3.0648286 -6.7724817 -3.081366
0 -0.2115321 10.1565862 6.9463913 -10.7861934 35.6742765 -14.8666676 -9.8245397 -17.088322
0 45.1376951 -10.2310912 -8.3518973 -8.1484334 -10.6352705 -6.5682586 -4.5909437 3.388195
0 4.3899211 25.5053572 -13.3962483 -6.8355304 2.9879085 -5.3913496 -0.7612957 -6.498763
0 -6.5075621 28.9599612 -4.4190883 -14.0400354 32.7450705 -12.9335416 -9.7223007 -14.082504
0 -2.9792491 9.9600932 24.7822783 -3.5452524 -12.3718105 -3.7606296 -7.8962727 -4.189160
0 14.9331781 -3.4770122 10.9312863 -3.0122794 14.9159035 -17.6103316 0.3995817 -17.080328
0 -9.1201181 -16.0808412 3.5407413 -10.8095564 78.6869105 -17.8578276 -9.2513557 -19.107953
0 26.1312561 -16.5202922 -10.4983473 -0.7869884 34.3353115 -16.3739066 0.9934337 -17.280467
0 5.2382671 -5.7478052 16.1062313 -3.2756974 9.8986365 -9.1062796 -2.8072497 -10.306104
0 14.9926021 -4.6023342 9.0875613 -13.8345194 18.9494025 -14.7674736 6.6400417 -16.465278
0 27.8668651 -22.3862882 38.1878123 4.5148244 -19.0083165 -9.9274526 -9.2880757 -9.959373
0 1.5492841 4.2151352 8.6060513 -1.6747934 -3.6158205 -1.7835616 -5.1025257 -2.193771
0 -32.3214851 51.2629222 47.5421903 -26.8678074 12.6283075 -31.7928406 4.6665317 -25.117819
0 12.9582551 -18.5528312 40.5292203 -4.1282214 -4.6861705 -14.6992536 7.1539277 -18.574928
0 9.1368801 25.1801482 34.1189173 -27.8048504 11.4055005 -18.1133356 -20.1180557 -13.805208
0 6.0988201 11.0986572 19.5052343 -13.7747834 -10.4346775 -11.4920726 5.3338587 -6.335037
0 11.0544761 11.4295802 6.5465713 -10.7623344 11.1717285 -15.5113376 3.3049977 -17.233681
0 46.7008861 46.7002842 2.6923073 -8.7769864 -32.5500925 -20.3173456 -12.3146937 -22.134359
0 1.4308401 -17.8513492 19.3720033 -10.5307964 29.8765055 -16.0413216 11.5645237 -17.820405
0 19.8454341 3.8198292 -3.8200743 -8.3849834 4.5501955 -6.1021086 -2.2092557 -7.699039
0 -3.3168861 2.0469952 27.3010333 -11.2397664 10.7455115 -11.0406766 -7.8252667 -6.670945
0 23.1720351 -11.3357022 -2.6056563 -6.6595784 18.3585775 -6.8285566 -10.2117157 -3.889404
0 -0.0245031 -1.8002792 17.2505613 -4.6136704 -5.5736465 -2.4607246 0.5211007 -3.298838
0 -4.2966351 12.0722102 33.0933583 -19.7507224 17.6555055 -14.8661886 -13.1690577 -10.738474
0 22.2526911 12.9969892 -3.8099043 -2.0424994 14.3123765 -17.8887466 -10.5896157 -15.231292
0 11.4734461 12.0989842 12.6620463 -11.2773354 -2.5110755 -7.4988116 -5.9157087 -9.031549
0 -12.0591621 -14.8243902 70.4352383 -17.4455554 13.9331215 -18.4595756 3.2857637 -24.865441
0 -3.8511601 14.0692712 27.4868123 -2.3355424 -1.0618745 -11.7660676 -8.5805057 -13.960938
0 -21.4365541 -6.6778822 40.3144333 -13.7689204 47.5228595 -26.4016346 2.4611647 -22.013466
0 10.1599041 -18.2229872 30.1414933 -4.1437284 2.7385095 -10.3518586 3.9275907 -14.248925
0 3.6335991 -6.9592842 20.4119993 5.5260904 -11.8774855 -2.5284356 -4.3817457 -3.824739
0 -7.8687431 -4.2069802 39.9037103 -1.0156364 9.7570595 -19.9382476 6.6469937 -23.278156
0 0.7386711 8.9849372 15.0123653 -8.4968354 -14.9918265 -5.7421626 -9.3528057 13.847653
0 -12.7284621 -19.5314782 39.9049783 8.7371334 51.3271785 -23.8156896 -16.5520067 -27.341654
0 21.0219931 -24.8331722 -0.4269443 -6.2101964 29.6327505 -5.7419696 -9.0624537 -4.380009
0 9.1807201 7.4289652 1.0272353 -5.2786904 7.4039915 -9.0531416 -5.2370587 -5.472021
0 12.5452171 13.8325282 39.0230283 -15.7648804 -12.5785795 -11.2600726 -18.7700347 -7.027208
0 -0.0668051 -26.7910622 31.3185123 0.8289124 30.3599015 -13.4329416 -5.4382277 -16.778291
0 2.5338611 32.3374052 26.8421603 -17.1727274 -23.3790965 -11.4272576 -3.7885637 -5.945784
0 -3.0246061 29.0369102 31.8115763 -26.7100004 33.2558765 -22.5232556 -25.8996897 -15.946813
0 35.8023711 12.4026582 -15.3968463 -11.0065454 17.1921955 -25.4224006 -0.4418757 -13.129562
0 8.1922001 -3.5542442 32.1458193 -9.5615124 15.6401265 -18.7185366 -2.9012977 -21.242557
0 -7.1767831 -2.5388432 53.2147183 -14.5028074 2.5571945 -11.5416046 -11.3308537 -8.681027
0 8.1102811 -4.3006792 13.1068803 -10.2472004 19.3017115 -20.7444656 16.3568397 -21.583364
0 -0.6209491 8.0135522 23.0342913 -13.7775184 17.5039485 -18.4206556 5.1157227 -20.848391
0 -1.3622071 8.4678712 -5.1759423 -9.4463614 20.5780445 -5.5269966 -1.0644017 -6.470009
0 -10.8663391 8.1084022 -23.5963553 -9.4350114 56.7080295 -7.4142256 -6.0418467 -7.462655
0 4.4223011 7.3021862 75.8630373 -16.1793804 -33.5183515 -17.5778026 -12.7750447 -7.536949
0 53.9105771 -10.2474112 61.3661103 -11.8427024 -41.9939535 -14.4131916 -25.4031857 -11.376249
0 -3.6873451 15.2116512 22.1509013 -15.7624224 -5.5603165 -11.1530666 -11.9855977 10.786191
0 14.7232851 5.0510652 29.8727083 -14.1473004 -3.7116225 -10.9974456 -15.9032987 -4.887393
0 4.8836391 8.8200992 34.4025793 -6.5046604 21.2087585 -30.8592306 0.0883557 -32.039539
0 -19.6147421 19.5645312 -0.6013693 8.8873644 26.2730005 -14.4432696 -12.6856167 -7.379901
0 5.1220461 -13.5467802 -0.6304073 -6.1829534 22.8819835 -3.9113846 0.9950957 -4.727599
0 3.1655331 8.0343412 24.8427163 1.6041504 -24.1330185 -5.9058146 0.6252877 -8.233196
0 12.6526431 29.3626932 45.1031053 -23.0464674 -3.9785295 -29.2128726 -11.4997387 -19.380836
0 -17.1603491 38.6675432 32.8015323 1.2996784 -18.4389825 -23.5354656 5.4413437 -19.075300
0 8.1949791 -5.5034112 -10.3106733 6.0663204 18.7177615 -7.9650336 -3.8359537 -5.363990
0 -1.0206421 6.7293732 26.0584933 -0.7287594 -9.2175835 -9.7188586 0.7445627 -12.846587
0 -33.7701101 2.4452312 27.9024453 -13.7897234 71.6436965 -23.6301596 -11.7131877 -19.088193
0 0.0000001 0.0000002 0.0000003 0.0000004 0.0000005 0.0000006 0.0000007 0.000000
0 -24.9986151 -6.0537202 66.3475743 -15.6192644 44.4612145 -24.5457806 -25.2035117 -14.387903
0 25.2773131 3.0301662 28.2732603 -18.9060564 4.5025325 -15.5368296 -20.2884937 -6.351895
0 -5.2922621 1.7207592 20.9327223 -12.9562554 60.9744605 -32.4688006 2.2790557 -35.189678
0 -5.8661631 18.2808782 42.1290883 -13.6439754 -4.9164575 -16.6683096 -9.7403647 -9.574701
0 8.0300891 -24.7209432 45.7462583 -5.3744204 0.4379185 -12.0825416 3.9571737 -15.993534
0 0.0000001 0.0000002 0.0000003 0.0000004 0.0000005 0.0000006 0.0000007 0.000000
0 3.3408881 5.7217712 -8.1756793 1.0774364 -0.9743255 -1.6312786 2.0457897 -1.404602
0 21.3419661 -18.5534962 7.5177563 -6.7822524 12.3642865 -7.4704346 -3.3899027 -5.027925
0 20.3686591 -5.8026912 -17.1691233 -5.9760204 30.8342145 -9.2780756 -6.8526527 -6.124311
0 17.4522291 -0.2447492 -12.1437273 1.5846344 11.6986165 -13.5347346 4.8498997 -9.662168
0 4.4730051 20.2583242 -18.2698553 -5.0734434 19.9105745 -8.2994106 -5.3192747 -7.679922
0 -6.1038451 35.9324102 -10.4396643 -6.9509324 -9.3372855 -7.5861856 13.4314667 -8.945965
0 29.8982371 -37.3373102 41.5025833 -20.2033454 30.1360475 -13.0016826 -15.6204297 -15.374101
0 -22.0522471 45.4841202 85.9344833 -36.3533474 5.8057735 -27.9260576 -24.0555477 -26.837181
0 45.6474111 -8.3877112 12.5976783 -9.9002864 3.6796825 -10.8545256 -19.4658827 -13.316370
0 -3.3771801 -17.9338242 61.9698183 -25.6959324 16.6609285 -15.3959456 -6.1544477 -10.073420
0 -12.3300211 15.3255522 17.3721313 -6.4036114 -6.9185425 -4.1884386 -4.8200827 1.963009
0 13.0497631 -0.7867262 39.1297143 -12.8352474 -16.1048595 -10.4610616 0.7637887 -12.755371
0 -15.3487531 0.2467662 77.5644333 -27.5658414 4.4023215 -17.2423356 -12.6763397 -9.380255
0 -24.8824211 11.5914472 20.7588613 -7.2470694 49.6097415 -16.3375516 -19.9360687 -13.556942
0 -15.4606101 -6.6611212 35.8492253 -20.6478304 57.3192415 -23.9344566 -8.6104107 -17.854041
0 41.4342361 -9.1329722 1.7935453 -19.3452464 32.5422345 -32.2791146 18.2754567 -33.288136
0 13.1238701 -8.4984942 40.4542953 -11.1247724 -12.0732365 -7.6459726 -10.6952637 -3.540429
0 7.4141011 -29.8624062 38.5115203 -22.8936824 59.3557285 -24.4897776 -7.1223827 -20.913103
0 22.2667921 5.8708492 4.4766183 -7.7800704 -16.4878685 -9.9069186 13.7411497 -12.180553
0 -17.0731751 6.8053172 14.6793823 -7.7432024 23.9107735 -8.6591536 -0.5049837 -11.414959
0 -5.9516391 44.6187572 12.3637623 -26.2499964 24.5433535 -17.1164796 -20.8374747 -11.370284
0 -7.7156271 9.2534122 12.4052013 -9.8721454 28.8553245 -12.8750066 -6.3880747 -13.663086
0 -7.2388831 -11.8130452 29.2426323 -4.4669964 8.2844815 -5.1496576 -0.9189647 -7.939569
0 52.7429361 -16.8899192 9.5784473 -11.5830424 7.7286745 -15.6133756 -10.2811037 -15.682619
0 -5.2932981 13.4910962 15.7881433 -7.8245534 -0.8360725 -3.6159426 -7.3517107 -4.357663
0 -9.0182491 13.9178002 -0.9750133 -8.7150364 16.4211945 -6.5575156 3.6860127 -8.759192
0 17.0911111 -15.9681262 23.3618353 -20.2733804 32.4439415 -12.5787486 -17.5640287 -6.512606
0 -16.7118051 19.3009972 -7.9377823 -3.6365754 9.9848305 -7.1978266 14.0312197 -7.833058
0 18.3079611 40.8004152 4.0756103 -16.6880744 -16.7347105 -12.8606846 -3.4204337 -13.480085
0 -22.2838821 18.7364182 62.9443243 -12.1290904 24.6733825 -35.2845856 -9.7789697 -26.877600
0 9.5506821 26.1211382 23.6771473 -13.0597694 -12.0055715 -15.2953656 -3.0146587 -15.973603
0 9.1543561 27.4060982 -2.9625243 -14.5596804 -0.3364305 -10.3535906 2.8948317 -11.243061
0 -12.9039811 16.9279202 43.0669323 -14.3326424 -1.6354885 -13.2309086 -15.4021247 -2.489711
0 -4.0703051 8.2231932 -22.3230263 -11.9261794 59.5038585 -11.4540106 -5.5344387 -12.419092
0 -0.5634971 1.7813632 -2.8683143 -11.6520714 42.3919695 -9.8768866 -7.8992507 -11.313314
0 1.1752391 -15.8120302 1.9164023 4.4072324 18.9340805 -5.8232036 0.7977037 -5.595423
0 67.0603971 -12.7935442 45.1921133 -24.1037014 -24.6964055 -22.1729246 -10.8821307 -17.603806
0 -6.2815531 8.8139332 19.3583013 -10.3541624 31.2542285 -23.0124336 4.8410737 -24.619385
0 -18.1133391 6.2427652 34.2806993 -10.1440044 2.1104185 -8.2079856 -2.9132707 -3.255286
0 110.5843171 -35.1592902 1.7045103 -4.5147884 19.8801665 -25.4298446 -41.6538897 -25.411182
0 -5.7781331 -2.6519282 0.0000003 -0.4766144 11.5418125 -0.5565866 -1.0014047 -1.077146
0 8.3060041 6.0005042 9.6392113 -8.7508014 4.9338025 -11.8041496 4.9251957 -13.249765
0 19.0304491 -9.9783192 21.2165173 -0.0663804 -22.8868295 -5.6713756 6.7849997 -8.429064
0 -6.4912931 32.3677852 27.2791063 -18.1991634 -9.7001635 -11.7720186 -6.1891137 -7.295143
0 -39.4748211 59.9550612 17.9639983 -8.6311634 44.2400575 -30.7794716 -15.9096707 -27.363996
0 8.2282661 17.3242642 4.6595323 -8.5170764 -5.4167905 -4.6880036 -6.5065837 -5.083609
0 -7.3754091 -10.9254912 -9.9768343 -10.4608184 69.6020675 -16.8863796 6.3779937 -20.355128
0 13.2307821 -0.6471832 72.1127333 1.3920374 -16.0825165 -27.8732226 -20.2939437 -21.838691
0 42.4316421 3.6832392 -7.0125373 -7.4993384 -4.3552815 -10.4241066 -7.8247417 -8.998879
0 6.8691631 -1.4347472 21.1551143 -6.6260924 -4.6278335 -4.8739546 -3.3861537 -7.075499
0 8.1836111 -4.8858362 18.3119523 -12.7426044 20.9622165 -13.2812316 -12.2490397 -4.299073
0 0.0000001 0.0000002 0.0000003 0.0000004 0.0000005 0.0000006 0.0000007 0.000000
0 10.7251701 18.5517222 50.7586543 -11.4590844 -36.1794295 -16.4322706 3.3683997 -19.333165
0 -3.7804911 -3.5317622 -1.2698343 5.9492654 11.7904845 -3.1383126 -3.2289897 -2.790362
0 -6.7583961 21.8144382 -0.0978843 -5.2832034 0.2358255 -2.6448806 -4.4250077 -2.840894
0 -26.6365821 21.2719242 21.9022393 -13.8791614 23.6235455 -8.3132306 -7.8795247 -10.089211
0 0.1925231 -13.5454052 8.0903643 -9.3358714 30.4694585 -6.3496366 -1.1644537 -8.356978
0 11.7197331 -4.0927082 12.5601263 -5.9867824 2.1900695 -5.2908056 -4.6889597 -6.410676
0 18.9142291 16.1400502 12.6399283 -12.7604244 41.3747115 -31.2095716 -17.5786717 -27.520250
0 9.6948931 -13.6123972 31.6065553 -1.2877424 -17.2196105 -5.6713756 5.8816397 -9.391962
0 1.5358001 -6.9592842 16.8344843 5.5260904 -6.2021715 -2.5284356 -4.3817457 -3.824739
0 45.1689051 1.4803082 27.0266853 -20.7981034 11.8372145 -17.3930786 -27.1330907 -20.188841
0 11.3695731 3.9762092 8.1889523 0.1097134 -21.7351105 -2.4765326 4.3569147 -3.789719
0 5.9352221 32.6884662 8.8425473 -12.0779544 -13.8947195 -12.2863466 4.2200307 -13.427245
0 -5.5568871 -8.4575632 45.0786243 -14.4628544 12.2308075 -10.6105096 -14.0422317 -4.179387
0 13.8028401 13.7527292 11.9231273 -10.3754094 12.8290905 -21.0313486 -1.3066507 -19.594379
0 16.5899831 11.2024282 24.6988923 -8.1981824 -15.4226825 -10.4540546 -5.2920107 -13.124374
0 14.8328391 3.4305312 -1.8516463 -2.0932254 -7.5857935 -1.3896626 -4.4063327 -0.936712
0 19.7033391 -23.8175272 -5.8832573 -9.3505494 36.0030125 -5.4466366 -6.8975017 -4.310881
0 -2.5398541 -15.5555182 -17.0070203 -3.1874144 55.1245165 -3.5728616 -11.0722517 -2.189596
0 -4.8763901 -3.8042602 8.4142613 -4.1008774 23.8156935 -7.9971546 -1.3747357 -10.076538
0 7.8880191 32.5941942 2.5275433 -4.5499994 -5.7484465 -17.3345096 1.7236767 -17.100476
0 -25.2045961 11.2782122 28.5181723 -13.7782074 20.7980505 -9.7905656 -7.1953897 -4.625679
0 12.2649301 -17.9841192 41.2862233 -19.0565224 14.4034875 -12.4322556 -10.0728537 -8.408893
0 10.2692141 -2.4084372 21.3258053 3.2740494 -23.8878165 -5.0792516 3.1563587 -6.649923
0 19.1087151 9.7285712 0.8942033 -4.4572314 -25.7720885 -5.5136086 12.1449617 -6.133523
0 -0.9552701 -15.3770712 47.2278723 -18.0323524 29.3086105 -22.7141286 -8.3174977 -11.140169
0 -26.7063911 11.6037272 23.6971263 -14.0775104 27.6076065 -9.7905656 -7.7083157 -4.625679
0 3.7536551 22.7899352 0.1843893 -3.5073464 -9.7186635 -5.8908006 -0.8406427 -6.770527
0 8.5451241 37.8635952 67.3797653 -35.2572614 -16.4419965 -25.1563196 -29.7866717 -7.146242
0 28.5845941 6.0970352 3.1608323 -9.9749014 30.7856795 -15.9416296 -24.1668017 -18.544812
0 1.5025391 -23.8432712 32.8409813 -4.2516554 28.8116505 -14.5196886 -2.8628687 -17.677687
0 -31.2245061 25.6357702 69.2548223 -28.5998954 17.9642795 -27.1427936 -7.3253637 -18.562317
0 34.1387521 5.0842262 4.5176213 -4.5950774 24.1361085 -26.3920906 -8.4579677 -28.431576
0 0.9126001 8.9205882 -10.8526033 -6.3700534 12.5807195 -7.8820326 10.9815037 -8.290721
0 -3.6390901 -8.0694042 56.7604253 -6.7489014 -14.1771495 -14.2641276 1.6167077 -11.478464
0 -1.1679161 -1.9711532 17.0205693 -5.3017324 5.6982005 -5.2749976 -2.5922967 -6.410676
0 -4.3162541 -8.5276102 23.7773613 -6.9962154 15.4513945 -11.3706546 4.7296727 -12.747694
0 11.2053081 -5.8659052 13.4154073 -9.1833944 -3.1619995 -9.6809476 15.3575977 -12.086068
0 -21.9248771 12.8889642 35.6985083 -17.6990594 17.6178335 -12.2512896 -6.4055647 -7.924517
0 10.1561481 4.2084352 -2.0111293 1.8632564 8.8304805 -8.0701326 -5.4633027 -9.513757
0 -7.5903451 -0.3314772 26.1538313 3.2141074 8.1287725 -6.6822516 -14.4534017 -8.439238
0 -12.8745751 2.1200652 3.9993733 -7.3745964 28.6958545 -5.6021286 -2.3753067 -6.588688
0 -24.4622311 26.4099882 14.7550183 -12.7199844 16.2838415 -10.8543096 -3.4965627 -5.915761
0 24.7127911 0.6659102 -0.4794883 -5.1081454 -9.3041595 -2.6142476 -4.6309997 -3.241663
0 -32.3751761 -12.9282152 16.5681303 -15.9970904 71.8276555 -10.8899116 -10.8548907 -5.350505
0 7.5071531 -0.2774062 27.8736203 -13.7213704 -0.2591105 -10.0733856 -5.3899777 -5.659526
0 24.8566481 4.5607002 -9.7570663 -8.2694674 14.4347675 -8.4681786 -11.4279537 -5.929452
0 -5.8009361 9.3278412 13.0720383 -7.4524374 6.5889275 -10.2471966 6.4189147 -11.907150
0 48.8461131 -6.5516572 48.7291303 -11.2455594 -6.9384175 -28.0113176 -13.3075677 -31.520725
0 -17.5670031 27.5105772 -19.0649553 2.8338364 23.1700525 -6.1966636 -4.7864717 -5.899375
0 0.0000001 0.0000002 0.0000003 0.0000004 0.0000005 0.0000006 0.0000007 0.000000
0 -12.8745751 2.1200652 3.9993733 -7.3745964 28.6958545 -5.6021286 -2.3753067 -6.588688
0 -16.5844061 16.3215422 30.9966333 -13.9594124 28.1735575 -16.5536886 -17.6431367 -10.751091
0 13.3793001 10.7670762 4.9929883 -4.4572314 -25.1799645 -5.5136086 12.1449617 -6.133523
0 -5.2277191 36.2296632 38.7822713 -20.1256484 -23.6629755 -12.4124286 -5.1364107 -8.446755
0 68.2143771 -30.8924662 6.6325853 -16.6624934 48.3449495 -32.3069396 -6.5636477 -36.766364
0 17.3199481 -8.7743252 -13.0664993 -2.6165034 9.8727025 -2.4098586 -1.3144107 0.988944
0 -20.3338501 33.0864932 57.3338873 -23.7248094 -17.8216995 -23.7795206 7.9952437 -12.755751
0 -16.0068631 -8.2471992 48.0634243 -20.6535494 27.6182425 -15.2195506 -1.4065637 -14.147943
0 -5.8595911 0.6942382 13.4184653 -2.8057954 19.2509135 -16.4216366 8.9629117 -17.239504
0 48.5018941 -14.6889232 -23.2185413 -3.7125274 16.3605145 -7.7064756 -9.7911577 -5.744786
0 -12.9491121 11.9661532 8.2151513 -5.4395624 35.4330165 -11.0118606 -13.3716957 -12.842092
0 -6.1672961 10.6257532 -6.8272143 0.0000004 3.1210075 0.0000006 -0.7522507 0.000000
0 33.4278421 -14.1176382 40.9483843 7.0314664 -12.2456645 -21.9033916 -18.6598287 -14.481173
0 23.5474091 -17.2222262 0.2118953 -9.2210564 29.1958305 -14.9597436 1.0624477 -12.614556
0 4.8305241 -7.9539182 18.0036803 -9.7598614 14.6543485 -8.9006456 -0.5022177 -10.371912
0 -2.9111301 -7.7408022 14.4280573 -1.1485904 4.0496245 -1.1301106 -2.8257777 -2.721274
0 -13.4451401 39.4423732 14.7983943 -18.6757774 -6.2794385 -12.3286046 5.8422427 -9.354051
0 26.6345241 -40.4180282 -2.7102273 7.9056524 64.8398685 -24.5488476 -11.5145537 -20.188390
0 0.0000001 0.0000002 0.0000003 0.0000004 0.0000005 0.0000006 0.0000007 0.000000
0 -1.2803241 3.6598052 -6.4440633 5.2338114 -0.5853275 0.0000006 -0.5839037 0.000000
0 14.6220641 -8.0201412 17.7218963 -9.9252704 9.7371355 -9.8667846 -2.9602767 -11.308624
0 13.7956031 -13.8371572 0.2765253 -8.3913554 23.4082665 -13.7805126 10.5194997 -11.990869
0 -3.4904701 14.1519682 45.4484603 -20.6084074 -7.6418775 -13.9883876 -14.4859147 0.614623
0 -5.1578281 9.0438702 31.5083353 -13.5963254 -7.2504855 -7.0726846 -5.8802947 -1.594590
0 0.0000001 0.0000002 0.0000003 0.0000004 0.0000005 0.0000006 0.0000007 0.000000
0 -2.5606481 -1.9453362 0.0000003 10.8168654 -5.1430765 0.0000006 -1.1678057 0.000000
0 4.2610151 -8.1251252 13.3768073 -11.8272634 31.4222275 -11.2083596 -4.9061637 -12.993141
0 44.4196641 6.4219622 -1.3311773 -18.9573874 23.4158025 -19.1995086 -13.3387867 -21.430570
0 -1.6973421 -3.0717742 1.9119763 -7.1416844 31.7486025 -4.9048186 -10.8074617 -6.037499
0 13.5600191 -31.9393542 37.0087593 1.7717594 11.6677075 -13.5296696 -2.9289457 -15.610276
0 22.0011321 -3.9315572 -19.1261323 -15.4013234 53.9299365 -15.4290396 -8.8211367 -13.221883
0 -40.5519631 36.1832692 4.2200303 -1.6345184 53.2603045 -22.4388436 -9.0365277 -20.001753
0 17.6846741 4.2384792 14.1277693 -1.4948364 -6.8070885 -6.9665526 -11.8037587 -8.978688
0 -1.3721041 -7.0761492 26.2290023 4.3047274 -9.4842995 -2.5284356 -5.2851057 -4.787638
0 26.9178161 -19.0359002 -14.3363333 2.9940644 17.1449165 -5.8324706 -5.5112267 -2.340867
0 3.6335991 -6.9592842 20.4119993 5.5260904 -11.8774855 -2.5284356 -4.3817457 -3.824739
0 36.6456171 7.5078532 11.5185503 -8.3275504 15.1438485 -27.8375846 -8.0462987 -26.604435
0 15.2884531 -8.6322742 24.2365263 -0.0663804 -17.4853885 -5.6713756 0.2686197 -7.938183
0 -5.2357781 2.4856962 6.2134553 -0.2434264 5.4628185 -2.4607246 -2.9232037 -3.298838
0 11.7951721 -8.7827732 10.2254043 -5.3596814 10.2265865 -6.6744026 -3.0113807 -8.418928
0 -28.4405331 17.3928272 41.2678093 -6.8579564 -0.1134655 -11.5151886 -12.8691537 1.135656
0 9.6038121 31.2732922 54.4835093 -33.3046394 -13.6859325 -25.0179446 -8.5518537 -14.800246
0 12.3110781 -0.3387022 -6.8676883 -4.2774754 13.6961155 -4.2747596 -5.5239447 -4.724626
0 -24.4486781 11.2469302 9.1432023 -12.1255934 42.6311225 -13.4410786 -4.1574727 -8.848436
0 -1.9043331 2.0218062 12.0171743 -10.7746254 22.2849115 -8.7790336 -3.4134597 -11.452441
0 -10.6602581 14.8166172 17.0187423 -2.3911624 -10.3079085 -4.1884386 -5.9918427 1.704248
0 -41.3486191 68.0004592 -42.9346753 -20.6213954 89.5779215 -18.6625126 -13.3013317 -20.709847
0 -7.2564521 15.8704842 -3.7610413 -6.6679724 9.6448885 -3.6721266 0.4372827 -4.595063
0 31.0406041 -12.1238062 18.2891673 1.2418934 -20.0134475 -5.9966496 -5.5780007 -6.859763
0 -4.5113361 15.5466312 4.1043103 -10.5650134 2.3178385 -6.4545156 0.7211117 -1.159028
0 20.3686591 -5.8026912 -17.1691233 -5.9760204 30.8342145 -9.2780756 -6.8526527 -6.124311
0 1.1872331 -0.8801382 -11.5443383 -8.8597764 39.7378035 -6.9279206 -4.7676387 -7.945225
0 14.4211781 19.2231902 -11.3146863 -8.4457234 1.9500925 -6.2391776 -2.4487867 -7.146088
0 7.7471331 3.8336912 -13.0513623 -10.5025944 41.9912055 -9.4518276 -10.6979897 -9.868256
0 -7.4652761 7.0020482 16.2318273 -5.9611294 22.1056245 -12.4310676 -4.5211307 -14.960899
0 -17.6201421 15.3217422 30.3323233 -12.0005524 26.2962015 -15.7585996 -7.2014547 -19.369521
0 31.1034451 -10.8595562 -5.7230583 -9.7638954 -2.4453485 -8.1853506 15.5425027 -9.668742
0 -0.0176171 13.5473702 0.0601613 -3.7120444 -1.4734675 -6.2276496 4.5121027 -6.688855
0 11.8052101 -2.9401312 17.3239663 -7.7300964 2.0294215 -7.5073826 -11.0316167 -1.949373
0 27.7119061 0.2540212 44.2413933 -8.2390784 -27.9021615 -17.5007666 -5.7626407 -12.802676
0 -7.9644461 23.9325442 -9.4566573 -3.8959684 6.8228965 -3.6173876 -2.6066367 -3.214346
0 -20.5001131 35.3688862 38.5262763 -8.6952644 -10.0198865 -12.1148526 -14.4123237 -8.152726
0 3.2797191 0.3066052 10.4303133 -3.9208524 -5.1260475 -2.4607246 0.7898257 -3.298838
0 -29.6373021 16.3143912 30.6559883 -16.2207254 44.5462315 -22.5696196 -3.8729517 -19.216013
0 -15.6129871 38.1621962 -11.5176583 -12.5512664 22.2903265 -7.7519286 -4.2184757 -8.800208
0 -7.6461171 11.9945272 -7.2493583 -0.7005804 51.0579605 -18.7413016 -9.3090557 -19.406078
0 16.9911671 -9.5178502 -3.5143163 -3.2980094 8.4437645 -2.0943596 -5.4029657 -1.607431
0 8.8607471 21.5850412 47.0086983 -21.5636154 -5.2758425 -22.4991586 -8.7047897 -19.411081
0 -25.1392891 18.6227782 -16.1138283 -13.0596674 65.7165305 -19.2215696 11.6623557 -22.467310
0 1.6022721 6.9230712 -0.5660463 -6.8493224 18.7041455 -11.0956206 -0.0235737 -8.694927
0 -32.0746731 -11.3741612 68.5016913 -15.1718214 13.8955795 -12.3827556 -2.9709337 -8.422929
0 4.2681821 3.7647362 24.7866083 -6.3054134 8.4562035 -15.5863166 -0.9314417 -18.452558
0 -19.3837151 24.1863662 29.3874623 -17.4194164 13.5334285 -15.1942306 -4.5609857 -10.548912
0 8.0961251 12.9916612 19.7256233 -9.8151334 -18.7671285 -5.6940896 0.1234987 -6.660559
0 42.7672181 -5.5779832 13.4753033 -4.1837564 -16.0931705 -11.5447356 -4.2266697 -14.616212
0 -7.5732451 43.9789072 4.2965073 -18.0148604 37.0130315 -21.1399986 -20.4429687 -18.117379
0 -12.4989951 0.4881192 21.1004843 -25.8112674 59.7534925 -23.0770296 9.5475647 -29.502368
0 7.0264731 9.6070742 30.0740813 -12.4026394 -9.6584755 -10.5637876 -8.9540197 -5.128711
0 -17.5645061 -0.1284412 14.9984183 -4.9496614 30.0377895 -6.2194656 -8.6009597 -7.573177
0 -34.6148051 31.7389592 31.6937013 -16.9439544 30.9920925 -17.6538056 -10.5521827 -14.660008
0 36.8224971 -17.1491942 -0.0429213 -5.9846224 23.8512395 -16.7057626 -4.2257397 -16.565501
0 28.2399211 9.9148212 10.6206073 -9.3792634 -0.1906435 -12.7676596 -12.8110957 -13.626688
0 5.2231161 -21.7625952 25.2672843 -5.9797224 24.7249255 -11.6452846 -3.2579387 -12.569787
0 3.9478301 0.4779982 5.9919873 -6.9121964 26.4757935 -12.2125966 -7.6494507 -10.119368
0 39.8233861 13.1213212 24.5059843 -16.9926854 -41.4030715 -12.5328626 3.0986047 -9.620675
0 3.7111721 -4.5138942 -0.0546223 -6.3568964 17.2805935 -6.4294056 0.5924037 -4.229351
0 57.2866661 -3.6528442 6.9979593 -24.5781484 43.5667835 -33.8794336 -7.9410767 -37.799906
0 25.1269821 15.3459282 3.1460213 -4.6313994 -19.9528265 -4.4197346 -10.6236437 -3.991329
0 -1.3797671 -6.4468642 12.5666513 -1.2213634 -2.2049505 -0.0662236 -0.5878577 -0.659628
0 23.1626041 12.5245912 2.4811253 -9.7631554 -9.4286525 -5.2149426 -7.4744117 -6.287159
0 -8.9844341 13.2508632 30.3520083 -11.6566584 11.2638125 -19.5753716 6.5229597 -21.173177
0 33.0899321 -14.5597502 31.4749173 -13.4278934 -8.5306355 -9.9739626 -5.7228167 -12.349794
0 -16.9999321 10.8834412 49.9202673 -25.0386504 10.2209465 -17.8166716 -7.6487937 -3.520609
0 -15.3347311 -0.5653172 46.3947453 -18.2047184 28.7507805 -23.6674496 2.3512467 -19.724558
0 -1.2550291 16.7572632 -0.5346073 -0.5553004 8.9658755 -6.1230786 -9.6374457 -7.617680
0 41.5294091 -25.5833622 35.5395003 -8.6905614 10.3083645 -18.8761056 -15.3250687 -18.902177
0 3.6335991 -6.9592842 20.4119993 5.5260904 -11.8774855 -2.5284356 -4.3817457 -3.824739
0 43.7045671 -16.2193502 46.4443913 -6.2168954 -24.8952635 -12.2430066 -14.4439367 -16.130509
0 -23.5994641 26.8281172 28.1435113 -16.5775824 9.2380385 -11.0061846 -7.5604317 -5.466007
0 -14.7007491 2.0754402 55.5102993 -21.4650524 17.3369715 -20.2835066 -7.2128747 -11.260532
0 24.5112411 -20.2282662 40.5347643 6.7349094 7.0205835 -22.5668266 -14.1815677 -21.824839
0 -2.5578401 26.3503232 -7.6182233 -6.5616134 3.3060285 -3.0648286 -6.7724817 -3.081366
0 8.6528381 -13.1831212 23.3227203 2.1856614 -5.4750575 -3.1205596 -7.2694847 -5.112999
0 -17.6377651 29.5293132 17.3180743 -16.1200614 3.4724145 -10.8569206 0.5145277 -6.219584
0 47.2469361 -20.2600672 56.0752053 -2.8908554 -26.0914265 -16.9165506 -17.8182067 -19.345039
0 -4.0722821 9.5699712 50.4988943 -14.2506184 8.5428995 -16.1141626 -21.3341077 -12.840600
0 30.1998511 25.9186982 7.8548813 -20.5285464 10.8177565 -30.5431996 7.3585657 -31.078003
0 6.7034331 -2.4161282 -8.0658373 -1.5290254 7.4200285 -0.0158086 -2.0966637 0.000000
0 -27.5202201 44.0537182 -0.0940723 -17.6935344 26.1493895 -10.2473866 -3.1909077 -11.456988
0 44.6176881 -13.6032012 -15.1767713 -10.1278514 17.9162015 -8.7277406 -8.9199307 -5.978396
0 21.7724981 -14.6331622 34.8604593 -10.3680034 2.8878565 -12.1992186 -8.2546637 -14.065767
0 11.5366301 -12.9938552 -0.0546223 -6.3568964 17.9350955 -6.4294056 0.5924037 -4.229351
0 -32.3408321 15.1289542 20.7991553 -13.5363424 20.6002405 -11.7367666 8.7104257 -7.624834
0 53.6706571 -42.8258762 -22.5012553 -9.9902884 41.2017035 -10.5195586 -4.6991277 -4.336256
0 4.0146941 51.3143212 -5.5427963 -13.6313344 -15.4201185 -12.6698566 5.4096307 -13.474540
0 14.8328391 3.4305312 -1.8516463 -2.0932254 -7.5857935 -1.3896626 -4.4063327 -0.936712
0 17.7040441 -16.4444672 32.0161053 -1.9914974 38.0548605 -27.9354586 -13.6119357 -27.791651
0 3.6352871 62.9414112 4.9001063 -17.0195584 -11.0906155 -14.7712976 -12.4398027 -16.155531
0 -4.8579491 -1.1752252 9.0911513 1.1037764 6.5677425 -4.0857706 -1.0245647 -5.619162
0 -32.0813691 48.7943362 40.0749543 -9.6436404 25.7633175 -25.7427686 -26.6477937 -20.517038
0 27.5610041 -16.7656542 43.1231753 -5.7790254 0.3492635 -15.7372866 -14.0455047 -18.705976
0 7.2881661 -14.7828792 11.1737223 -14.4781544 32.3270055 -10.2295196 1.7095447 -13.007882
0 16.9568471 -9.1795362 91.2071893 -30.4497994 5.2906875 -35.2792986 -20.7416977 -17.804397
0 12.3110781 -0.3387022 -6.8676883 -4.2774754 13.6961155 -4.2747596 -5.5239447 -4.724626
0 21.1022871 -15.7633172 9.9531113 -1.6184774 21.3565895 -9.0051966 -14.8279557 -11.197044
0 -19.2375281 54.7581162 36.5653663 -24.7319034 21.0175595 -29.4485036 -14.3064447 -24.616665
0 -23.6553541 13.8337482 54.0778933 -13.9662004 8.9890655 -11.7497406 -19.5446417 -7.984774
0 47.7982051 17.5600072 63.6728593 -13.2569934 -43.3894015 -24.2336226 -18.3031877 -29.847869
0 28.9044091 21.1659722 49.6173603 -23.9883654 14.5701725 -30.7388646 -41.3507847 -18.179905
0 82.8277161 -56.1609532 58.1247803 -4.8136354 -20.9835995 -22.9068946 -12.2612947 -23.826123
0 -14.5009671 22.9005552 15.1413463 -11.4282874 17.4172255 -11.3536456 -6.0692317 -12.106996
0 2.5722101 -11.4272022 5.4810603 -8.1664094 18.6624085 -9.4229406 15.1584307 -12.857556
0 -13.8318171 17.9257522 19.6977523 -7.2423644 -7.1561355 -4.6004656 -6.3071987 1.514472
0 5.7198571 -12.6331212 19.7688283 -8.6202884 6.2038305 -2.8806726 -2.5272427 -5.031193
0 -7.7725011 -1.3643342 34.1251363 -18.6691304 14.5336165 -13.2579476 2.1189337 -9.713775
0 -0.4586781 25.7823592 2.0573763 -5.0266574 2.4589075 -12.4372706 -0.1405897 -12.235447
0 -12.9694301 18.4466762 6.7342753 -18.5700624 49.0903215 -17.3220566 -5.3944397 -20.015284
0 87.1093231 -45.8891352 3.3987913 0.3549804 1.2910415 -17.5565616 -12.1661637 -16.542277
0 5.7386031 12.7727212 -5.0919753 -7.5283484 7.0291325 -5.3913496 -1.0300207 -6.498763
0 12.2745611 -2.4001922 2.1087663 -8.8837804 27.9257945 -18.4467276 3.3871447 -15.965565
0 43.0065591 -5.8520312 59.0136923 -16.5295424 -32.4861035 -23.4948766 -0.9536527 -22.704050
0 35.2306831 21.0762142 -26.7039953 -12.0089044 45.1997825 -23.3753396 -17.2501307 -22.168311
0 25.5248261 -18.7083162 11.6019543 -15.0002554 25.9609995 -13.0274956 -5.0811537 -11.270561
0 4.5029621 -26.5020552 19.6878083 -17.9456104 58.5039765 -23.2843636 10.8461047 -25.808823
0 -0.2820081 13.7711152 31.2578373 -12.2986174 -9.2609305 -8.4845636 -12.6807997 -2.022036
0 27.8102951 4.2082242 33.1015703 -11.9217174 -8.2688625 -15.6314436 -17.2878027 -12.010267
0 9.2215491 4.8355052 2.6484583 -4.2864994 -3.3700885 -9.9019236 10.9488207 -10.095822
0 -6.0116991 16.5077192 7.5555903 -0.3639424 11.1380495 -12.0384816 -4.3032237 -12.484012
0 -20.4692261 9.8317812 24.7729603 -9.3585094 18.6882375 -8.1073076 -5.7724697 -9.585468
0 44.8562361 -5.6776602 13.4406843 -5.6785784 -12.1672935 -10.7835726 -11.0192957 -12.970523
0 -1.2083801 -11.1172592 -5.9348653 -3.3437064 27.9857965 -2.7585886 0.5927097 -4.215706
0 -13.4772181 4.6499912 3.3847113 -6.4600294 55.9040045 -12.2775456 -18.1955697 -13.528347
0 -28.4405331 17.3928272 41.2678093 -6.8579564 -0.1134655 -11.5151886 -12.8691537 1.135656
0 -10.7831061 12.4552962 15.5951283 -10.0624314 19.8732645 -11.0566556 -10.8712507 -5.150246
0 33.2570881 -12.8617252 22.1380993 2.1268074 -24.0206665 -5.5376996 -8.0977387 -7.004166
0 -34.6119901 8.7988082 67.0322003 -14.4984654 19.1261765 -22.7113366 -3.9970137 -19.138382
0 -0.0388031 41.7321272 2.5798183 -4.7253434 -8.4670135 -11.7140406 -7.6917477 -11.675000
0 -23.0471251 -0.6320262 48.2557863 -10.6168254 -7.6165275 -10.6708316 11.1541957 -6.826648
0 6.2185301 -22.8634792 15.8369813 -7.2838804 45.0597415 -17.5589186 -2.3263207 -17.082657
0 31.7961581 -20.5952922 29.0800773 -14.1927754 -3.3879955 -10.0557826 -1.1483637 -11.496028
0 36.5546651 7.3248022 10.8567233 -0.9350854 -28.7166565 -6.1236366 -11.4661147 -7.494700
0 -16.0323741 13.5570302 1.6991923 -7.8670224 32.9570635 -10.2683436 -2.9912827 -11.054265
0 8.1603151 9.0285282 20.8143803 2.7816244 -22.4642655 -9.7454676 2.5403837 -11.115499
0 -20.2985591 20.1957342 30.3762383 -18.9176234 31.0015845 -20.1976746 -5.9326877 -16.227013
0 -8.3543771 13.8603092 38.3392233 -17.0663074 8.8300115 -15.0040496 -2.7797607 -17.825051
0 -38.5293741 10.5608562 31.1714843 -12.2960174 36.9996235 -13.2820016 -5.7819897 -8.842583
0 8.3280661 -11.8314452 32.2934423 -14.1500234 15.3212355 -15.7690446 4.5654257 -18.757655
0 -24.3505101 64.4520022 -49.4524523 -26.4079394 83.8354595 -18.6806366 -8.1864237 -21.209502
0 -32.0724981 23.5205592 -2.4296053 -8.8923534 39.6253685 -9.3784196 0.5670607 -10.940113
0 7.1791621 -3.5819952 -4.2675753 4.7233834 -0.5329605 -0.0158086 -3.5042077 0.000000
0 -11.4566341 25.1970442 -4.8440513 -3.9407794 13.9654595 -6.7769076 -5.3067707 -6.837360
0 -46.4049721 44.7471202 50.4898523 -32.7535834 30.0998695 -22.4473586 -11.7303017 -12.000628
0 5.0142241 -3.8374852 -8.7640863 1.2006224 16.3134945 -4.7155536 -0.1975747 -5.013641
0 -10.0438051 -8.3401452 12.6172763 -3.3867304 27.9414115 -7.5772056 -1.3747357 -9.836066
0 -5.4183411 19.4272532 -15.3763493 -1.7562754 1.3865735 -6.3336666 15.2642337 -7.193427
0 -2.9904811 5.5405652 33.0637803 -10.0311574 -1.6725435 -13.8758926 5.9794197 -16.013689
0 20.5344331 6.0923402 17.1373183 -14.9593454 11.5902085 -21.9209336 6.1150167 -24.589036
0 8.0840561 18.0505032 -12.7729513 -5.5210214 -8.1641995 -6.4822196 13.7878037 -6.981972
0 6.1779031 2.1104052 0.5715853 -3.5583174 -4.8533625 -1.8457356 4.1602507 -2.762729
0 62.5596791 -1.4149762 -6.7073663 -2.4533004 1.5253685 -14.3834266 -24.8442287 -14.281752
0 -18.1371111 -12.3610172 8.0855713 -12.3213054 62.6104775 -10.3592486 -6.0255207 -11.491847
0 16.7250121 -6.7602582 45.3856543 -17.0874964 -12.4027095 -10.7395236 -8.8214207 -6.299262
0 0.5048761 3.3219812 14.7214793 -6.0617344 11.4423275 -14.6006026 7.7072667 -17.035593
0 -12.6170141 1.2844662 44.8394603 -11.4109884 -1.1333365 -9.7912366 -6.4294847 -4.741871
0 -12.8745751 1.6584962 -1.0953703 -7.7238404 34.6014115 -5.6021286 -2.3753067 -6.588688
0 51.8500361 31.2713212 15.0501253 -28.0654884 -1.0701595 -21.3037716 -26.3802517 -21.351813
0 10.2069561 15.8153882 49.7260223 -20.3121714 2.2040385 -22.0173306 -18.1208267 -17.502080
0 -20.4923391 7.5199492 53.8795053 -6.0594944 -4.1826245 -9.6623276 -15.0870217 -5.915652
0 17.6089381 16.7326952 -18.0099093 -11.2125744 21.7458775 -12.8257926 -4.6761747 -9.363060
0 -6.7482231 -9.7103042 15.8670443 -4.7524824 14.1777485 -4.0835606 0.4847177 -5.234941
0 -3.3775741 21.7862142 17.6566223 -9.5763904 0.1560765 -8.9276776 -15.2319567 -2.485316
0 -18.5897771 7.3759652 5.4742653 -13.4622344 36.7905775 -11.7187416 8.4489007 -14.318954
0 13.0925641 10.1267992 -11.9815503 -7.4970934 9.4392455 -5.8361936 -0.3958677 -6.947905
0 -0.7444911 27.3966772 0.4440603 -7.6204944 14.5073945 -14.4364356 -0.8637527 -18.682959
0 -7.6069581 5.0197602 23.8375223 -10.7082594 17.2510145 -17.5983036 9.2417747 -19.436549
0 7.2599611 -5.0084252 9.0991693 -4.9035074 4.3322035 -4.6897876 -0.2850697 -5.804545
0 -0.5422401 -25.0027282 26.1651893 -11.8342034 40.9128105 -11.4956806 -4.4806937 -13.722455
0 -1.5393141 26.4148082 15.7637483 -11.0396984 -20.1344525 -7.9857656 0.5024537 -1.981781
0 -14.0722821 13.0946012 49.2670583 -8.2467274 -8.4374005 -11.2882896 -12.7846127 -7.532353
0 20.5895081 10.2281822 20.3272873 -6.4414654 -11.7337025 -10.2490996 -16.5305877 -6.190125
0 -3.9089941 -6.0101622 17.1142673 -2.0476024 -1.1781475 -0.5921246 -2.1004427 -1.276797
0 7.2715171 -4.4970212 -0.4315013 -1.4538784 6.3472945 -1.6887156 -3.2837767 -2.263920
0 36.3761961 -5.3100822 22.7071843 -2.8732874 5.6618875 -16.5371306 -27.6248537 -12.399914
0 2.8280581 -2.3246772 -2.2474143 -0.2993034 2.5562625 0.0000006 -0.5129267 0.000000
0 0.0000001 0.0000002 0.0000003 0.0000004 0.0000005 0.0000006 0.0000007 0.000000
0 27.2632341 -11.4672782 20.0042253 -11.8829304 -3.7387235 -9.2965296 -0.5153677 -10.366632
0 1.1692841 34.5506712 -22.3040793 -7.1957404 3.7248285 -9.2391286 10.1614237 -10.867259
0 -19.7758611 -0.0716692 80.2050423 -14.0082564 -0.9357705 -30.8274426 14.1716487 -28.757693
0 -2.1254851 12.5918952 0.6443923 -3.9208524 -7.0549535 -2.4607246 6.4184427 -4.092716
0 -8.9144621 34.6694322 41.3333423 -6.3444974 -18.1621285 -17.1345516 -4.4532007 -20.993936
0 -19.1854471 4.6027712 -7.0455193 -11.4926094 49.0147815 -10.9333436 7.5844727 -12.545106
0 18.3769561 7.6559712 1.2694653 -5.0340374 8.0213105 -12.2164426 -5.2827587 -12.790463
0 -17.4963221 36.5581262 -0.1817783 -22.8949884 35.6648615 -16.2545446 -17.5389197 2.143561
0 12.8638661 10.7670762 7.0661763 -4.4572314 -25.9140765 -5.5136086 11.3213197 -6.133523
0 19.6577541 -20.2391442 16.7252113 -4.3085704 12.0055975 -8.6727436 -7.9374557 -7.230652
0 5.3957361 25.1077422 11.3475393 -15.7872704 21.1887185 -15.1165396 -21.9899957 -10.145932
0 9.9871291 -20.3690572 15.0060133 -13.8143714 40.0089125 -16.4135076 -8.9774357 -5.427683
0 8.8395501 3.6896732 24.1796393 -14.2047964 -1.6899025 -9.7999496 -9.6658327 -1.348386
0 33.7372971 -4.2095242 -3.2058273 -8.1083214 -6.6135085 -5.5669096 -2.7353277 -3.297880
0 61.1881301 -31.3741142 26.5271263 -8.1759444 -7.6186455 -14.8540566 -13.0193327 -12.673165
0 -4.6662631 -47.1643992 9.2936913 -8.0371864 88.1469835 -16.1567866 -2.6439477 -18.772093
0 8.4056821 -3.2341072 12.4247483 1.0248914 3.4207875 -5.3433766 -9.7221817 -6.976445
0 -7.7923261 31.8278232 34.6708373 -15.9761444 -3.0998785 -19.9651536 -5.4806127 -14.184547
0 -6.2552121 80.7885722 -18.5294413 -4.1939884 8.4399005 -32.6570206 6.1167787 -33.709585
0 -1.6399981 61.4632052 -27.7206123 -24.4229464 41.5288625 -18.1806936 -10.6053707 -20.422447
0 11.6368081 5.8439502 22.0047493 -9.7855434 -15.1076415 -8.5798466 3.1219607 -9.134438
0 43.5059291 -4.3164352 38.8259533 3.0405104 -40.9812915 -10.8184526 -16.7369027 -12.519313
0 8.4438611 -11.5709312 9.8174903 -10.8614504 15.9280495 -9.2831876 -2.6207267 0.146892
0 2.2626311 15.0713432 22.0639623 2.5067804 -0.4632345 -19.2119736 -2.2029797 -20.026530
0 4.3879421 29.3224792 32.5377883 -16.2190504 -21.2925255 -10.4333946 -13.1358887 -5.167353
0 -8.7067541 -9.0608042 13.2215883 -6.2514664 31.9746315 -11.9272406 4.3161267 -13.566079
0 17.8787871 -3.4478772 31.0797743 -0.6468034 -31.3213285 -7.5399756 3.9461837 -9.948761
0 31.0425261 -37.5075432 2.2274243 -2.9117914 39.4260595 -11.4975206 -10.2678577 -10.511301
0 -13.0865651 14.5431262 -7.3247173 -3.2687984 15.2957715 -2.6463246 -0.8520177 -2.660475
0 -5.7781331 -2.6519282 0.0000003 -0.4766144 11.5418125 -0.5565866 -1.0014047 -1.077146
0 -0.7245171 -12.7295742 18.3923253 11.4753554 -3.7113725 -5.6667476 -0.4203707 -6.615101
0 17.4582811 -7.7067882 43.1378793 -19.7456084 -5.3388045 -13.5982956 -8.9535127 -5.253154
0 -9.4746661 30.1703442 15.6680533 -21.8368354 26.6871665 -20.9544426 -3.7107107 -16.548912
0 -9.9383211 -4.4062152 -2.0514253 -18.3650904 68.5351285 -19.7197326 11.2085767 -25.262923
0 18.6202611 -11.4494582 25.1694153 2.2922164 -17.5301005 -4.5715596 -6.4633217 -6.067454
0 5.3756481 -11.9965262 10.1756453 -9.7572074 32.2578365 -12.6601886 0.1897427 -13.584952
0 -2.9071001 16.0196252 23.6405443 -5.5535494 -14.3774535 -5.9628676 -11.6005057 0.741302
0 23.3712871 -14.6762172 26.9934723 -10.1976784 8.3880895 -21.4805586 3.5073227 -15.905718
0 29.4649911 -26.0592492 56.0357343 -12.4209754 10.1929535 -24.1309716 -16.1211597 -16.961325
0 32.2394831 -10.4405732 28.0379783 -17.0211874 -5.8421915 -11.6980156 -9.3629397 -5.912559
0 0.0000001 0.0000002 0.0000003 0.0000004 0.0000005 0.0000006 0.0000007 0.000000
0 -1.9105941 29.5927542 11.5001523 -9.7936304 10.3836205 -13.5644506 -11.2165837 -14.991269
0 -20.0354511 -4.0286022 53.4854903 -15.3405304 35.6892265 -15.8772986 -13.1792067 -20.713631
0 13.2277051 26.8567532 12.7370653 -3.1044434 1.5605225 -24.7660086 -2.1926047 -24.318992
0 -12.6108221 59.1543002 -14.8434043 -19.9982894 42.1950065 -18.8035946 -14.7310037 -20.362194
0 20.6548671 9.0963352 42.8631203 -21.4152304 -5.7738315 -19.1369316 -16.0577227 -10.230610
0 -24.3506271 64.9695752 30.7022163 -4.5063364 -10.1186105 -23.9857666 -10.4616297 -22.248827
0 -5.7781331 -2.6519282 0.0000003 -0.4766144 11.5418125 -0.5565866 -1.0014047 -1.077146
0 -20.9558771 50.8793012 19.7482853 -20.3344304 4.7699135 -11.8246826 -15.4935337 -6.788980
0 16.6866121 -2.0666852 5.4715753 -0.4071074 3.0829215 -6.3446836 -9.3725737 -7.050061
0 7.6638581 -20.9248372 -15.0739243 14.3641504 26.1806395 -5.3378836 -0.7334007 -6.138603
0 4.5737611 31.8235712 0.1115013 -8.3135484 22.4823375 -13.1973096 -28.6017147 -8.878599
0 -27.0058021 72.9300902 59.5743823 -45.0067034 51.4278975 -45.1583516 -27.1264427 -39.635076
0 1.6323331 16.3113072 -21.8203343 -6.8534554 31.1435695 -6.9210836 -6.1072367 -7.385101
0 -5.8331511 39.7938712 62.3374383 -26.3811314 7.2327425 -28.8951046 -19.7854567 -28.469211
0 3.0986581 -1.6128772 10.6316213 -3.6206554 44.7441255 -24.0221546 -14.5955507 -14.623168
0 -22.8130011 46.1690012 -4.3991093 -15.2283884 25.8971935 -9.8626206 -8.5910847 -11.171992
0 -22.2797011 10.7087642 5.6164173 11.3088464 38.2813745 -12.8844876 -15.8050167 -14.946199
0 12.2684261 -4.5009462 50.8186433 -12.3189804 -6.9475255 -14.9633036 -6.0685007 -18.287817
0 33.5090041 -3.2567422 -12.6350563 -14.2174004 27.9899415 -10.9676806 -7.5925027 -12.829567
0 -2.0471381 0.8581692 -10.2144553 -12.7985534 56.5745105 -10.9183786 -9.3237547 -12.130401
0 10.1404931 0.6087252 42.1752563 -5.4227224 -0.9413195 -18.0644936 -8.4559847 -20.039955
0 3.5984741 7.7122802 8.1465573 13.6496464 5.4440925 -13.7792746 -16.4954647 -8.276312
0 22.7714611 -16.2001092 12.1274443 -4.7939344 -9.9051085 -2.3274256 2.5636167 -4.235944
0 29.9108361 9.3822792 12.8212503 -8.8897614 24.7461605 -20.1443796 -27.1820817 -20.644306
0 23.6066901 -20.5332552 -4.3278483 -11.3471664 52.7481535 -17.5963196 -6.1887737 -16.361481
0 -8.5026851 -7.0012002 26.4971953 -8.0615864 6.1047225 -6.1980926 5.1530927 -7.991446
0 6.8797451 17.4541042 14.8955833 -10.7153444 -8.3983535 -5.7135366 -7.2444307 -7.157769
0 28.8512541 -12.8451872 11.7466963 -8.0866064 8.1269005 -14.2820766 4.4888957 -17.999877
0 -2.3292241 1.2959292 -9.1729803 5.2338114 5.5563665 0.0000006 -0.5839037 0.000000
0 0.7014541 13.1244002 -1.7718013 1.2921624 2.4681625 -8.6883736 3.1319137 -10.257916
0 -11.2012901 25.9736442 25.1545943 -13.0673144 -10.5419575 -15.5384776 9.9344007 -10.713602
0 7.4174441 -12.9335872 2.2966943 -0.0751314 17.1221245 -8.3819206 4.9159107 -10.361533
0 43.2342451 -9.2190302 28.3945183 -4.0822804 -33.2634515 -10.2748586 -2.5390417 -12.250103
0 -5.7781331 -2.6519282 0.0000003 -0.4766144 11.5418125 -0.5565866 -1.0014047 -1.077146
0 9.8799521 -2.7646212 1.3721583 -3.0149214 -1.7183675 -1.2245856 -0.2246677 -2.304951
0 2.6686081 -6.6227062 30.3004413 -5.3476814 -8.6709515 -4.4540066 -1.0386797 -6.835027
0 -4.2189961 -7.1649202 6.8434493 -3.9262434 14.1777485 -3.4914366 1.9973037 -4.216904
0 1.4043591 0.6233632 16.1517313 -10.5481144 33.6195455 -14.2489806 -10.2053517 -16.796553
0 7.3176341 -20.1587752 6.7888273 -10.2831394 32.1128435 -9.9208406 2.5897057 -8.446255
0 49.9065541 -9.6261692 -15.1344963 -9.2039954 -1.2933745 -5.9618676 -4.5884817 -4.098171
0 20.1010411 -5.3266262 18.9634963 7.8374414 6.2695365 -16.9350536 -15.7989987 -15.110839
0 -10.4462471 -2.1833812 57.1298993 -11.3750824 3.3080815 -12.2253206 -16.9433547 -7.264598
0 2.9285681 14.3106062 -15.6481983 -3.8530504 16.6942235 -3.3387596 -8.6671537 -2.426235
0 -13.4216241 4.9274952 13.5700683 -19.0761484 56.9109815 -15.3310096 -17.5432067 -10.036560
0 20.0180431 -35.2426972 19.7213983 -8.8294084 23.1140215 -7.3157046 -4.0140717 -7.451582
0 -13.7317991 -5.9525302 73.3172213 -28.7984104 26.7393575 -25.2707066 -9.9454327 -16.357705
0 -13.8002561 35.4367262 80.9961603 -35.5332914 16.0145435 -40.6923076 -11.1675127 -31.254068
0 -28.5947231 52.0746192 -47.7088693 -2.5308164 66.5922515 -18.4780516 -1.5712817 -19.783132
0 0.0000001 0.0000002 0.0000003 0.0000004 0.0000005 0.0000006 0.0000007 0.000000
0 13.4177361 -7.1315252 -0.7825373 -7.4845594 8.1401375 -5.3371706 6.1575527 -6.979633
0 3.7111721 -4.5138942 -0.0546223 -6.3568964 17.2805935 -6.4294056 0.5924037 -4.229351
0 6.9367751 -13.5191672 26.9771633 -3.9606954 0.3943425 -4.0023726 -5.7536707 -7.072377
0 18.9134331 -26.1160792 9.6360003 -9.3920124 24.4318835 -7.2078646 0.4871107 -10.752469
0 11.7029421 -21.5159052 29.8822773 -18.4140204 56.8783615 -22.9758576 -16.6851007 -18.872701
0 25.7147251 28.9624072 -31.7658303 -6.0779424 18.6720515 -10.1278746 -11.5286797 -13.848858
0 28.5957081 -11.2361742 46.9948703 -11.6042624 8.8952235 -24.6929276 -18.2120457 -18.740396
0 -3.7565021 19.0678432 -0.6763443 -0.5394504 -12.2607955 -0.4120276 -0.9741907 -0.448537
0 -12.7915901 -2.1901592 52.1334893 -14.5047384 -0.0245485 -12.2636046 -3.0098657 -7.348987
0 28.1420811 5.0917862 -2.0286453 -7.4993384 1.0983395 -10.0842196 -6.7446517 -7.975354
0 0.3017011 6.4266912 24.3177133 -8.7997094 48.2145765 -32.7781156 -3.9473347 -33.735523
0 28.1880591 -5.3403212 -7.5991393 -5.4158204 21.7822515 -7.7376226 -14.6459117 -9.231495
0 12.2887961 0.5552972 14.4574783 -2.1818154 1.9838135 -7.3841526 -9.6846077 -10.034811
0 2.4360021 12.7907442 7.3163213 -7.3145604 -7.2144715 -12.4158106 18.0253977 -13.623623
0 2.5866941 16.9778882 3.5954083 -7.0251784 -2.6757545 -3.6159426 -6.4483507 -3.394765
0 -0.8688181 8.6664062 32.9515063 -17.0670844 5.3165135 -11.3086876 -11.3443897 -6.345450
0 -4.8595001 27.5110452 22.9381603 -20.9367514 9.3829975 -14.3739266 -9.7690097 -9.893019
0 -32.2646571 47.3154032 24.5180003 -24.0030564 24.6255215 -15.8827576 -11.8740377 -12.434421
0 -7.2851141 -5.1981622 11.4408083 -4.0396974 12.9261205 -4.0195476 1.3938877 -5.218295
0 8.1589981 -2.2688412 -6.2631403 -1.1070374 3.5924925 -0.0158086 -2.0966637 0.000000
0 39.7923801 7.9631022 58.5126433 -31.9949104 -5.9093225 -25.1799486 -21.2535937 -21.930357
0 24.2634131 -16.6017782 3.9923493 -11.4062764 24.7838755 -15.0050976 3.7784527 -13.804939
0 33.4531001 -8.0189262 23.3177683 0.1989924 -25.1158935 -5.9612216 -10.8696547 -7.004166
0 10.2827501 -13.6123972 33.9502203 -1.2877424 -14.1256345 -5.6713756 -0.6347407 -8.901082
0 -16.0220571 8.3531712 34.8522843 -13.3636234 -0.7866005 -9.7694196 2.2148087 -5.478565
0 29.8322991 7.8666072 34.3517123 -13.1061984 -30.2318565 -9.4047856 -15.8975907 -3.410189
0 34.0017121 3.6001282 18.5419813 -0.1491004 -24.1704005 -10.3699036 -9.7346157 -11.719804
0 -5.4826601 31.6887632 -40.1481223 -14.0548594 68.2130905 -17.3207516 -2.7444087 -20.151054
0 16.9135591 -12.8957212 23.6565193 -17.5918934 9.2572685 -10.3993196 5.2805777 -14.220992
0 20.0783711 -14.9573992 2.1026033 -9.9407994 29.0927995 -9.1880636 -6.4673147 -10.720198
0 8.1546591 13.4829012 5.0071713 -7.6297784 -14.3097795 -4.1820946 3.9654667 -4.488546
0 11.8666711 -39.9385382 71.6655113 -10.5911374 4.3846195 -18.1237666 5.2445767 -24.507939
0 -3.8599301 39.6316392 -13.4074903 -16.3635574 35.6901835 -17.9328926 -3.5773807 -20.180573
0 -11.5808141 -2.7213932 10.2961263 -13.6949014 45.9971705 -10.8045686 -7.7172107 -9.774410
0 -12.8581271 3.1461322 16.4383823 -7.4240774 14.5190125 -5.4541236 -9.6439567 1.276754
0 14.8356821 -15.0448892 4.5583953 -4.5569544 5.4252295 -3.9094766 3.8020257 -5.110012
0 -21.8254341 0.2840472 56.8050173 -14.4188824 12.9802245 -20.4887526 3.4275427 -16.763765
0 -13.1403801 -18.4447342 20.2576523 -7.3880444 45.2738235 -11.9685586 -0.0009437 -14.588816
0 -23.8263241 -16.3992342 57.9539793 -22.9147384 49.4569695 -24.6205146 0.9170257 -20.567163
0 -4.7201911 -4.6256722 5.6030523 -8.1302074 32.3135265 -4.7979686 -9.2948767 -6.347664
0 41.9983351 -26.4282032 10.7345753 -8.1349674 14.3353675 -14.0366856 -9.2787067 -9.189719
0 4.3108831 10.9657412 13.9699393 -12.2865674 1.8981765 -7.3571526 -2.9761787 -8.524842
0 -55.8872421 21.6370312 -2.1715193 14.9865564 81.6706585 -17.9095456 -22.1919627 -20.133979
0 -2.1277141 -5.0545152 7.4150343 -7.1458614 11.2807295 -5.0528696 7.1253807 -6.440183
0 -4.4366341 -9.2052202 35.1987323 0.5126514 12.0982075 -12.1841926 -6.7153087 -15.268237
0 -2.1088991 11.4369652 -0.5114243 -0.4924264 1.4235525 -4.6662156 -0.6159757 -4.465576
0 23.0640231 5.3027042 79.6291723 -27.0655074 -19.5455015 -28.4909116 -3.7986507 -29.095333
0 -6.1630531 2.1642392 21.2864203 -3.3504424 -1.0725355 -4.7963706 -9.0132327 0.944973
0 19.6061961 -24.6277232 23.8527453 -22.3315094 42.6164655 -21.9315996 3.9990197 -21.183592
0 -18.6745021 15.8892702 28.7566623 -14.2507064 1.1708205 -10.1405976 3.5956637 -6.346611
0 -2.3647621 6.0434762 -11.4508803 0.8530424 12.4450845 -2.1265006 -0.5367957 -2.862665
0 -9.1588641 33.8011662 0.3576853 -20.4636444 39.1956885 -19.6853156 -1.8076727 -22.239042
0 9.0558151 -10.3848652 33.5626483 -12.3723884 -4.0317885 -7.3313066 -1.2223487 -7.275768
0 -2.1088991 11.4369652 -0.5114243 -0.4924264 1.4235525 -4.6662156 -0.6159757 -4.465576
0 17.0783361 0.7386252 42.9884793 -5.4859434 -29.1716205 -12.3123806 -6.6044437 -7.231057
0 12.2745611 -2.4001922 2.1087663 -8.8837804 27.9257945 -18.4467276 3.3871447 -15.965565
0 -1.7691031 -1.9293422 11.1665903 1.5278644 13.8770755 -5.6806196 -10.1788587 -7.013610
0 -4.5589681 18.4825652 23.7545443 -9.9109574 -7.2197045 -10.0792386 -5.6607247 -4.807518
0 32.0397071 -6.6390452 24.0581743 -12.2872454 -8.7597295 -9.3205016 -8.0475717 -11.043792
0 37.8022401 25.4678202 70.2494193 -46.7055264 -1.2453225 -33.3192126 -24.2897357 -27.959688
0 21.2465211 10.0048112 80.0733103 -16.0993424 6.5618445 -42.1404416 -20.7683677 -38.878336
0 23.9278691 22.5714002 0.4577753 -16.3244874 -3.4212805 -10.9694496 -10.7693617 -5.472466
0 -9.8186261 16.6772082 74.6112453 -21.1818464 16.1626825 -32.1968916 -14.5058917 -29.747883
0 0.0002741 6.1715562 18.0636173 -5.2998354 -1.1606055 -8.2742086 -5.8446467 -3.656153
0 -3.1354191 -7.4990472 48.5290223 -14.8808364 2.6075685 -12.8996506 -5.1747087 -7.546932
0 -0.0139081 -3.8140112 13.3530363 -3.0029254 7.5570505 -6.0183826 -0.1442497 -7.916609
0 6.1162371 -18.1904942 -3.2935523 1.7855444 37.0447035 -9.4905946 -7.2676607 -6.704184
0 49.0097631 -27.6386682 -17.7044403 -13.6413354 52.4883775 -17.4422406 -9.5004307 -15.571028
0 23.7995421 41.4496572 3.6359973 -17.6201104 -22.8201505 -16.8605686 -0.2274027 -11.356966
0 20.3710281 -3.5805582 -2.8893793 -3.9919924 1.3931545 -4.1934196 -5.9040097 -1.204827
0 1.4843221 13.3691462 61.0454633 -1.0629894 -43.1769205 -13.8658456 -1.5433887 -16.249792
0 0.0000001 0.0000002 0.0000003 0.0000004 0.0000005 0.0000006 0.0000007 0.000000
0 -9.8257891 24.9733232 17.5067303 -17.8707364 17.9138645 -13.5702456 -10.4062197 -8.720930
0 0.0000001 0.0000002 0.0000003 0.0000004 0.0000005 0.0000006 0.0000007 0.000000
0 21.0745361 -2.1287542 18.7772373 5.1032984 -27.1008345 -6.3700596 0.0003157 -9.355741
0 -2.0104721 29.8969642 26.4999393 -18.1403054 -14.2657835 -10.4378756 -6.1985897 -5.343879
0 22.4057891 14.1338202 -10.0446903 -11.2010584 -19.2893555 -6.8950306 6.7836667 4.106859
0 22.9697591 -17.1545512 53.5415673 -7.0376624 -15.8591975 -12.0831866 -9.8542687 -14.522462
0 -8.8805521 -2.1796532 19.0437483 -12.6332254 42.8682115 -18.5200106 1.1362107 -20.834729
0 -8.5660611 7.5365002 -10.7999873 2.0532974 21.1819165 -6.7556986 1.3547397 -6.004708
0 -31.5829831 40.5826122 27.2957773 -27.2016364 47.3711225 -20.6437106 -18.4214677 -17.399716
0 34.5734641 -0.5503012 -13.5199373 -5.5394284 -5.1889235 -5.0607826 -9.3582997 4.644204
0 -8.1372161 -14.0236872 14.5948213 4.9059474 27.1577025 -7.3240196 -8.1719647 -9.001585
average: 0.152869352869