0 52.0496011 -12.1206972 -15.1494983 -9.7071624 16.0759895 -9.7680626 -9.9775337 -11.402637
0 2.7394001 -11.0450012 8.5787323 -6.9950894 32.5497195 -7.0709016 -8.7542957 -10.002566
0 6.0581131 11.7926742 -11.3167103 -2.8481144 -8.0270605 -2.9683336 0.2940267 7.015404
0 -1.1693031 -27.2688722 67.5437403 -9.8392584 4.1924875 -9.3515356 -14.1799317 -9.927327
0 64.5753811 -15.0870672 -12.5679083 -22.0234394 24.4898225 -22.3497016 -13.3435197 -3.693569
0 84.2804531 -30.7719802 21.9228703 -22.7688724 17.9546615 -22.3731996 -25.5120787 -22.731854
0 15.9802071 -17.2968442 14.2567123 -11.4683204 37.2547345 -11.4297526 -15.5809977 -11.715740
0 3.8496041 5.4072862 11.9681163 -12.1161194 30.1402355 -11.7739576 -12.2845977 -15.190569
0 10.1857401 2.6184562 -2.6282843 -3.4341974 6.9382805 -3.5384736 -6.1661987 -3.975323
0 -2.2395771 -0.5386092 89.6405903 -21.6647094 -1.2612095 -21.5263196 -19.4637807 -22.946387
0 22.0542281 8.1768212 0.2389663 -7.8199704 -10.3018185 -7.9599256 -6.2571787 1.868875
0 78.0278381 10.8656222 -30.4370763 -10.8804494 -24.3913195 -10.7431356 2.1288327 -14.570312
0 24.1488741 -26.0760612 0.2830013 -16.4416884 69.5859945 -16.7473306 -23.0482587 -11.704534
0 29.8182011 4.4335712 1.6877203 -6.3593664 -19.4472385 -6.1228506 6.4881057 -10.498142
0 51.2593141 -25.2944152 -12.9421113 -12.8514714 44.4367855 -13.0490436 -17.8362477 -13.722812
0 5.2600281 -6.9922572 14.9244693 -3.9099044 4.8436355 -3.8300806 -6.6032587 -3.692633
0 22.5176401 15.2237042 -26.9973073 -15.5835524 39.8350975 -15.6654716 -9.5637327 -9.766379
0 7.0019081 5.1630632 9.2379543 -18.9235484 51.2758445 -19.1294346 -14.1696357 -20.456153
0 44.8079401 -18.3352492 11.9932143 -16.2447204 9.9848875 -16.2348606 -20.3858997 4.414689
0 58.5316371 -11.3968142 -23.1994663 -19.8220204 47.6178855 -20.0949176 -19.9849267 -11.651382
0 10.8548651 16.1790922 11.0767713 -12.2046564 -6.4632975 -12.4708046 -1.6268557 -5.345117
0 37.5051061 -0.5270452 15.8311483 -13.1157404 -9.5396895 -13.2546526 -1.5685147 -15.330615
0 2.9496771 -9.3599022 19.6272353 -6.0745384 12.2571215 -6.0174936 -6.7908547 -6.591246
0 -1.5714371 -0.6904752 4.5022403 -0.5131124 -0.2274965 -0.5469496 -0.1441217 -0.808651
0 10.0523561 22.6052642 -2.8867943 -9.4092394 11.6165325 -9.5385586 -12.4600147 -9.979549
0 42.9591371 -20.7626702 7.0759153 -21.2568184 44.1014185 -21.3914746 -28.3833647 -2.342144
0 42.1714531 11.9385382 -7.1564573 -8.6459174 -31.1357125 -8.7398556 3.2962347 -1.728285
0 -0.0000001 -0.8539972 9.5863693 -1.2471864 -4.2029155 -1.2784596 -0.9341367 -1.069676
0 20.4769031 -9.7345892 20.4597553 -5.5769534 -10.6765525 -5.9503706 -10.4859437 1.487748
0 -5.7772921 -0.8778142 6.5915023 -0.8646234 4.6147915 -0.9915396 -1.6709297 -1.024096
0 -8.7043541 -0.8237702 -5.6322953 -7.8480714 49.0923995 -7.8553736 -8.4265687 -9.801969
0 19.2939871 20.0411742 -10.6461693 -5.1591634 -8.6965035 -5.1913496 -5.0540027 -4.587975
0 24.7218731 3.5891262 -5.0504593 -2.1078324 -17.8432055 -2.1659546 1.8546757 -2.998223
0 10.2165911 -8.1785902 0.4160403 -9.0002224 31.3968285 -9.4102646 -1.9940877 -13.446296
0 85.9645031 0.5124702 -5.4890573 -20.0774934 -9.5629415 -20.1922936 -2.9404477 -28.214744
0 50.2503891 1.2603892 -17.7233043 -14.1803044 10.8898205 -14.7204466 2.0666537 -17.843198
0 67.2715541 -13.7370482 4.3523223 -12.4761964 -16.7601105 -12.5792646 -11.0897257 -4.981534
0 -18.8467351 39.0238082 5.1325233 -6.3788154 -0.1038415 -6.3120786 -6.1568667 -6.357994
0 31.2105681 -7.0937752 0.0666893 -5.6026474 1.7353545 -5.7841626 -8.0013207 -6.530707
0 20.7654161 -17.2448432 13.3358963 -11.6668964 14.8923055 -12.0683136 -5.7644837 -2.249083
0 -7.6699011 -5.3509012 12.7651373 -11.3691144 31.3650535 -11.7324666 -4.6475637 -3.360246
0 3.0157841 2.1481152 -4.1829803 -3.8169264 14.7499315 -3.9018866 -4.2721487 -3.739891
0 78.5516911 -8.7070072 -6.1462563 -14.8672684 0.9426035 -15.2368616 -16.1749107 -18.361993
0 -8.0830531 -17.2593302 29.6289253 -14.1982234 51.2528095 -13.9801816 -14.1528397 -13.208108
0 5.4626841 -0.5877982 5.2910603 -10.2166184 29.5769515 -10.1665746 -8.1264717 -11.233235
0 -2.2337191 -0.3406802 38.5787293 -15.5262554 27.3753465 -15.6281646 -13.8877277 -18.337531
0 49.7198521 -17.5166042 15.3416253 -12.2786954 6.5702815 -12.1548216 -16.1848427 -13.496797
0 33.3334851 -23.8840392 -2.8728453 -13.8882224 60.2297075 -14.1614136 -18.9349187 -19.821756
0 -2.1836711 -3.9681892 -9.0163443 -3.1188874 26.5692125 -3.0069096 -2.7504517 -2.524762
0 47.9623031 -30.2039862 84.4547253 -28.5552764 16.7985055 -28.6728896 -29.8778547 -31.905528
0 23.9506261 -20.0070152 -7.8186533 -16.1025724 70.8496555 -16.2192436 -22.8925627 -11.760237
0 -38.3770781 -5.2481752 69.5197873 -14.8085314 36.5448675 -14.9044506 -15.4251107 -17.301309
0 -5.8502761 1.2576202 14.3123373 -10.7054724 40.7094625 -10.3923516 -14.3264377 -15.004881
0 9.0583221 -8.6903112 -5.5722853 -3.4282274 24.0287345 -3.5922926 -6.5322557 -5.271686
0 11.0358441 -1.4131142 -6.6848163 -9.0397574 32.8252865 -9.0662166 -2.2850157 -15.372213
0 16.1951921 3.3889522 -32.3723593 -11.7932384 51.5607575 -12.1184746 -5.0608997 -9.799931
0 24.2943581 5.6198022 8.7739863 -10.7082124 -1.6722825 -10.6651816 -5.8795507 -9.762923
0 -25.4561751 -16.3690512 11.5438303 -16.8331174 87.1968535 -16.8179686 -7.2820787 -15.982296
0 13.9147631 -7.9741562 4.5972373 -9.0601244 20.9904105 -9.1357146 -4.0407707 -9.291647
0 44.3316081 -13.3846002 6.7554483 -9.0006114 -2.0470775 -9.1909706 -8.5318927 -8.931907
0 -1.6916171 -3.3693542 30.5204863 -15.0064264 37.1188235 -14.6090126 -18.5383217 -14.424579
0 45.8281321 -4.1444302 -25.4638853 -12.6783404 29.5915965 -12.6250846 -6.7668777 -13.741113
0 68.4458481 -4.1366242 4.8815943 -20.5369754 16.6889705 -20.7641746 -24.3643027 -20.214338
0 -8.6258711 -12.6263032 -2.8039043 -9.7587064 58.7985585 -9.6568226 -5.8511257 -9.475827
0 132.3912901 -25.6254842 -19.2331553 -23.2048754 -0.7452185 -22.9588346 -13.3537687 -27.269960
0 54.2361951 -1.5814682 3.3253893 -16.5957734 5.6239485 -16.8554356 -6.8546617 -21.298194
0 34.8546111 -12.2268352 -10.4936263 -13.6517354 42.3904215 -13.9073216 -9.0826697 -17.882846
0 -0.7645871 -5.2830652 -4.1388263 -2.6220544 24.9008275 -2.7984936 -4.0426847 -5.251117
0 89.9919281 -9.8440712 16.2201023 -32.3349944 24.2769395 -31.6443216 -40.5279887 -16.137597
0 5.0315691 -8.9178602 18.5386913 -6.9612884 15.0397755 -7.1077176 -9.5106417 -6.112530
0 60.5233861 -19.5065612 37.9328163 -21.1384414 12.7356795 -20.7648956 -23.3959077 -26.386077
0 31.9004261 -27.2163522 65.8650293 -23.7773874 22.6845865 -23.2429436 -20.4925717 -25.720789
0 30.6925511 -5.3673022 -6.2497913 -3.5880994 -8.4476985 -3.2725046 0.3028767 -4.070034
0 29.6021271 6.7577392 -4.7197143 -4.7161844 -11.7273965 -4.9199306 -3.7831527 -6.493491
0 5.5314191 -14.3214872 25.6225463 -13.5080134 36.2461875 -13.6947016 -5.6405407 -20.235411
0 -4.1567701 14.2079292 28.5838053 -12.3959044 15.5512005 -12.0428846 -14.6761477 -15.071226
0 19.8521641 34.7336212 35.3480583 -18.2965504 -26.2798025 -18.0669686 -7.3294127 -19.961111
0 100.2152841 -27.3341502 90.0447503 -37.0210274 -9.2368315 -36.8551906 -41.6534447 -38.159394
0 70.3141131 -22.9700522 -20.1476503 -15.3765984 39.0730775 -15.5050816 -18.0118187 -17.375992
0 -5.5540471 -17.9259472 6.9960293 -10.0633484 54.6540445 -9.6333406 -7.7367877 -10.736603
0 39.2889871 -21.1137042 49.0278073 -18.2742914 9.8810075 -18.4350246 -21.4750267 -18.899755
0 49.6672501 21.3697802 -17.4388103 -15.4860714 -10.5061285 -15.7818456 -1.1064787 -10.717697
0 35.6520861 -12.1796322 8.0292953 -14.1797444 26.6231795 -14.4757266 -12.2604867 -17.208975
0 9.1593491 -10.1271362 11.2025373 -6.9391614 19.7905675 -7.0090326 -8.4617827 -7.615342
0 -7.8157201 -17.7044832 59.6187753 -17.1272224 49.1032785 -16.8869046 -24.5731347 -24.614590
0 22.9235461 5.7501402 -3.1476193 -10.6724384 18.5782435 -10.2745086 -9.3587047 -13.798659
0 -4.0245181 -12.6850492 32.2837223 -6.9433624 19.4322025 -6.7662326 -14.6942957 -6.602467
0 -23.0207241 -9.5138422 42.1252183 -4.0469944 5.8695655 -4.1032496 -1.4283447 -5.881629
0 82.7362801 29.2448552 -48.8201903 -21.4441534 -14.0281975 -21.7728366 0.2008637 -6.116624
0 0.0000001 0.0000002 0.0000003 0.0000004 0.0000005 0.0000006 0.0000007 0.000000
0 -11.6409651 29.3521332 25.2156773 -14.9474334 4.4885835 -14.9811206 -12.6093307 -4.877544
0 -9.5582661 -7.3731962 28.6891603 -4.3968894 7.6260645 -4.2512626 -5.8364207 -4.899192
0 -21.4924861 -20.6364872 31.3533333 -25.0833144 118.8179335 -24.8800606 -31.9891677 -26.089753
0 56.5548431 -8.2598872 36.5500993 -27.9121794 -4.0923075 -28.3115796 -14.3348537 -10.194141
0 32.4515601 -2.7904632 -10.2931833 -6.2828984 6.7763845 -6.1338426 -4.2932997 -9.434259
0 6.3127771 -3.2106432 -0.7607933 -8.5904204 39.7137325 -8.8592896 -10.6936907 -13.911673
0 18.1562321 -0.8936722 22.7353083 -15.4947034 14.8571555 -15.4899856 -3.4606947 -20.409643
0 6.9190921 -2.9527512 10.3607893 -1.0110484 -10.8700635 -0.7770436 -1.1905217 -0.478454
0 18.4085121 -16.7899652 20.1080413 -10.8490654 25.4987115 -10.8391126 -14.2291477 -11.307975
0 22.1770521 -27.8731952 73.2712233 -26.1377824 26.1005405 -25.6118856 -25.6725127 -16.253439
0 3.4259191 -4.6236562 25.8887233 -6.3456754 4.9552755 -6.4425966 -7.3762307 -9.481760
0 29.5755441 -10.9708152 21.7048943 -14.4907294 7.7284385 -14.7528076 -23.5266307 4.732107
0 35.8506571 -22.7047472 4.0346653 -10.9922434 35.5967135 -11.0612426 -15.9372367 -14.786568
0 0.0000001 0.0000002 0.0000003 0.0000004 0.0000005 0.0000006 0.0000007 0.000000
0 -3.3761581 -0.2848392 -3.5775513 -1.3350274 3.2478505 -1.3051496 -2.3088217 8.939694
0 33.8028201 -5.3549332 -18.2606643 -8.6351024 21.8813865 -8.5904196 -5.5880647 -9.255024
0 21.7581181 -2.0513572 -0.9520083 -6.2526854 6.0261735 -6.2695696 -5.0365287 -7.222143
0 38.8132681 -26.3391562 29.6435533 -15.2260634 30.4419465 -15.4385456 -24.8040587 -17.090944
0 34.6488461 -3.5011722 -0.8474093 -12.6237394 0.6771175 -12.3515736 -12.2533527 6.251281
0 -9.3845761 3.6155192 8.1010313 -3.0226764 7.2354935 -3.0213206 0.5628857 -4.086356
0 28.1693181 -1.3079752 23.4197753 -17.1191274 20.1267355 -16.7464316 -18.0150487 -18.527247
0 44.3525041 -32.0215552 45.4286803 -38.0519174 91.0997985 -37.3191596 -44.2937507 -29.194603
0 43.4551821 -20.6863442 -17.3204133 -13.3306784 45.4981315 -13.8293176 -8.6076177 -15.178943
0 51.1529051 -42.2912962 32.9367233 -26.5007344 63.5575295 -25.9146026 -33.7930987 -19.147429
0 -2.0921811 -8.1933742 21.2350103 -3.0052324 2.8752115 -2.6643646 -6.2179747 -1.937095
0 7.0047321 -25.4325622 64.0200713 -15.9693824 20.7858815 -15.5250506 -16.7822397 -18.101450
0 0.0000001 0.0000002 0.0000003 0.0000004 0.0000005 0.0000006 0.0000007 0.000000
0 30.0922581 -32.5476262 46.9021723 -19.5764054 42.7207975 -19.1588956 -27.4516017 -20.980699
0 7.7688491 -23.4235982 40.0221353 -17.8976344 44.3594015 -18.0061646 -15.1683287 -17.654663
0 81.3023001 -5.0506602 -43.5192173 -25.4664264 60.9952305 -25.8523226 -11.5222557 -30.886653
0 26.7875341 -11.8499592 14.3565593 -5.9703494 -10.4484945 -4.9901986 -3.0729357 -4.812157
0 53.7315711 9.3103522 7.5055623 -13.9614174 -18.9251245 -14.0790786 -6.6081087 -16.973756
0 10.3442271 -11.3433762 -14.6840843 -13.9436114 64.0642325 -13.8836176 -15.9639597 -4.589813
0 -11.0149831 -10.7437782 -5.1041913 -7.3675884 59.3775045 -7.3464056 -9.7786337 -8.021927
0 -13.7612291 -0.0554082 78.5012933 -20.2450964 19.1488615 -20.4728336 -22.2535367 -20.862052
0 27.8687561 -15.0598612 26.4195513 -10.0678324 9.8921955 -10.0537386 -14.0570367 -14.942034
0 1.8972741 -8.2951332 24.5608333 -9.5898764 18.6629485 -9.8199346 -4.9623747 -12.453740
0 19.1290781 -9.5349842 -5.2912203 -3.9501824 8.9226825 -3.7709806 -0.2327107 -5.271686
0 -12.2672691 23.6284682 14.3751523 -6.2853494 2.2663605 -6.0716056 -6.5759137 -9.069843
0 -4.0397221 5.9577832 10.6593583 -11.9876604 34.3385895 -12.1630246 -10.0733927 -12.691934
0 -17.0344871 -20.4175502 71.1386493 -12.9811044 23.9032415 -13.1266446 -17.7894087 -13.692698
0 14.5684281 21.2302492 17.4790273 -6.0732434 -32.5356815 -6.1504346 -0.9845027 -7.533841
0 17.2198651 38.8947512 -24.9719333 -16.7145624 34.1222455 -16.9893416 -14.3796447 -17.181381
0 48.0244151 -20.9867322 49.6431453 -36.5686294 67.2044915 -36.3675576 -44.5380007 -26.411134
0 -3.2763351 -8.6756942 -10.0982873 -7.8086134 32.8117005 -8.0352926 -5.6911607 10.773679
0 61.5789991 0.0765072 -12.3355203 -17.0417054 15.0314685 -17.2724026 -10.4993627 -19.537988
0 -9.1770941 17.7649952 32.4839403 -12.8166114 14.8549975 -12.8131716 -14.5478017 -15.749253
0 -2.4693711 -9.4497432 23.0255343 -5.3693094 9.3604335 -5.3366276 -2.5948927 -7.166024
0 -15.1023811 -11.6296042 16.0998233 -6.8405274 33.1963405 -6.7838456 -0.3711237 -8.568684
0 16.0880801 3.2060472 3.3679323 -2.9466414 -14.1162265 -3.0365766 1.4393707 -4.001985
0 29.7283921 -11.1558622 32.4781943 -14.8678084 -3.9859115 -14.8758466 -10.4244667 -6.896692
0 46.3346461 3.2199572 -11.4678673 -18.2158084 2.5907535 -18.3125836 11.0860087 -15.235108
0 -3.2198721 -12.5445002 14.3829973 -5.3187374 28.4673375 -5.3259146 -10.3844947 -6.056817
0 1.9622931 -29.7076142 98.0204153 -19.9766634 23.7614025 -20.0344396 -34.5966047 -19.428787
0 90.7858291 -21.8466292 1.9076433 -20.5626324 12.2528015 -20.5931276 -18.4390657 -23.504822
0 0.0000001 0.0000002 0.0000003 0.0000004 0.0000005 0.0000006 0.0000007 0.000000
0 -19.2347471 -9.4629912 -4.8732043 -10.3425144 73.8555755 -10.7166126 -10.3698487 -8.855657
0 12.5231781 -23.6846892 33.4598733 -15.2005934 44.4621775 -15.1361756 -20.2800887 -16.143684
0 10.2828261 -40.9876462 47.7687433 -23.4745114 93.2685435 -23.9098976 -32.9886637 -29.959395
0 -2.9931741 15.5659232 15.4531043 -5.1052674 -8.1086065 -4.8639786 -4.4503317 -5.497670
0 49.5278531 -5.1778762 14.7678253 -21.2080454 -1.8156355 -21.7525116 -1.8650877 -12.476524
0 102.9768681 -54.5086772 44.7410023 -36.2874074 65.1880795 -36.2498796 -45.2473017 -40.612686
0 -17.8717361 -21.3330782 37.4674263 -14.7623294 60.1174165 -14.9460806 -17.9786677 -10.692950
0 40.6282141 -7.8526182 -22.4871553 -9.6942054 26.1430895 -9.5587066 -7.3709427 -9.807678
0 -3.1498781 10.0562842 -12.2622183 -12.0476494 53.5133165 -11.8205996 -12.2364827 -12.052777
0 -6.6547761 0.0000002 6.0199473 0.0000004 0.8577805 0.0000006 0.0000007 -0.222951
0 11.5698301 4.7400152 -19.4890043 -17.5574674 50.9154575 -17.4606376 -8.5141937 -4.204001
0 3.2201651 -0.5477922 5.4067143 -1.2391814 -2.6144765 -1.2123326 -1.6297487 -1.383350
0 -12.2393611 17.6344652 6.1445063 -4.8915494 6.3572505 -4.5783176 -4.6524217 -3.774573
0 -10.8210871 6.6823982 18.3367463 -10.7206114 18.5801835 -10.8113886 -0.6708457 -10.575394
0 26.0977101 -11.1886932 5.2702583 -6.4670784 6.6866045 -6.3569256 -8.3446877 -5.697187
0 -5.8945171 -11.4317152 40.2684333 -8.9193684 12.0159725 -8.9557316 -7.6065107 -9.476566
0 7.0654921 -10.6310182 -0.1108403 -7.0287914 32.2773565 -6.8369896 -8.5178167 -6.217395
0 30.8065391 -3.5360972 20.3318743 -18.6490054 14.3216595 -18.8711036 -12.9534047 -11.450466
0 -0.3657361 -5.8339122 7.0702313 -2.8147644 14.5189705 -3.0208216 -3.8243987 -5.729570
0 35.3536111 -8.6579772 24.7921013 -21.6274574 14.0180655 -20.7494356 -10.0504137 -13.078497
0 9.3156871 -11.1609482 7.9313633 -6.7600054 20.8586415 -6.6206626 -6.7908547 -6.773223
0 8.7192451 15.3916352 -9.8620653 -8.9867114 24.0166415 -9.2246746 -7.2345377 -12.819536
0 1.5369771 -15.4302602 48.7032743 -10.9350554 14.3112925 -10.8140366 -15.4866747 -11.885518
0 32.3658221 -11.4797632 -26.1218593 -19.9249584 72.7858395 -19.6467696 -17.5461957 -10.432120
0 18.0673701 9.8701442 2.7945833 -2.4055004 -23.3210315 -2.7192226 1.5474217 -3.833765
0 30.2339481 -4.6489452 -9.0660443 -10.2496734 9.5880135 -9.8363916 5.3848247 -11.405732
0 12.3066131 -2.0203002 -5.0702093 -2.5439784 4.4695975 -2.6388736 -2.3308387 -2.172013
0 0.0000001 0.0000002 0.0000003 0.0000004 0.0000005 0.0000006 0.0000007 0.000000
0 17.1602371 8.3353932 1.5058883 -10.7056874 20.0087155 -10.8723616 -14.1162117 -11.315974
0 38.0613001 6.0953252 -24.6280663 -11.4004394 9.4950135 -11.5436846 -2.2058727 -3.873579
0 -15.6404781 -13.8672382 31.4687963 -8.4326394 31.8721255 -8.3784866 -8.9655957 -8.056485
0 46.9261511 -16.2555702 22.2845533 -15.2126194 6.9717255 -15.1398786 -13.7800107 -15.794351
0 2.4023281 -3.6587802 -3.9979673 -7.3773664 34.0248895 -7.7727246 -0.9562687 -12.664113
0 -47.3833391 8.2704642 43.5038173 -13.2925694 32.1745805 -13.1755686 -5.2899527 -4.807432
0 19.7426511 -6.3770692 -17.1239493 -10.3176264 46.5852675 -10.3863416 -11.0243587 -11.098577
0 17.6622821 -8.2703442 36.5480223 -15.1906944 15.3008825 -15.3564396 -13.2342987 -17.459408
0 39.0642351 -1.3152132 -5.7129673 -6.0324144 -17.2327515 -6.0561066 3.3221707 -6.036955
0 -2.4053631 -3.0649992 72.8732513 -21.5480754 31.3788445 -21.8351646 -34.0103817 -21.388111
0 24.9196761 -21.5610492 27.8233373 -14.6267254 10.1657405 -14.1153596 -7.3533557 -5.252265
0 29.4547101 -6.4987022 -21.3372763 -13.5736484 29.8154145 -13.9376496 -6.9895107 3.066662
0 31.2210011 -31.9571942 54.4435563 -31.5616334 72.1996485 -31.4557976 -36.2691527 -26.620427
0 36.9949231 -26.8590222 19.9950263 -26.0628234 80.1748545 -26.3797966 -28.5092017 -29.353964
0 19.1271671 -14.7832422 21.2225973 -8.2088914 9.6316435 -7.8873026 -11.5347307 -7.567242
0 6.3472321 6.8982592 1.3452683 -6.4366454 11.0214375 -6.6727086 -2.6069997 -9.895843
0 2.9991451 -23.6645832 3.5875363 -16.9574694 76.9270725 -16.7462116 -23.9568367 -2.188653
0 36.3809191 -3.0689192 2.4023823 -7.5531914 -8.0819855 -7.9971196 -1.2984047 -10.783682
0 16.4772631 -9.7673352 -11.4604763 -9.6325424 48.4971725 -9.7007206 -12.1783077 -12.235055
0 -0.7038361 -23.1165602 36.0798313 -14.5071774 47.0479005 -14.3959796 -15.7564487 -14.647731
0 36.8294871 -10.5405502 4.5235123 -9.8708934 9.5739025 -9.7566716 -10.7796377 -9.979150
0 -2.9983141 -10.4097152 7.8258583 -7.3414074 35.7844465 -7.5485706 -3.9433787 -11.368921
0 -4.0676651 -9.5590072 13.8224953 -6.2457454 22.3762905 -6.2688376 -3.9381427 -6.119389
0 2.8450961 -1.7556282 9.3304323 -2.4252514 0.8416945 -2.9145636 -3.3418577 -2.579921
0 -10.5288011 -15.4563992 34.0162723 -6.3760704 24.4995695 -6.5397816 -12.0554237 -7.559366
0 31.6006001 -6.5461642 -7.4033243 -5.1011524 1.4821995 -5.1657186 -4.6898747 -4.176567
0 -4.5678731 -3.8826102 17.0816123 -8.5163964 32.4761025 -8.2463196 -11.8086187 -12.535898
0 -2.6031211 10.2720072 -8.9981033 -11.1967844 20.1239545 -11.0837006 -6.8815757 10.367323
0 13.2374291 -6.7655992 -11.5901603 -7.5559524 36.8990285 -7.6890366 -7.0646947 -9.471017
0 97.0299661 -19.7430382 10.3952653 -25.2232824 14.6811295 -25.7572636 -18.0935767 -33.289202
0 -8.0420841 -1.4256062 10.2595893 -2.1038044 9.6651375 -2.2038716 -3.5189647 -2.630396
0 0.0000001 0.0000002 0.0000003 0.0000004 0.0000005 0.0000006 0.0000007 0.000000
0 -5.4878011 -18.3055172 12.9306713 -9.7019624 51.4395405 -9.8737456 -9.3816637 -11.619523
0 -4.0676651 -9.5590072 13.8224953 -6.2457454 22.3762905 -6.2688376 -3.9381427 -6.119389
0 -24.3439821 16.6050972 91.5624473 -17.5632554 -8.2037145 -17.1341036 -23.0167337 -17.905754
0 -26.4235191 3.3299782 28.7376953 -15.7828364 60.8745105 -15.3646396 -20.0083167 -15.362873
0 116.7196651 2.1246842 20.3218203 -33.8048874 -6.7883215 -33.9286496 -29.9990577 -34.645256
0 15.0351371 -4.0685872 -1.8104903 -2.5695754 3.1839935 -2.5469346 -4.4952697 -2.728276
0 1.4170931 -17.6769072 26.8031623 -20.6047394 70.0749325 -20.2935326 -27.7071407 -12.012868
0 11.8609241 -20.4866342 6.5812363 -13.1066784 55.8255995 -12.5957046 -15.0777497 -13.000996
0 49.5365591 1.2847122 -17.0878103 -9.7695104 -8.6052555 -10.1966726 -1.5817617 -3.580266
0 16.8412081 -47.9113142 65.4774073 -39.0063244 118.2711975 -38.4173836 -47.9024477 -27.352346
0 16.4691651 -13.2000912 1.9087523 -8.1823374 30.1927265 -8.0282366 -10.3674357 -8.792545
0 -2.4766251 -18.3063802 13.2828323 -11.8970564 57.3936825 -12.2462826 -10.4569577 -15.293216
0 25.5784161 -22.6969852 23.4586233 -16.8796184 40.5633545 -16.5719496 -21.0552267 -12.396617
0 64.9929721 -5.3255362 -18.9697383 -10.1843324 -0.9276795 -10.4622146 -6.5452347 -12.578241
0 35.4564951 -17.4136592 7.9395753 -10.5941384 20.4951105 -10.7357316 -14.3746227 -10.773031
0 10.3252641 -1.1340012 -6.3395293 -0.8183384 -5.6507085 -0.5547156 5.3239927 -1.151964
0 38.6368641 -21.6578892 28.9543383 -16.5966734 28.2814075 -16.9261306 -23.1853737 -17.506547
0 78.3910251 -38.3345852 47.5066873 -30.7060264 18.9451085 -31.2165716 -41.1125337 -3.473108
0 -9.8325261 -1.9091002 1.7270933 -0.5947824 8.7302165 -0.5150086 4.8434017 -2.449295
0 0.0000001 0.0000002 0.0000003 0.0000004 0.0000005 0.0000006 0.0000007 0.000000
0 -3.9891351 -0.3294282 6.0189653 0.0000004 -0.8645095 0.0000006 -0.8358947 0.000000
0 51.3087061 -3.9806232 -20.9104073 -9.1778494 9.1906725 -9.3900826 -4.6935007 -12.346916
0 16.3829541 -11.0946082 35.9823613 -10.1985764 7.3689835 -10.1880556 -18.4309067 -9.822150
0 3.3638291 -13.5575532 22.2573363 -8.2614324 24.6716105 -8.1271426 -11.8183067 -8.528341
0 0.0000001 0.0000002 0.0000003 0.0000004 0.0000005 0.0000006 0.0000007 0.000000
0 1.4417061 0.0000002 -7.8244753 0.0000004 6.8286705 0.0000006 0.0000007 -0.445901
0 5.8295211 -8.9191862 -2.2957463 -7.6235734 33.9784685 -7.3519976 -4.9507977 -8.666690
0 0.2664811 1.1069552 -5.5938823 -2.8959424 13.2977335 -2.9273326 0.5555437 -3.809555
0 26.5521341 -15.0203292 18.4196233 -12.8227634 14.2839345 -12.5264636 -0.9637907 -17.922348
0 -20.4080961 -12.6587822 41.2527523 -3.7108644 3.1963265 -3.5926826 0.2491007 -4.327754
0 4.3758291 -16.9644772 50.7689203 -10.0136964 8.5467845 -10.0866156 -11.7303547 -14.896390
0 54.6559561 -19.1594602 32.3423663 -22.5294964 17.9873815 -22.7275986 -17.5228407 -23.046309
0 1.5039101 -11.4340622 7.1194963 -7.1489234 33.0206225 -7.4817016 -4.5473307 -11.032012
0 12.9490171 -8.7149642 -0.7920303 -4.8868084 21.6154235 -4.9073836 -5.8562417 -9.407014
0 25.9670291 -6.0996182 4.3124323 -4.6270944 -3.8116055 -4.3139816 -7.3155387 -4.111626
0 1.6808531 -5.2830652 -2.8366953 -2.6220544 20.9349695 -2.7984936 -3.8243987 -5.251117
0 37.2691831 -4.5428262 -21.3896183 -15.7641114 51.2239835 -15.9977356 -10.8168417 -19.982036
0 74.7273111 -12.1409842 -27.3029583 -19.1230644 43.9918805 -19.4646996 -15.0734727 -25.614017
0 -7.3057841 -6.0310922 -12.1212763 -8.8960984 57.7449745 -9.1624376 -9.5285267 -4.699760
0 5.0451221 -8.7305302 13.7877623 -4.2093114 10.0698825 -4.3280296 -6.2764197 -5.358477
0 -19.9254611 -9.1642542 40.6993173 -5.6129694 16.3771935 -5.4316306 -11.6846537 -5.257540
0 28.8306361 -4.5747222 30.2027243 -22.6769074 38.8436665 -22.1862326 -32.7598227 -15.679342
0 -5.9412411 -1.9091002 7.5285283 -0.5947824 -0.9625035 -0.5150086 4.8434017 -2.449295
0 -10.9075631 -16.3621162 32.0754203 -7.7185734 24.1456795 -7.7934566 -15.1083787 1.668988
0 20.2170641 -14.3970542 13.0239643 -15.6359324 32.8128825 -15.6909976 -1.4242297 -18.905701
0 5.3054001 3.8575202 -15.4644113 -4.0647484 26.0274835 -4.0277806 -4.9676097 -6.665855
0 -10.9105211 -8.3638552 15.8291043 -4.0930144 22.7159595 -4.2374836 -6.8338147 -4.106375
0 -15.0831771 -2.4904142 48.3715673 -19.7460494 49.8147075 -20.0034376 -20.0943997 -20.768799
0 23.5244721 -9.6703342 15.7866413 -8.7790134 10.3365645 -9.1135226 -10.7429817 -11.341828
0 7.7211741 -9.1492362 4.6504323 -4.7440684 17.4999785 -4.6364956 -7.3864887 -3.955295
0 37.6734241 0.4767212 -14.1583883 -5.0366684 -4.5403015 -4.7505226 -4.1961117 -5.468155
0 14.2131481 -9.5590072 3.6194003 -6.9417504 16.4577935 -7.2003226 -3.9381427 -6.651118
0 7.7409881 -12.5290412 16.8598063 -6.9391614 17.9535635 -7.0090326 -8.4617827 -7.615342
0 -10.4745801 11.5850512 26.2189423 -11.6231574 6.0134145 -11.8832416 3.6743537 -13.510783
0 28.0794451 -29.9374582 20.1217453 -17.5300804 34.5005265 -17.6264696 -21.2919927 3.684283
0 13.0916471 -15.4471472 19.9054763 -14.8698334 40.9081985 -15.5491196 -8.6321337 -19.407091
0 9.5027711 -23.4265172 29.5628203 -18.2213114 63.4680645 -18.9144426 -19.2039697 -22.767419
0 7.3927491 0.9764082 -1.3957683 -5.4325224 12.9723565 -5.5232856 -2.6270297 -6.362910
0 10.3755461 -11.5607982 43.9575143 -8.6648774 -4.9250915 -8.6018486 -11.9889927 -8.591453
0 39.5089661 -6.7154262 19.1122543 -13.0385194 -0.2220255 -13.3385236 -7.7875667 -17.519161
0 -5.5301971 -5.0046202 17.2339633 -2.5037674 -2.3245665 -2.6352906 3.2708887 -2.506411
0 -13.1259801 -22.3488942 39.3111853 -13.6080974 54.5129355 -13.8721546 -13.9348927 -16.934102
0 14.9366421 -9.2493222 4.6110353 -6.0745384 15.1757765 -6.0174936 -6.7908547 -6.591246
0 57.9815641 -1.7979862 -14.5345503 -5.7913794 -21.3608365 -5.8573796 -2.7607937 -5.878641
0 34.9818461 -21.1276282 51.3764813 -18.7874204 16.7401845 -19.1462496 -23.8168487 -20.220366
0 -7.2881111 7.9613712 31.3510323 -10.7159884 12.6619005 -10.6566066 -11.9236827 -11.389915
0 -1.8268521 -2.7267042 36.0323073 -3.9208094 -14.5632335 -3.9653536 -4.6025047 -4.426853
0 151.9823631 -36.8979592 18.1644283 -32.7966754 -1.6334175 -33.3555276 -33.0027397 -32.460479
0 28.0803631 -9.8012212 47.1616853 -19.1188174 18.1667025 -19.3894546 -22.2893037 -22.809954
0 21.5269861 0.8062882 -6.7835813 -7.3937564 19.4642475 -7.5563586 -8.7697227 -11.294104
0 10.6180101 -15.4249012 19.4768233 -9.2286424 29.6160125 -9.1559946 -16.1518597 -9.749449
0 72.1419871 -13.2894002 0.1063753 -16.6121794 -11.0346875 -16.9096406 -4.5590047 -9.843454
0 3.2201651 -0.5477922 5.4067143 -1.2391814 -2.6144765 -1.2123326 -1.6297487 -1.383350
0 -16.1054681 -19.6593122 46.6980393 -10.1106884 40.3383915 -10.3361936 -16.7092347 -14.115534
0 13.0698451 -24.5061682 29.6125513 -17.6733604 12.9525345 -18.3746606 -21.7232767 26.642535
0 -10.5266761 -25.4015252 34.4095723 -16.2393604 68.3222715 -16.7939646 -12.3119377 -21.458382
0 57.0397011 -36.3746522 50.8052783 -25.6215944 35.5237765 -25.8153596 -21.0708867 -34.486263
0 3.2706611 -14.5648002 19.4327673 -7.9317704 28.9904845 -8.0260386 -12.7153337 -8.455971
0 21.6394791 -14.2237592 50.9778433 -11.4201664 -16.7757125 -11.5207676 -8.0783787 -10.598542
0 25.5939671 -31.7158062 41.7467223 -17.7779434 33.1354815 -17.6437936 -13.1316307 -20.207000
0 78.8029381 -23.7624512 14.4106833 -17.0826614 4.4537285 -17.1940926 -22.3802577 -17.247887
0 47.4572841 -24.2655312 33.2812803 -16.9327984 9.3855955 -16.6094426 -14.7106997 -17.605692
0 12.6002971 -3.6898512 -7.3506873 -6.4906794 17.0561665 -6.2163396 3.3383327 -9.247240
0 52.3767391 -19.3759362 -9.0699453 -10.7135514 20.4821765 -10.6956906 -9.9639127 -13.039882
0 22.5290831 -29.8364262 24.9671713 -21.1757644 73.2511215 -21.2879556 -26.4920907 -21.955141
0 23.2818681 -11.4950712 -0.5053533 -6.5197564 20.2727585 -6.3179136 -11.1118877 -7.604646
0 9.5562351 26.5060782 -19.8540593 -32.8441504 94.4624125 -33.4589016 -8.4019927 -35.965622
0 11.0732451 -6.2677462 -24.8959253 -6.3036674 43.4158165 -6.2950236 -5.3695317 -5.357170
0 5.7925271 -3.2965112 15.4470563 -1.2653184 -12.4596295 -1.4785926 -1.2442937 -1.495239
0 16.4149961 13.3791382 9.4486243 -7.0665904 -11.6828485 -7.2740556 -5.6946257 -7.524638
0 9.5508331 -13.6785012 9.3455993 -6.1370764 18.8507715 -5.8806296 -4.8422167 -7.208781
0 46.2201121 7.3203052 -9.1705813 -12.4184354 1.8317555 -12.9367896 -4.2028377 -16.643531
0 39.7099841 -15.7387582 -6.0256843 -7.3138424 15.5829015 -7.3355416 -9.8797227 -8.999337
0 17.1263251 -17.9060902 16.5705123 -18.0676564 63.9335715 -18.0067056 -24.1748597 -19.475099
0 -0.7472931 14.1088162 19.4401493 -7.2807614 -2.1148025 -6.9687966 -7.1234917 -9.313820
0 112.4656211 -36.6644282 -0.3218633 -29.4680264 48.0991215 -29.6605346 -29.9518627 -34.498034
0 1.6808531 -5.2830652 -2.8366953 -2.6220544 20.9349695 -2.7984936 -3.8243987 -5.251117
0 66.0085881 -19.1962192 -24.0041813 -11.5066054 22.8780595 -11.5862626 -7.2552697 -15.338112
0 -12.0449781 0.6193382 34.2615903 -7.9722814 14.5485965 -8.2693786 -13.0956807 -8.047207
0 13.6253121 -15.8729642 24.8035963 -11.8081244 29.2764805 -11.9605136 -11.8486957 -16.215093
0 29.9875081 -1.0530932 32.4265933 -19.3441094 20.7002415 -19.4427496 -23.4610347 -19.813355
0 47.4231811 -26.0383112 -13.1387923 -23.4919094 57.5709025 -23.9537466 0.0953677 -18.466693
0 -6.5623931 -10.0533262 -8.9138243 -5.0315364 39.8365785 -5.3055126 -5.5233387 1.553351
0 -9.8217641 -17.6747192 24.6097833 -12.1015944 56.8860765 -12.1134346 -17.4307007 -12.353648
0 36.9185231 -12.7282612 28.3350653 -13.1473634 2.2172745 -13.6557226 -19.1408087 -8.798711
0 -16.7718121 -25.1034812 38.0625183 -14.2031914 59.9300735 -14.1065426 -8.9700807 -18.837486
0 75.3972181 7.6152182 -11.5789513 -21.5043254 -1.2301915 -21.9064296 -0.4211237 -26.371421
0 -2.4454401 -0.8539972 8.2842383 -1.2471864 -0.2370575 -1.2784596 -1.1524237 -1.069676
0 -19.9534201 -5.9379252 8.5633563 -5.5580164 40.7275765 -5.2482516 -7.7781157 -4.815205
0 -19.6634351 3.1759842 24.5769233 -14.2076044 34.4525545 -14.2705366 -10.9520777 -3.111809
0 23.8120211 -10.9403252 14.6534553 -5.8412844 -15.2857155 -5.6758466 -2.6731307 1.950825
0 23.3880791 -12.3048562 -5.0737943 -5.7014184 22.1554955 -5.7631986 -9.8523117 -6.847997
0 -33.7149841 -12.0314042 40.7528803 -14.0310724 54.9686575 -14.0800736 -16.5787927 -5.285212
0 72.9026791 -0.1488172 -24.6874853 -9.4249384 -18.8998415 -9.5293176 -0.5354617 -9.676819
0 -18.8790761 27.2023422 4.9648363 -12.2320804 37.4088625 -12.0738326 -10.6694097 -15.721644
0 6.8397481 -2.0203002 10.2065373 -2.7232294 -2.4310845 -2.7688496 -3.7129877 -3.389838
0 82.4070701 -23.8341342 14.1412223 -31.2321104 55.5469115 -31.3269246 -29.3608227 -36.341216
0 -14.3534451 -1.5610122 0.9760133 -10.8638364 44.0650255 -10.9855246 -6.0495667 -1.227654
0 63.0966541 -22.3499112 24.8965283 -19.0673154 6.5730465 -19.2385576 -14.6325557 -19.277892
0 13.5456411 -7.4203182 6.9608643 -4.1937944 6.1791845 -4.3777776 -5.6538807 -5.039921
0 58.8476761 -24.7839292 -34.9700973 -11.9353354 41.8923825 -11.9987206 -3.4653697 -13.586610
0 11.7709001 -15.4796552 7.7325213 -12.9599824 51.3633145 -12.8423266 -16.4996847 -13.085089
0 82.2029371 -52.3218722 88.3261623 -39.7123904 55.9026955 -39.5377436 -51.3501427 -43.509646
0 -5.9412411 -1.9091002 7.5285283 -0.5947824 -0.9625035 -0.5150086 4.8434017 -2.449295
0 -1.3736791 -7.3568792 5.2899313 -3.4170224 17.9573415 -3.4843566 0.2748697 -7.890205
0 -1.1083811 44.8871182 34.8930643 -24.1515834 10.4174095 -24.5220886 -13.3457167 -27.069824
0 79.8726811 -28.3581402 11.8260303 -20.2580484 6.8825065 -20.2846316 -20.8795197 -8.800880
0 5.5454851 -17.2726792 21.5113713 -16.6522504 61.2132375 -16.5778906 -19.3532717 -18.414006
0 13.4920121 -27.2070962 65.3463323 -33.4984844 79.9406835 -33.0056286 -38.0999197 -26.967903
0 68.7657931 -34.2947902 17.2277063 -23.2878244 29.3788755 -23.2182656 -24.8997097 -9.671786
0 0.3745641 16.1357002 8.9348683 -9.1353014 9.6585835 -8.9556726 -6.9954517 -10.017291
0 54.0387801 -15.8392612 -5.7509963 -12.8371944 22.3295175 -13.2956086 -15.6595487 -12.985691
0 7.0719081 -3.3896552 23.7871443 -4.4805254 -13.2307725 -4.7527876 -0.9848107 -4.020503
0 9.0975761 -9.0384212 15.7738323 -9.0264624 22.6705785 -8.7184206 -9.1488847 -11.609799
0 16.0393791 -24.1077242 21.4768753 -11.9825444 41.0550735 -11.7414046 -17.7198227 -13.019833
0 53.2134611 -36.4766942 47.2485473 -22.4505174 20.5719785 -22.3745496 -27.6984717 -12.033757
0 37.9126261 26.6858672 -4.6412113 -10.1110504 -34.5386245 -10.5671286 8.5393027 -13.279782
0 33.5178261 -1.7380342 36.7002013 -22.9235224 25.3589315 -22.6344106 -23.5988947 -24.682098
0 48.9690671 -12.4759752 -5.5623553 -9.5528264 7.6680815 -10.0634816 -9.2834447 -9.699069
0 56.0375171 0.8690282 -24.2326383 -10.3060184 5.4250325 -10.5434796 -2.4596877 -14.789755
0 59.1978061 -28.2368682 45.3181413 -25.1085254 32.6319715 -25.2097886 -27.6780947 -30.914641
0 47.6756191 -8.2013082 21.2140183 -16.7803994 -19.7658405 -16.7532446 5.4804557 -12.869303
0 28.8467351 1.5135742 -6.9181363 -12.5096954 35.4672015 -12.6338106 -19.4898557 -14.276016
0 52.1013571 -20.2503302 23.7998313 -26.0115154 49.4073165 -25.9019926 -21.6985847 -31.446085
0 19.8190801 8.6636252 18.6039603 -14.6975854 4.5309485 -14.6431926 -4.6710727 -17.605763
0 -16.7990131 6.5733502 39.6882183 -5.1042854 -3.0349505 -5.1116856 -9.7779907 -6.433645
0 -17.8547271 -15.3795252 23.5092173 -10.9232474 56.8194925 -11.0567766 -10.2807537 -14.833681
0 5.9209821 -3.0453122 -11.9364863 -8.7821764 41.8822625 -8.6920126 -6.0878517 -9.259408
0 6.0754011 -5.0161442 1.2624373 -6.1657234 23.2051505 -6.5499996 -5.0495167 -7.761607
0 89.7769491 -11.7262862 -21.3810453 -13.2767274 -6.5693025 -14.0851246 -5.1747167 -17.563751
0 -6.9956651 -3.0457662 -2.0607563 -1.4538914 20.5114755 -1.5027026 -1.5854567 -3.867238
0 -2.4766251 -18.3063802 13.2828323 -11.8970564 57.3936825 -12.2462826 -10.4569577 -15.293216
0 -19.9254611 -9.1642542 40.6993173 -5.6129694 16.3771935 -5.4316306 -11.6846537 -5.257540
0 -4.9833141 22.7985292 5.8307993 -5.2253964 -5.7422805 -5.1255926 -1.2280867 -6.324658
0 4.9264731 1.1556542 20.4952253 -5.4332754 -9.9501175 -5.4701756 0.5048697 -6.228654
0 10.7236371 -8.8507572 26.4375093 -5.2206734 -3.5400485 -5.3489906 -5.7322067 -8.468473
0 54.6683431 -0.9791072 -3.3888073 -13.0931374 2.2661305 -13.5640286 -10.8805867 -15.028811
0 16.1601661 -13.0580842 5.9689283 -9.3493484 36.9273035 -9.4155836 -16.3228357 -10.910546
0 27.1726301 -29.7763602 35.5783143 -17.1066494 40.1953415 -17.3753536 -27.4545987 -11.233325
0 109.5525491 -17.7376112 26.3685923 -18.0174774 -41.4937195 -18.5492356 -21.1903487 -18.932753
0 13.5556421 9.0028462 -3.5212883 -8.1916284 11.0835075 -8.3231526 -2.5659797 -11.039950
0 1.9904481 2.2336662 2.5057853 -9.0938594 14.3492315 -9.2371706 -3.6441177 0.896015
0 -7.2538271 -15.4666532 46.8406933 -8.8562144 11.3306935 -8.6421506 -6.9749057 -10.977636
0 10.3049971 3.1340482 -24.4494893 -7.9351864 46.7427985 -8.1334366 -5.5957737 -14.067959
0 29.8731911 -7.9749782 7.9710033 -12.2378404 24.7879425 -12.5570366 -16.0069217 -13.855360
0 -13.1387191 -12.1289462 39.0191233 -12.5863124 41.1108355 -12.5237086 -15.8841847 -13.868089
0 30.7277221 -9.9734202 27.3401173 -23.1778094 27.4368705 -23.0762876 -19.3846877 -9.892505
0 -36.7194221 5.4993872 56.4039593 -14.8754864 22.2785485 -14.9733756 -11.2797567 -6.333855
0 -3.2016431 -9.9918972 9.9196993 -4.8610894 28.2010855 -5.1993426 -8.6988997 -6.167914
0 2.1032351 8.9718602 -3.6542843 -0.4439544 -3.7533365 -0.4859976 -1.4083577 -1.329166
0 -3.9492931 0.4410452 -6.8168823 -5.3986044 26.2847165 -5.5746376 1.6213467 -6.607692
0 69.9239241 -34.9553422 37.6849923 -25.3230964 46.5825145 -25.6214456 -37.4291727 -30.862374
0 -23.5710091 -10.5572722 68.3897633 -21.9752194 62.8598435 -21.7007376 -31.6874177 -21.757949
0 -3.7083221 -4.6411422 13.1066843 -5.4619064 18.1681025 -5.4855446 -6.7236377 -5.254236
0 21.5690171 2.7029112 -12.4589893 -4.0517584 -13.0125095 -4.3304506 14.6685167 -5.086738
0 72.7283191 -25.5753782 13.6710053 -20.7602384 12.9907405 -20.7711966 -20.2457427 -12.037514
0 86.7368451 16.9151362 -15.6168623 -22.2350554 -3.4570345 -22.5846656 -12.3308577 -27.427509
0 26.8061761 26.7264782 -17.1288553 -11.1955004 7.7431135 -11.2368666 -7.7108467 -14.003699
0 -4.4830471 -3.2393522 -0.5842683 -2.9755394 21.0196345 -2.9947536 -3.9414657 -2.801210
0 64.6767791 -17.9639842 5.4484473 -14.8394034 -3.3979315 -15.3669986 -13.2095647 -5.347345
0 24.3376831 0.1546582 95.6733213 -24.3731304 -41.7052705 -24.4576546 -11.8037727 -17.825838
0 -0.6345831 -16.2218362 32.8479773 -10.2247044 24.1379855 -10.1601686 -9.7055077 -10.039164
0 34.7223911 -15.4206252 20.4102873 -14.9778104 21.6564475 -14.8700046 -13.8560047 -17.664682
0 -1.7468761 -9.6566782 29.3527233 -6.6531104 14.9776845 -6.8657576 -11.6287887 -7.779198
0 -4.0676651 -9.5590072 13.8224953 -6.2457454 22.3762905 -6.2688376 -3.9381427 -6.119389
0 58.5588061 -2.6161512 13.0169213 -27.6639074 20.9498155 -27.6482156 -14.4899117 -20.107359
0 14.6134841 40.4941752 12.2295803 -25.8801574 37.0891525 -25.5647636 -22.7858377 -30.195632
0 -27.7756971 -21.5146262 47.7520643 -8.3196274 36.7698925 -8.3299696 -7.7895617 -10.792475
0 30.7308251 41.7524002 -12.6145203 -12.9804004 -11.5137075 -13.0920316 -7.2718027 -15.010763
0 57.4027491 -19.4756902 -3.5517913 -11.1079054 14.4900155 -11.2452246 -15.2604477 -11.251706
0 9.2491631 -6.6628292 8.9055043 -3.9099044 5.7081445 -3.8300806 -5.7673657 -3.692633
0 -30.3089381 9.5959882 73.4483533 -10.2736124 -9.0997185 -9.9497186 -13.0918567 -10.320498
0 -0.1278571 -6.2051132 3.0096443 -4.6253934 18.6241825 -4.6046776 0.0802747 -6.151060
0 13.8723131 -10.8387182 23.8783973 -27.5717774 67.2835375 -27.5365056 -31.4749257 -7.612324
0 45.3513771 -1.5982492 -7.1228643 -11.9773004 7.1020805 -12.4698906 -3.1501777 -16.134978
0 43.0179081 -7.0915872 -8.4758673 -5.2823284 -4.0658155 -5.8281126 -6.8355307 -5.438670
0 32.0510761 -10.4785582 27.0370703 -12.3211464 -9.1023445 -12.2654476 -0.9177137 -14.002938
0 -12.9375101 3.4964312 11.2777283 -6.0514564 27.4042305 -5.9665746 -9.0326407 -8.190206
0 38.1320971 -2.1245682 -15.4253013 -8.1239184 11.1203875 -8.3464636 -5.9190307 -9.313205
0 -8.2721461 -21.7367972 24.3376323 -13.2193274 62.2747255 -13.3643936 -13.8134817 -16.206215
0 -14.6081221 -1.6295422 12.1703403 -10.1363854 43.4647545 -10.2829276 -15.2532347 -3.724882
0 2.5082611 -0.4942612 6.9310883 -1.0084134 -4.9551705 -1.0505136 -0.9193777 -1.011614
0 32.0584511 1.2225322 33.9391343 -16.0317924 -8.2404395 -15.7471256 -18.0863487 -9.114412
0 0.0000001 0.0000002 0.0000003 0.0000004 0.0000005 0.0000006 0.0000007 0.000000
0 0.0000001 0.0000002 0.0000003 0.0000004 0.0000005 0.0000006 0.0000007 0.000000
0 -7.2120651 -8.3178462 8.4250833 -8.0199204 42.9285375 -7.8572826 -11.8148097 -8.131698
0 22.3956171 -31.0599902 30.8121583 -16.3923454 46.1909795 -16.2541206 -17.4149057 -18.277394
0 0.4318161 -8.0140122 18.4801223 -17.1052404 66.4730045 -17.1203296 -25.1349417 -18.010418
0 99.6997651 -45.9281532 68.9682703 -38.2726094 28.9611665 -38.2354736 -44.0540417 -31.138929
0 10.2602281 -9.2493222 21.6658643 -6.0745384 2.7973615 -6.0174936 -6.7908547 -6.591246
0 8.2329841 -6.6829822 17.7246583 -8.8178284 10.9298635 -9.0846206 -2.5399537 -9.762121
0 26.7198991 9.4253972 2.3928233 -5.5980274 -20.2604815 -5.2312076 -0.2824737 -7.165933
0 4.1580011 -1.8697072 42.3104853 -16.0725034 19.4901025 -16.4928106 -13.3394207 -18.184149
0 8.9801681 -5.4992552 -16.7770203 -9.6195864 52.3959175 -9.4913646 -9.5717167 -10.417145
0 19.6648681 -22.0393282 1.5144583 -12.5133534 57.6997045 -12.6413796 -16.0446577 -15.640315
0 6.8194971 -20.5521332 49.5756003 -14.6803884 9.0644555 -15.0125716 -8.1906417 -7.023817
0 18.7396011 -22.8682992 81.7274543 -28.8388444 42.0277445 -28.3719296 -27.8171287 -34.598599
0 55.8915371 -4.1346752 -0.3744183 -13.1128364 -14.5914345 -13.2587106 4.2599187 -14.679384
0 46.9198901 -10.3699092 6.5234163 -9.1239434 -0.0000925 -9.2642196 -16.0443157 -8.640826
0 49.0800901 -3.8767992 21.7071463 -11.5991924 -15.0208215 -11.9679476 -11.4290457 -16.893432
0 44.0913281 -7.7386072 17.9208883 -12.2058164 -4.3585715 -12.0799236 -12.6689037 -12.960394
0 -11.9635431 -8.3407402 -7.9368103 -4.9578954 49.3856685 -5.2372506 -3.2715577 -7.677873
0 29.6082441 -16.7252732 44.0137933 -14.3518984 -8.3385265 -14.1614606 -4.4831467 -15.561733
0 56.1239221 17.8818682 -4.9834273 -19.2341874 2.4927545 -19.4754376 -6.8267627 -25.978732
0 -6.9431871 3.6972322 28.1276683 -17.6949094 45.6883045 -17.7967796 -15.2418007 -19.836530
0 17.5453881 7.2756682 25.8706253 -13.1244894 -16.6916155 -13.0167136 9.8200717 -17.678936
0 11.9735651 -10.9572992 24.1811673 -13.4507114 21.2787865 -13.6085646 -16.7308897 -2.686057
0 41.1549171 -3.4970992 4.8055033 -8.0399374 -12.2045605 -8.6475416 -11.5680417 -2.003244
0 34.2657981 11.8852802 -24.6540313 -9.7193234 10.0402835 -10.1433366 5.3165267 -16.991199
0 -16.9792501 12.4014632 30.0274563 -9.3265174 13.6217145 -9.0473896 -11.5087227 -9.188754
0 28.9043241 0.2316042 -20.8682403 -8.5994264 -1.1513265 -8.8688736 -1.7693467 12.121282
0 5.5549601 -11.5150422 6.2483403 -13.0502494 59.2276235 -13.2712676 -14.6204397 -18.573927
0 50.8994501 -13.7682852 -12.5247723 -7.1203134 4.1823495 -6.8304786 -6.2686097 -8.569343
0 17.4720831 -8.1947862 20.8898143 -6.1651244 -15.3812745 -6.5857656 -6.5563607 4.521412
0 -2.8713561 -1.6086332 17.8639293 -6.0726504 6.3137035 -5.6125116 3.3290127 -11.341494
0 0.0000001 0.0000002 0.0000003 0.0000004 0.0000005 0.0000006 0.0000007 0.000000
0 6.1429431 -6.6871762 2.5700193 -3.8612354 17.9348875 -4.0108256 -5.4541467 -6.634466
0 -16.2877221 9.9183692 39.4746373 -11.9169774 12.1981595 -11.5803296 -7.1795027 -14.626632
0 54.9935151 -35.9299002 52.7712713 -20.5004254 9.1727075 -20.4157766 -29.5129387 -10.578452
0 13.0385271 -7.8056492 -0.9569783 -3.9504954 15.4765355 -4.0148976 -4.8128297 -6.974214
0 18.6006281 -3.2107612 -11.4940663 -7.5350594 22.7826105 -7.7969866 -0.9882477 -10.358119
0 -6.2891551 -2.5926712 10.0823373 -7.6752754 8.2923455 -7.6411516 -10.1556967 15.979267
0 35.7629231 -12.3993582 28.5940333 -27.5599794 38.6449625 -28.1595876 -19.4887227 -15.394268
0 1.1275261 -12.8075512 30.7024793 -7.3354834 17.5444605 -7.3370986 -14.7929967 -7.101334
0 58.2355121 -27.1647702 25.7354953 -23.8086744 28.6019685 -23.9964706 -20.5450867 -17.057978
0 68.7444711 -23.2860042 2.8732373 -14.9025254 9.3331425 -14.6871226 -13.1303327 -14.944865
0 32.7549841 6.5990752 19.3574213 -18.4364244 13.5810145 -18.3220916 -15.1066317 -20.427350
0 55.1199551 -12.2637192 41.4645793 -25.6091144 15.8798575 -24.7772316 -21.3712437 -28.443085
0 10.1140531 7.4511292 23.6630583 -23.4338784 64.1095515 -23.4916066 -27.5029327 -30.909374
0 -18.9733181 7.8661142 23.6774203 -15.0951804 39.4466495 -15.0883896 -3.0172457 -18.816052
0 70.1624811 -30.2906112 24.7822553 -21.0050054 25.6782075 -21.5296076 -28.1969627 -19.600756
0 -6.1600491 -28.9167592 37.4417103 -19.3275254 88.4860245 -19.8224126 -27.2343167 -24.466671
0 22.8063341 -2.7626312 -9.5392483 -7.1938694 19.0963945 -7.1905606 -6.9470557 -8.269366
0 6.9711141 -2.5666192 3.4633453 -0.8183384 -4.8863195 -0.5547156 -1.6084687 0.000000
0 -26.0993781 21.6754702 40.9682753 -18.2414054 36.2521815 -18.3565696 -17.3902437 -18.808331
0 14.5096551 -5.0823812 2.2201973 -7.2054444 -37.1745345 -7.2101026 13.6935897 26.249020
0 4.4209891 -4.0953432 16.2453963 -9.6474354 24.1691785 -9.6917316 -10.8361337 -10.564921
0 25.8305131 -20.9809052 55.2496153 -34.5175684 67.1011745 -34.4283286 -16.7060537 -41.548449
0 -11.7185341 -2.7869142 14.1200303 -1.4594054 3.6522885 -1.5065476 3.1724737 -3.473391
0 58.9661781 -14.7844642 41.9821173 -32.9776984 21.8191325 -32.4863896 -17.6754337 -24.843445
0 48.8104311 1.5658502 36.7144013 -14.4761904 -42.3017485 -14.8576566 -7.9338227 -7.521266
0 2.5481911 6.8940532 46.3094613 -12.2640174 -3.9328845 -11.9652206 -15.5419877 -12.047597
0 -18.5083271 5.0651922 29.6929143 -13.0518284 33.8085425 -13.0953636 -10.0944597 -13.816672
0 3.6035771 -22.1168422 40.3715393 -16.6505224 39.1365455 -16.9590686 -17.3709737 -10.014257
0 23.6538001 7.3432472 13.0276363 -10.6722624 -4.3495615 -10.5869516 -6.8973427 -11.518566
0 -10.0089061 -11.4681072 21.3510233 -6.8405274 21.4137875 -6.7838456 0.9052597 -8.568684
0 29.3741941 -7.0991382 -7.8678953 -12.0798984 23.8334445 -12.0727486 -8.6831417 -5.404820
0 20.7968121 -13.3500762 2.9544903 -9.1021354 27.3172155 -8.8557356 -11.9108087 -7.849761
0 14.0486481 -10.3187732 1.9817363 -5.6652384 19.7740415 -5.2118566 -5.0521187 -9.556439
0 18.7338591 -1.8620312 -4.9692543 -9.7403654 16.2099975 -9.5370036 4.8833917 -13.718594
0 -0.9180111 -2.4545582 1.5096683 -2.8883214 9.0968995 -2.6120156 2.9469147 -4.680575
0 59.0930221 -15.9173952 -5.4410173 -13.4434044 20.3815365 -13.3826176 -15.2650117 -16.025115
0 -7.1886911 -3.3021802 2.0153603 -8.2866804 39.9272005 -8.5459386 -5.0764527 -9.542619
0 51.3640501 -22.6998112 22.1825263 -17.9666274 21.4880105 -17.8601666 -16.8244287 -19.683555
0 -1.9945671 -0.1647142 3.0094833 0.0000004 -0.4322555 0.0000006 -0.4179477 0.000000
0 19.0192611 -8.1080802 -0.4816253 -10.4986474 31.8362945 -10.4902646 -9.3343997 -11.942542
0 6.5073861 6.6785522 9.5066633 -17.4506194 28.0706495 -17.6747706 -19.0113317 3.373472
0 33.4831251 -19.3179332 10.0413133 -13.8570104 27.7993585 -14.3139006 -18.2710317 -5.563924
0 17.3097961 -10.5101542 -9.0857673 -12.5611554 60.4543895 -12.6729116 -14.8387267 -18.095474
0 90.8484971 -37.5665732 31.9200833 -28.8368144 25.6823285 -28.4264656 -29.0746667 -24.546389
0 0.0000001 0.0000002 0.0000003 0.0000004 0.0000005 0.0000006 0.0000007 0.000000
0 19.2939871 -4.5258642 -2.3331163 -2.5571744 -2.9873985 -2.5268456 -2.3590367 -2.004554
0 6.3239091 -6.6628292 5.2507173 -3.9099044 12.2881855 -3.8300806 -5.7673657 -3.692633
0 20.2294451 12.5425972 13.8677803 -11.9985094 3.4159375 -12.2823466 -10.7945067 -14.980398
0 32.6372411 -18.9676852 3.8317103 -9.6113224 27.8636405 -9.5932786 -15.6196767 -10.540630
0 52.2076051 -4.6051212 -8.7654063 -8.5507394 -13.5439615 -8.7119836 -9.8515787 1.821185
0 13.4712341 -0.3372892 45.3874803 -19.3914944 18.1559345 -19.2421316 -24.9951077 -13.048629
0 9.4365411 -10.7303382 44.6820683 -13.1514454 13.1873945 -12.9658996 -17.8366627 -12.621660
0 53.4845901 -37.5297962 26.2272043 -22.1848944 58.5983155 -21.9383856 -30.2962177 -26.360819
0 -7.4268811 5.1629522 4.1009343 0.0000004 -1.8370045 0.0000006 0.0000007 0.000000
0 -21.5817191 -15.7763382 38.9973243 -9.0274214 30.9096225 -8.8934946 -4.1221937 -10.505779
0 4.3363021 -26.1633532 69.8544713 -30.1029424 52.6033535 -29.7663456 -44.0439897 3.282503
0 34.9210171 -45.7965922 74.1234783 -39.5630654 92.8117805 -40.1332026 -39.8111287 -36.552290
0 7.9862091 -7.6636642 4.4675143 -9.3683584 36.2665735 -10.1589436 -9.8036057 -11.725724
0 -9.7855411 0.0000002 16.2777563 -0.1665834 -5.8864055 -0.0965616 0.0000007 -0.342665
0 23.0469291 -9.9021812 -1.8818593 -7.5814494 20.8092815 -7.7563186 -9.7088307 -7.025572
0 14.9374931 -12.8755942 2.2019063 -5.7014184 24.7268225 -5.7631986 -9.9213657 -7.604646
0 -3.8610701 14.3290062 27.7063333 -9.7130914 6.8370075 -9.7874776 -11.3893397 -14.121372
0 -0.0000001 -0.8539972 9.5863693 -1.2471864 -4.2029155 -1.2784596 -0.9341367 -1.069676
0 7.9145651 -5.3620752 30.6530053 -8.3388614 6.1328205 -7.8987496 -9.2074887 -13.893215
0 45.3827321 22.7833282 17.2321733 -19.6742374 -13.9575455 -19.7258096 -14.8252517 -17.215393
0 20.8134411 -27.2253452 33.4298123 -19.2419804 57.3975845 -19.6018546 -17.7207807 -27.850878
0 -1.7474721 -4.2915202 13.6519443 -1.6391454 -7.3716125 -1.6437516 4.5238707 -1.482315
0 -14.9290981 -17.2982592 38.1700813 -9.2460664 40.6336185 -9.3446546 -14.8941847 -13.091437
0 41.5129881 -7.8526182 -20.9025383 -9.6942054 23.6736985 -9.5587066 -7.3709427 -9.807678
0 82.2185661 15.2884672 -5.6839183 -15.3878334 -42.2424275 -16.2946956 6.3335337 -24.231694
0 37.4283831 -42.8786322 33.5094563 -28.7680324 87.9210935 -28.7612116 -38.7046717 -19.746388
0 38.7370061 -6.9460752 34.9774813 -6.1446514 -43.3042935 -5.5532226 -5.8464777 -5.919771
0 21.5814801 -17.4285662 -3.5117653 -11.7284384 46.8603935 -12.1862296 -8.7860297 -14.800848
0 -22.9805561 15.6866022 22.6944323 -3.7768274 -0.5213185 -3.6475746 -3.6801867 -3.774573
0 -3.7325211 -17.3558612 24.6698733 -10.0119904 24.3531195 -9.8173236 -7.8325227 -0.272774
0 -4.3389541 3.7551442 23.8828903 -17.5466034 41.1191915 -17.5643736 -11.1685107 -18.138784
0 -1.3616091 -0.8727242 34.2876743 -15.4600554 33.3415515 -15.2931016 -19.3101707 -15.331565
0 8.3529421 -8.2362692 -3.2633043 -3.1318434 18.9715025 -3.2162646 -5.3570427 -4.119721
0 -0.0000001 -0.8539972 9.5863693 -1.2471864 -4.2029155 -1.2784596 -0.9341367 -1.069676
0 74.9549671 -4.8893722 34.3032803 -31.7786494 18.1591225 -32.0488416 -22.6494857 -36.051026
0 54.0737461 -22.5504382 16.7000833 -17.1354134 19.7543235 -17.2636806 -12.6452137 -20.933405
0 67.6178731 -9.2614642 -8.5268543 -12.6799394 -0.4094955 -13.0708986 -8.1527097 -15.516512
0 -3.0654691 -5.6805622 -13.2377333 -11.1608524 64.8319715 -11.2713276 -11.5603697 -8.855658
0 -7.7029191 -15.7838522 13.7987303 -8.2942764 49.4869715 -8.3206676 -14.3259607 -8.858027
0 4.2979781 -12.9840172 14.9053903 -9.1781994 31.8027705 -8.9718356 -11.5151207 -8.356968
0 32.7197471 -3.5898882 -6.0978893 -6.4074774 3.7302925 -6.5434296 -3.4983937 -10.312963
0 -0.5770631 10.8516742 31.2006823 -16.1235894 27.1764545 -16.1859666 -16.1390037 -20.203190
0 1.4770921 -25.8686722 -1.1979473 -21.9707394 84.5627045 -22.1986476 -8.7469807 -6.056811
0 16.5984571 -14.7009302 22.9087713 -13.6620924 22.1174455 -13.5490856 -12.6921297 -7.020437
0 11.3135071 -9.5622092 15.0718523 -4.8922134 0.9640105 -4.7525796 -2.0004417 -6.141927
0 -1.3646971 7.8046622 -6.3685743 -3.8645624 17.9083965 -3.8569256 -4.0051887 -6.253111
0 5.9935241 1.3579582 18.4425043 -21.2654394 55.4138305 -21.0310516 -17.3037577 -21.607572
0 17.5933611 17.1309362 -2.2848853 -9.4782454 10.3863865 -9.4107726 -13.3142107 -10.622570
0 -11.5728131 -4.3082312 17.6463013 -2.1868944 9.4958345 -2.1096496 -5.0274527 -1.937095
0 32.1619021 -0.7720242 -4.3718973 -4.2646344 -14.4891485 -4.3510906 0.7100827 -4.623190
0 27.9150011 3.3252522 17.2170013 -14.4199034 5.9002075 -14.7795416 -6.6459917 -18.512025
0 32.3135371 -21.1933372 28.6254113 -13.0841914 18.8556465 -13.0831056 -18.7018657 -13.732094
0 15.2975061 6.6275292 8.7599723 -10.4135614 8.0825145 -10.0801996 -6.5846827 -11.689078
0 32.9622751 -20.2273062 54.0006843 -20.2729964 17.8997965 -20.4017716 -21.2040387 -22.756644
0 -10.4301181 -3.0608922 5.5150893 -2.5360264 14.6530215 -2.6096126 1.0850887 -2.616550
0 -7.4762211 12.3265712 14.8688363 -8.0808064 12.9110295 -7.8587316 -8.3917977 -8.298881
0 30.4578781 12.1265412 21.3272643 -16.4902584 -13.9735725 -17.1885106 -20.3310047 4.071660
0 2.3206761 -9.9021812 7.0191063 -6.8854434 30.6936365 -6.8248336 -9.9271177 -6.493843
0 30.8202851 -21.2042332 37.6999993 -14.0974164 20.5842195 -14.5882226 -20.4357077 -18.778927
0 9.3675351 4.7100222 -7.7425883 -1.4485704 -3.0921095 -1.4780186 2.2338137 -2.550086
0 56.3342521 -30.7481532 26.1532823 -35.9688754 85.8423605 -35.7067906 -27.8295377 -38.076544
0 8.1890261 -11.7301702 -15.3047003 -8.9603844 58.2994625 -8.9246236 -12.3623987 -9.206213
0 -5.4737351 -13.9600532 40.7636023 -3.7981984 -3.6514665 -3.5186306 -7.0571227 -3.304395
0 89.0786081 -23.2045982 57.6146063 -22.8819274 -34.4940905 -23.2023406 -14.3701437 -28.540115
0 -13.4107911 3.1677632 13.2881633 -4.9825714 2.5385575 -5.2075306 -1.4626487 6.069057
0 74.1378881 -2.3209472 1.9115113 -22.6183034 18.6853935 -22.8185406 -23.4440357 -23.532966
0 75.1902311 -28.3479682 8.6958843 -18.9010654 24.7258345 -18.8137736 -20.9304817 -21.618663
0 9.3675351 4.7100222 -7.7425883 -1.4485704 -3.0921095 -1.4780186 2.2338137 -2.550086
0 -8.3372701 -7.5805242 52.7769223 -12.8487314 25.9569145 -13.1856096 -18.4879617 -18.293739
0 54.9910631 0.8690282 -22.5977523 -10.3060184 4.4695285 -10.5434796 -2.3155667 -14.566804
0 34.8494571 -15.7929022 -1.3043693 -9.0982014 19.3124545 -9.0525146 -10.6834087 -8.230518
0 -17.0470431 -8.7499822 9.7924923 -4.9578954 36.4754775 -5.2372506 -2.0642307 -8.211571
0 17.0887091 -4.1240732 7.5705983 -6.1926384 3.4163275 -6.1145136 -5.1526757 -6.491735
0 52.7226011 -35.0791182 103.1844953 -35.8532864 28.9718795 -35.1921396 -40.3671287 -38.387302
0 92.0227931 -49.4585332 8.8213933 -41.5099004 133.0340915 -41.1109036 -49.3112547 -52.487690
0 53.5941511 -18.8045062 12.8151733 -14.2836984 11.9407945 -14.8120036 -16.6417357 -13.808177
0 49.7619441 -16.5432902 49.6194723 -36.4526374 51.6415775 -36.0431746 -24.0115987 -37.972296
0 1.9728281 -11.7285492 24.6071653 -6.3806884 15.6750185 -6.4874266 -10.6813327 -6.977016
0 26.5433751 -7.0285322 3.4623293 -9.5701754 16.8757155 -9.7890316 -9.6462157 -10.847466
0 37.5310841 -1.0586092 -35.0528073 -12.2057104 34.7943645 -12.6327276 -2.4818627 -8.893732
0 35.4112691 -16.0530162 24.8767913 -12.3948804 -2.1931085 -12.4065866 -14.8878877 -2.352584
0 36.8275161 -13.5371642 34.2405653 -12.0065194 -26.0155745 -12.1044276 -17.4403887 10.035992
0 3.7850351 3.0943932 15.3910623 -13.8451934 38.0521905 -14.0577256 -14.9893547 -17.430408
0 12.8514661 -8.0367762 -10.8268343 -5.6884614 29.7532055 -5.5538426 -7.2457207 -5.253038
0 0.4206771 4.3990592 -36.7212593 -12.0003264 81.3560485 -12.0886606 -9.6385047 -15.727035
0 0.0000001 0.0000002 0.0000003 0.0000004 0.0000005 0.0000006 0.0000007 0.000000
0 17.0654841 -18.6933062 35.6170053 -11.6384974 12.4271915 -11.7566526 -9.4674957 -13.553730
0 0.0000001 0.0000002 0.0000003 0.0000004 0.0000005 0.0000006 0.0000007 0.000000
0 -2.5383711 -1.2652222 35.2563333 -16.5769404 44.2270245 -17.0716666 -22.0908087 -19.940348
0 28.0964641 -3.4875062 -4.0727113 -10.1057414 24.8277105 -10.3437766 -10.4854597 -14.428981
0 6.4873451 7.1405262 27.2578243 -12.0276914 10.1732035 -12.0248706 -15.1687297 -11.837607
0 23.1481901 -18.1126462 27.0108693 -9.3815504 11.8815725 -9.2837096 -11.6376817 -13.625046
0 31.2528681 -31.2752712 59.3192453 -21.4774574 35.4258655 -21.5115676 -30.0421047 -21.691579
0 -2.5571271 -1.4256062 11.9982163 -2.1038044 2.0003165 -2.2038716 -3.3006777 -2.407446
0 3.7380271 -1.9347022 30.9604013 -16.8530634 35.9911665 -16.5372356 -16.7658987 -18.598696
0 27.3417501 -6.0888872 -6.8806993 -5.1135524 7.6535905 -5.1858076 -6.8261077 -4.900289
0 12.1725381 -3.5625532 -4.0188983 -7.7204264 22.6103355 -8.1564116 0.1832267 -11.507811
0 17.0555321 -5.8308582 -3.8245253 -4.0614214 13.5916665 -4.1816806 -5.9244547 -6.824260
average: 0.153756613757