0 -7.2246091 -10.6260752 18.5468023 -15.9054944 47.0238725 -16.1187436 -15.695753
0 15.7830151 -6.0460612 35.8939603 -9.6344834 -16.3999305 -9.7342236 -9.862280
0 -15.4528231 1.7469382 14.1020333 -27.2221014 63.5862685 -27.5550686 -9.205246
0 34.1452831 -5.1178982 -3.4980203 -10.9922964 3.1030255 -10.8429956 -6.797098
0 74.5874741 3.2346312 -8.0537343 -33.5332904 36.3922335 -34.0401886 -38.587127
0 18.6652201 -4.4633492 7.9989863 -14.6074854 11.9804675 -14.1149176 -5.458922
0 3.9160391 -4.6106022 -0.9078413 -14.9921714 40.1178155 -15.3123296 -8.210910
0 51.2643591 -24.4842392 -20.5123533 -16.4843994 46.0649805 -16.4873646 -19.360986
0 38.7266251 -7.0299402 6.6823363 -17.3301634 19.3388765 -16.9402796 -23.447456
0 -4.8426531 -11.7084342 36.2756783 -22.0079544 51.1094575 -22.1737066 -26.652385
0 -4.2593561 2.7922912 20.9785633 -10.7760104 2.6163335 -11.1423406 -0.209481
0 20.0602491 -9.2555822 41.0344953 -29.4770144 36.9431595 -29.1502586 -30.155051
0 0.7624881 -11.3759082 84.4307663 -22.7690884 -2.2525535 -22.8516986 -25.944012
0 -30.6377301 32.3004222 12.6610803 -10.1036794 23.9756735 -10.3488136 -17.846952
0 -3.6019981 -10.2050192 15.3196273 -16.1537644 38.8165115 -16.4049846 -7.770372
0 8.9358071 -1.1078682 -4.8958403 -5.8813204 2.2565395 -5.5808446 6.273527
0 5.6976081 10.8683212 53.3167433 -20.1166934 1.3119375 -21.0666606 -30.011254
0 -30.2360221 -6.2540562 12.2144863 -14.6943954 62.6080365 -15.1411506 -8.496899
0 -5.5323461 5.5451922 17.7256933 -20.5296094 38.0265055 -20.4895496 -14.745887
0 26.1955981 -1.2927432 -3.0901363 -12.0072424 12.0634815 -12.5156006 -9.353358
0 -11.5771321 -14.0055752 -0.9179173 -16.1408364 57.3986875 -16.6591896 1.901963
0 9.9667361 -2.4234182 -11.5641713 -14.8637284 51.4925695 -15.0011636 -17.606827
0 11.7227251 -7.5201762 5.0416253 -2.2952864 -2.0399625 -2.4071936 -2.501733
0 10.7317911 -0.5401482 15.5815173 -0.9343564 -22.2180275 -1.1260006 -1.494775
0 -28.0593501 0.2165052 34.0497083 -11.6157234 24.1430555 -11.7546326 -6.979563
0 -6.9972511 0.8623712 9.2846093 -20.8381234 57.4999695 -21.1347796 -18.676797
0 -10.0522611 3.5301052 5.3271983 -14.1945954 6.5537415 -14.7407906 23.576605
0 -8.4401871 -2.1585072 -3.6908313 -4.0374534 14.7550025 -4.2366296 7.808606
0 -0.4056471 -10.0373922 25.7742003 -6.3338404 -8.0772045 -6.2565266 5.336408
0 24.3708581 -7.9125972 -23.9791093 -7.8372244 -17.4900245 -8.1454166 40.993511
0 -0.3686731 5.0709582 24.9545303 -7.4496764 -6.7246315 -7.3756506 -8.106858
0 -5.4456051 -14.0234162 9.5090583 -6.1946364 25.6023155 -6.1031996 -3.344519
0 16.6945531 -2.4569772 3.1292063 -1.1918724 -13.1981375 -1.3447646 -1.632009
0 -0.0254081 -11.4562052 43.2793793 -13.3407244 1.6019025 -13.5941966 -6.464749
0 71.8898541 1.6618592 26.5116303 -28.2445254 -18.8453055 -29.5296676 -23.443845
0 18.2553921 -4.0458852 27.7678003 -15.9749714 12.1278425 -16.5100876 -21.620090
0 78.5271831 -23.9294202 -23.8784183 -18.1290404 18.7312465 -18.6346886 -12.686865
0 -8.6713281 -8.8530062 2.4120573 -5.0091864 28.0966245 -5.1868376 -2.788325
0 -24.5916861 5.4719222 10.1411653 -12.0935794 28.6141285 -12.0819836 4.540032
0 26.2329651 -12.2955182 21.1930033 -10.4713514 -0.2738885 -10.0185806 -14.366631
0 19.9196531 0.8933992 -29.3020843 -13.5206924 43.4790425 -13.6464956 -7.822824
0 11.4832571 0.0309602 11.0344573 -3.5370284 -18.3056005 -3.5536196 2.847572
0 -4.3507981 -11.6299002 21.1914943 -24.0172644 65.1957785 -23.9764256 -22.412885
0 -2.4985851 7.2003872 -29.8105343 -10.5195074 48.0732685 -10.2867486 -2.158281
0 -6.8790701 7.4936762 13.5887343 -11.7880364 21.0626515 -11.7201716 -11.757783
0 -1.6562021 10.7656172 -12.1923133 -23.0772614 72.2754655 -23.2353196 -22.879986
0 13.2818181 2.0551942 -5.8069983 -7.0273034 12.2608675 -6.9052486 -7.858330
0 0.0790101 14.3051322 5.4791533 -15.2355454 32.1609595 -15.2652816 -21.523426
0 0.8124971 5.1546762 -4.3369733 -0.5264764 -5.3290075 -0.4597016 4.684983
0 35.9886071 -22.3675552 54.9803603 -25.4839214 -1.2734685 -26.2892676 -15.554753
0 19.6952071 -20.0735102 32.2213093 -17.9988974 10.3295285 -18.1374456 -6.036194
0 18.2720241 -31.1098472 -4.2648483 -18.0774274 55.9209945 -18.6534986 -2.087398
0 -9.7440141 -11.3210452 60.6587553 -9.6095454 -21.1095915 -10.3843556 1.509795
0 3.6353951 -10.8628832 -2.2975453 -6.1901304 26.3715635 -6.4472776 -4.209123
0 -10.3175621 9.8051142 18.7179893 -12.4870944 22.6827265 -13.0952126 -15.305961
0 21.3116101 -1.5151902 57.6757033 -18.5187454 -12.5157685 -19.2173636 -27.220248
0 25.9316161 -5.8313472 1.0179423 -15.6719854 26.9782385 -15.7983786 -16.626085
0 -8.4627431 -2.9195622 19.8083813 -11.1219634 17.2371805 -10.8948776 -3.646416
0 1.4728191 -11.5040622 3.6023113 -10.5194624 36.6741395 -9.9226086 -9.803138
0 63.8952811 -17.7852162 -7.3223403 -11.0973924 -6.5347275 -10.9167866 -10.238820
0 21.0133451 -18.4579332 -1.4173083 -14.4235564 37.4439205 -14.3796936 -9.778773
0 -17.7313681 17.7695822 10.7022713 -15.6426974 37.2289615 -15.7732966 -16.553452
0 8.6652641 -14.2417102 20.3716903 -17.3322974 25.1080495 -17.2860346 -5.284961
0 -1.8068451 4.0697262 -12.5821163 -6.1260234 13.4213445 -6.2022996 9.226213
0 44.8481201 -8.0804392 4.7690953 -21.2630494 22.3528445 -21.1255956 -21.500975
0 -17.0864831 -14.6777762 44.4952723 -13.2840034 20.1326485 -13.5994656 -5.980195
0 -6.7969821 -21.9937152 73.8587313 -15.2435484 6.2326785 -14.8481546 -21.209011
0 -1.4504301 -9.1045802 40.1493233 -5.5168114 -13.2590505 -5.4852816 -5.333172
0 20.6365381 -13.4326352 -14.5248523 -21.4793154 42.2658665 -21.5262676 8.060665
0 4.3595491 -8.3755372 32.2490043 -4.8710574 -16.1753575 -4.8754326 -2.311169
0 -9.6010441 -2.9818102 21.8118543 -26.3232834 50.6789695 -26.2967326 -7.287953
0 8.2987811 -10.0208242 -23.8201583 -16.0630754 56.5037245 -16.4878536 1.589406
0 -7.7183921 -2.5356572 12.5071153 -6.8320794 15.8334885 -6.9659796 -4.288495
0 5.5996091 3.5479132 0.1679893 -8.8670514 23.2338265 -9.0383926 -14.643893
0 16.0114571 -20.1033592 -9.3956653 -10.5805654 31.9801745 -10.7784726 2.866431
0 8.0845371 -17.8578282 14.3455283 -10.3963754 26.0477795 -11.1601626 -9.063479
0 -3.3618261 -12.9770872 22.3762773 -24.4689674 64.9240675 -24.5158086 -21.976654
0 23.5346131 -20.6573272 -29.6191873 -28.5726444 99.3644315 -28.1867416 -15.863146
0 25.8313861 -9.9763632 -13.1078033 -20.6211594 60.2775465 -20.6254746 -21.778130
0 30.3534411 -11.7040682 5.1649213 -8.4935324 -9.9259115 -8.7698936 3.375042
0 14.2773591 -8.3345282 33.6565993 -19.6262224 19.9509295 -20.1072356 -19.816898
0 18.1777621 3.5442842 39.7225423 -19.3035214 -6.6017855 -20.4095846 -15.129699
0 8.5398911 5.7873702 11.1670443 -21.0380954 44.0233675 -21.8917496 -26.587826
0 23.5308571 -7.5629872 7.4151053 -8.8116254 5.3206295 -8.4164136 -11.475565
0 33.5584691 -38.1058552 57.7809233 -20.1936674 2.5170345 -20.6210696 -14.935833
0 23.3077351 -22.3489222 60.1764783 -11.6591744 -30.6973555 -12.0297436 -6.749020
0 12.0222801 -16.9876932 17.0477243 -12.6361324 21.5690415 -13.1387486 -7.876470
0 14.7426351 3.0309172 3.4347983 -11.1982354 8.5031245 -11.1391026 -7.374136
0 -2.0434911 12.3352722 65.9462683 -31.4961614 2.8482445 -32.3472466 -15.242885
0 0.0000001 0.0000002 0.0000003 0.0000004 0.0000005 0.0000006 0.000000
0 -23.8153671 9.5381482 4.3697763 -7.5500264 24.4154905 -7.6587126 0.700692
0 8.2536661 1.7252292 -6.7560293 -4.2055414 9.8435325 -4.0383546 -4.822502
0 -11.3396021 -20.8163862 59.1817513 -14.5816754 21.6425015 -14.9441556 -19.142437
0 -22.6160241 -28.9959952 52.9604733 -27.3880484 54.0263895 -28.1883896 0.201600
0 -1.5573371 -1.8913882 -1.7844543 -11.4913184 41.5845945 -11.6012626 -13.258835
0 -13.2662331 -11.6176582 68.1789403 -12.4832684 5.0309375 -12.4012306 -23.441490
0 -26.7020641 -14.4912482 36.2197573 -25.6340334 74.3024155 -26.7202136 -16.974612
0 -4.2500561 6.2517972 -18.5664113 -0.7842774 20.0805385 -0.8805116 -1.851080
0 -4.2368831 -25.0799202 0.0814333 -20.4684404 94.8417825 -20.3899016 -24.748071
0 26.4013941 -25.7230382 -18.7180433 -19.2454894 48.6715855 -19.4994326 8.113024
0 -9.5593131 6.2309892 6.6273703 -9.1976084 25.1421335 -9.4883076 -9.755263
0 6.0057961 8.2934892 9.5829423 -30.9026304 66.1375425 -31.3397826 -27.777354
0 47.6257991 -24.5384352 14.1416663 -18.8139324 6.1215965 -18.9953916 -5.541304
0 0.0000001 0.0000002 0.0000003 0.0000004 0.0000005 0.0000006 0.000000
0 17.6552781 -3.0141982 -28.0416103 -0.9483224 4.9979195 -0.8598276 10.210760
0 8.6633651 1.9715402 -4.5782323 -6.5641484 11.3019835 -6.6295226 -4.164988
0 -16.2861681 -0.3448272 30.7468103 -10.9221844 19.8269025 -11.2678966 -11.752638
0 7.3199391 -9.3845622 20.0707273 -19.6012384 29.3988265 -19.4634446 -8.340246
0 -23.0687191 15.8203952 7.8213113 -13.1985754 35.7627775 -13.6711376 -9.466052
0 -1.0180721 3.0272972 -22.8827833 -13.6973334 68.4897435 -13.4764526 -20.442398
0 13.8694751 1.4567772 2.4653923 -6.3839094 -0.0155395 -5.8575286 -5.534667
0 30.6024561 -17.5144982 17.2307923 -24.3611544 44.3675125 -24.7144506 -25.610657
0 56.8903611 -25.5095172 25.6760623 -14.5916404 -27.7869995 -14.1769986 -0.501269
0 18.2850801 -30.3131772 9.8543313 -22.1118944 70.5388595 -22.4253916 -23.827806
0 -2.4058401 0.8438532 6.1094973 -2.5612034 -0.8603495 -2.7434266 1.617469
0 29.6573341 7.8960962 -6.6666763 -9.8205604 -1.8670605 -10.3116006 -8.887533
0 0.0000001 0.0000002 0.0000003 0.0000004 0.0000005 0.0000006 0.000000
0 54.5328531 -35.7095322 21.8751583 -24.0259494 4.4134355 -24.3975056 3.311541
0 -23.4672281 -29.6563602 39.4777253 -20.6556134 41.9194735 -21.1614116 13.543416
0 22.2121511 -20.1328302 61.1191403 -30.1048024 28.5074605 -29.5468856 -32.054234
0 39.1753751 -3.6867652 2.5312793 -5.9411854 -23.3410395 -6.1329116 -2.604752
0 65.9298291 -17.3481702 55.6621663 -26.1707104 -32.2955235 -26.5798166 -19.197776
0 -3.8727511 7.9551162 11.6155223 -5.8066114 1.2978315 -5.8767486 -5.312360
0 9.1352701 0.0432262 8.5625613 -11.2218544 17.0570405 -10.9491546 -12.627090
0 -3.8848491 -35.1895962 6.5345313 -26.4142744 88.6938675 -26.1769076 -3.562771
0 44.7344911 -27.2656052 14.2778213 -12.3859614 2.4842625 -12.8954846 -8.949526
0 -5.6443281 -17.3516312 -17.2442143 -14.7189574 76.2280715 -14.7105846 -6.558357
0 8.3177891 -10.0336552 -0.9671243 -5.3369994 15.7556965 -5.4781846 -2.257523
0 99.5801491 -4.5004872 -37.7673423 -32.5226274 41.8577965 -32.2127276 -34.434762
0 -3.5362651 -12.8040692 30.3808943 -11.8317354 18.2652145 -11.7893376 -8.684700
0 -4.3291241 -32.6557812 -9.9798453 -26.2768754 83.5891835 -26.8209446 16.473387
0 7.1978061 -19.1219632 11.5661073 -10.4063294 23.8854595 -10.3481716 -2.772909
0 -28.1631721 2.9877252 46.6323863 -17.8006004 35.6839345 -17.8701936 -21.470079
0 -45.2973601 6.6210772 71.6612273 -30.2802034 33.4003915 -31.2010876 -4.904043
0 -7.9615781 -4.7234652 32.9362403 -10.4239454 2.8589245 -10.5584436 -2.127734
0 23.0358291 3.0775722 21.2221153 -16.2019004 8.3624115 -16.2705396 -23.225486
0 17.0135291 -6.7524132 1.3649583 -11.4583774 26.7514335 -11.5826836 -15.336450
0 -12.5675921 -15.3036792 56.6317823 -11.8079474 -6.1735155 -12.1658926 1.386845
0 -17.2383351 13.8342932 -21.8850153 -6.6937454 35.6985275 -6.5713236 2.855597
0 8.2370311 6.4762772 -13.9626463 -1.7183484 4.8407425 -1.8044656 -2.068592
0 80.1396991 -10.7822522 18.1244223 -16.5795904 -35.5955165 -17.0232586 -18.283504
0 -13.9822721 -0.7604472 42.4574353 -25.6619444 42.2994395 -26.1352826 -18.216925
0 0.5111931 -19.3898382 29.8537333 -9.3944264 12.6587255 -9.8641346 -4.375251
0 18.6896101 -5.0042352 -2.5954503 -25.4195254 52.3739915 -25.3455766 -12.698811
0 85.6682751 -33.7827012 12.4675893 -34.2694894 5.6510195 -34.3124546 -1.422241
0 0.0000001 -0.0892072 -5.6492633 0.0000004 5.7384705 0.0000006 0.000000
0 -10.9003801 0.8210202 18.2768083 -12.2303164 31.0246735 -12.7553386 -14.236466
0 8.9790131 -18.9894932 48.3116383 -11.9212384 -2.3734515 -12.1093816 -11.897087
0 -15.6589941 -14.3957412 92.4395653 -34.1513584 37.4637185 -33.6687426 -32.028447
0 20.1623231 -8.7038352 -19.9310093 -5.5008894 25.0774495 -5.6616346 -5.442406
0 -3.1127621 1.8521032 25.4143353 -20.1766514 11.3321775 -20.0161816 4.706976
0 49.0904101 -42.0797632 62.0691823 -32.6171164 22.7184615 -32.4436876 -26.737487
0 17.6727651 -18.4694242 65.8913043 -13.0374474 -27.6475455 -13.5341196 -10.875535
0 -11.3225211 4.5622562 14.9242323 -11.0949714 22.7845105 -11.1002606 -8.753247
0 -3.6746891 -9.4183102 27.0666933 -3.1180424 -6.6234635 -3.3742016 -0.857987
0 6.1435191 -21.1445662 17.1037703 -14.5332264 39.1695265 -14.5526666 -12.186355
0 36.1009541 4.7696342 4.6616573 -12.4467064 -16.4476905 -13.1140736 -3.523777
0 -5.0501421 7.8933982 -10.8785593 -0.5264764 9.4580625 -0.4597016 -0.436583
0 0.2975991 -6.2216072 -8.3358443 -4.1552104 27.0164795 -4.2198296 -4.381588
0 -14.7502851 -16.2383382 7.5912723 -12.1073464 49.8944265 -11.7381216 -2.651607
0 18.9063961 3.7043212 -11.0231003 -11.8684714 21.6201155 -11.5775216 -9.761737
0 -5.2441611 -4.1814512 -17.3340273 -14.8817854 61.0275675 -14.4529456 -4.933196
0 11.8060701 6.1033832 -12.8771723 -4.7632364 4.5145255 -4.4980556 -0.285514
0 30.0794791 7.3088892 42.9208423 -32.9525294 7.8201315 -33.4246946 -21.752114
0 8.4195801 -16.9052502 61.0820663 -13.9347954 -7.3642185 -14.3286726 -16.968714
0 46.5665081 -10.1997312 -47.6895823 -20.7972084 40.7279795 -21.0198806 12.411912
0 20.6741951 -12.2066322 7.8452823 -4.7041884 -11.9831615 -4.9589606 5.333465
0 20.1818031 8.5986402 10.2832613 -8.9157614 -5.4516765 -9.3848536 -15.311416
0 7.8070471 -30.4289362 12.9277273 -12.8116674 44.4948845 -12.9315316 -9.057522
0 -14.0609811 24.0846292 0.0381163 -22.6521404 45.9111705 -22.5116056 -10.809188
0 34.6259071 -1.4483412 -17.7575223 -1.1918724 -11.1267815 -1.4070736 -1.694319
0 -28.3885951 7.1366242 52.4438393 -10.4499414 -4.8839455 -10.5038736 -5.354108
0 12.1394311 -2.0951082 -6.4345913 -1.3347454 0.9505535 -1.1718886 -2.053651
0 14.6662361 -17.1101452 -32.7989213 -11.0927224 57.1792005 -10.8849716 0.041323
0 -0.0189431 -11.7094672 7.2277823 -11.4253124 29.1772665 -11.6455126 -1.605814
0 -16.0116081 18.5438162 16.3725033 -16.9875194 32.4163125 -17.3902746 -16.943226
0 -9.6033041 -8.7446192 3.9906633 -8.2486194 25.0160135 -8.2754366 5.865304
0 10.6570541 -29.2870922 32.1225713 -12.2429964 17.2098365 -12.5985826 -5.860792
0 -6.2542371 -17.4772552 57.4498563 -10.8672224 1.6177185 -10.8864856 -13.582377
0 17.0103801 -20.1958722 -12.1617673 -12.2582964 38.6893005 -12.7427066 1.658959
0 1.4413521 3.4269852 10.9661703 -2.6489934 -10.7538395 -2.8240826 0.392406
0 31.6626221 -19.6331592 16.8459853 -14.7043694 5.8919135 -15.2861526 -4.776839
0 -13.0893101 -9.8445422 9.4257333 -8.2486194 25.0160135 -8.2754366 5.016163
0 29.2177551 -48.4788712 31.9377843 -24.7152544 48.2223175 -24.9659286 -11.217798
0 21.9182611 16.1528452 -30.1460423 -14.3554544 22.0830535 -13.7398456 -1.912817
0 59.2269251 -5.9724652 25.0323733 -18.6582754 -28.7271025 -18.8825926 -12.018866
0 41.9969501 -32.4509652 49.5269683 -34.8582054 32.1145825 -34.7300396 -21.599289
0 32.4897841 13.7002262 24.5773993 -33.1968094 39.6236065 -33.1145076 -44.079700
0 31.6656871 -0.0706232 -18.6752113 -11.1570554 20.8583755 -10.5976936 -12.023479
0 12.1060031 -1.5008392 26.2074163 -8.1150724 -6.0129455 -8.2607136 -14.423850
0 18.3640301 -30.2055342 55.2358613 -20.0085054 -5.9155985 -20.5547926 3.084537
0 8.0543181 4.7966632 -6.4813603 -4.7320174 2.9979705 -4.4980556 -0.137518
0 52.2390361 -17.6049292 6.3709583 -14.5459664 1.7861775 -14.8945066 -13.350771
0 -6.0720141 -15.4882742 13.7762103 -10.5126854 25.4678275 -10.6826306 3.511567
0 5.7592641 -5.5484292 -17.4810863 -7.4801614 30.5435825 -7.4308706 1.637702
0 7.2369551 -16.8912502 34.8192123 -8.7299904 -8.2085265 -8.7285816 0.502179
0 -6.1475931 -2.4182402 -13.7055623 -5.6874164 29.2429865 -5.5320106 4.247836
0 -3.6200511 3.2879462 22.5773373 -9.6013674 13.4578005 -9.1031376 -16.998528
0 -15.9468361 -14.8899622 52.2159163 -13.5643874 16.0575875 -13.8105976 -10.061719
0 10.2068021 -6.1462342 8.7237303 -3.0361904 -6.0637565 -2.7740556 -0.910297
0 21.9326161 -10.5895152 22.0424163 -9.5365234 -11.8820195 -9.3836036 -2.583370
0 -18.2622881 17.0580762 -8.1594943 -8.3982894 10.6966165 -8.1743996 15.239776
0 -11.3458631 0.8210202 16.7471923 -12.1302434 31.4959855 -12.4986566 -13.089434
0 155.7592731 -31.6354752 -23.2857803 -39.6398944 20.2261515 -40.3884336 -41.035840
0 -6.8601671 9.5373712 0.4101103 -5.3271594 16.1869625 -5.0112696 -8.935847
0 18.2964101 -0.4095042 -8.4355343 -0.2117664 -8.1826935 -0.3907216 -0.666190
0 -18.5001211 -24.4912812 58.6209013 -11.2925524 0.6375915 -11.3245306 6.349992
0 -6.1475931 -2.4182402 -13.7055623 -5.6874164 29.2429865 -5.5320106 4.247836
0 1.3774251 -16.0663812 0.7915603 -17.2918374 62.5384765 -17.3507236 -13.998519
0 1.4413521 3.4269852 10.9661703 -2.6489934 -10.7538395 -2.8240826 0.392406
0 105.3243801 -4.2337702 20.5623503 -42.2557664 4.8468375 -41.5330446 -42.710987
0 -5.4363051 -1.7660152 2.8428283 -4.8458004 21.2483105 -4.8250576 -7.217962
0 -16.1722211 -11.7393692 68.8275073 -21.5946474 15.6185255 -22.3890916 -12.550701
0 -25.9185621 -8.2586082 52.3627173 -16.3447914 20.0573865 -16.7005466 -5.197594
0 6.3028161 -1.7557342 -4.1022533 -15.3884014 38.9116325 -16.0208626 -7.947196
0 -9.2400991 -14.5406222 58.5136113 -23.0025764 25.8871815 -23.3797226 -14.237770
0 -0.0891901 -13.6721752 -23.2629753 -11.2428154 60.3533255 -11.4652066 -0.620965
0 -19.8953481 -18.3477302 47.4164133 -14.2752024 26.6429455 -14.3284196 -7.212659
0 -4.5477331 -5.9445242 1.5007393 -1.7014444 15.0263735 -1.6021676 -2.731244
0 13.4467221 -7.9028642 2.9939053 -15.3959224 41.1906145 -15.8613406 -18.471116
0 62.9143991 -21.9223882 -1.5323173 -19.4599604 19.5145495 -19.3828926 -20.131392
0 13.2710031 -1.0732812 -8.4454403 -1.6488424 1.2667945 -1.8266896 -1.543545
0 0.5348101 -19.1526642 42.8077423 -11.9212384 11.6755105 -12.1093816 -11.834778
0 10.1681801 -17.8239352 26.8433933 -34.6139514 59.4542735 -33.9746756 -10.053286
0 -11.0907421 16.2525332 -5.4797613 -1.0063284 3.7558495 -1.0393126 -1.392239
0 0.0000001 0.0000002 0.0000003 0.0000004 0.0000005 0.0000006 0.000000
0 5.6270461 -1.9463162 -4.0884803 -0.8587494 -3.5102705 -0.7712456 5.548014
0 70.3761041 -18.8925842 -5.1387703 -18.9388444 9.4682485 -18.7004866 -18.173668
0 9.5220511 -11.2261202 38.6237913 -12.7538214 -5.7109975 -12.8334786 -5.621424
0 -1.5780951 -16.4616872 22.6962703 -4.8252694 6.0556705 -5.1506196 -0.736269
0 0.0000001 0.0000002 0.0000003 0.0000004 0.0000005 0.0000006 0.000000
0 -2.6318381 -1.0126162 -1.9355523 -0.3856254 8.3853285 -0.2455306 -2.174168
0 2.1526351 25.4186092 -18.9007763 -13.6155484 18.3577585 -13.5502856 0.137607
0 -8.1370731 8.9224412 13.8170913 -6.6340794 4.0534155 -6.9025406 -5.119254
0 -11.3272311 31.2042682 2.1969393 -12.5659534 20.9473275 -12.7375086 -17.717842
0 -20.0907261 -4.9131112 2.9674753 -3.4681544 17.1392905 -3.6345786 11.999804
0 56.6184541 -13.3724872 8.2220703 -13.4625574 -20.2007955 -13.3892886 -4.415398
0 7.7495191 -15.7247172 43.6958853 -31.3110504 38.5758985 -31.3231436 -11.662387
0 32.6749031 -11.6484812 10.8600943 -11.4726944 -7.8919935 -11.2255456 -1.296285
0 5.3244871 -13.7673592 30.7875713 -8.1098594 2.7973045 -8.0481516 -8.983994
0 -11.2132641 5.1522742 1.8217853 -5.9695054 25.3744035 -5.7964696 -9.369225
0 -5.9641341 -14.2282962 65.1049103 -8.5962174 -20.4396905 -8.6677816 -7.208795
0 -4.5153661 -4.9194842 32.3241613 -15.9730064 29.5576845 -16.6309306 -19.843059
0 2.4740861 -5.2863972 62.2503143 -33.3036474 51.3776045 -33.6387696 -43.873189
0 14.3082551 -18.3999052 68.3743833 -14.2719184 -19.5839835 -14.7630376 -15.663799
0 27.7040531 -0.8622222 5.9041063 -5.0172704 -18.9178155 -4.9041576 -3.906693
0 -11.9615651 -4.7593592 24.5138893 -5.6488814 1.0041165 -5.9465536 2.798354
0 67.3917231 -25.2244222 17.2797943 -21.6781994 -11.2844475 -22.4127656 -4.071682
0 -11.0907421 16.2525332 -5.4797613 -1.0063284 3.7558495 -1.0393126 -1.392239
0 5.1628951 -17.5951892 14.9909283 -15.5439134 24.2732075 -15.6853456 4.397420
0 4.4997951 -21.6281472 -1.6819833 -10.6835104 44.1064635 -10.8893706 -3.723248
0 50.2614491 -9.1174372 26.4570293 -12.3957154 -31.3480825 -12.9269236 -10.930325
0 19.5516461 -14.6647632 29.6132703 -6.8685784 -24.5952335 -7.3592716 4.322931
0 -8.7647051 -12.1217642 31.6451573 -26.5711824 69.9075045 -25.8137386 -28.281271
0 -25.8914461 1.3972782 3.6027433 -4.2538694 23.8440385 -4.3007936 5.602048
0 -11.1714361 -2.4974842 16.5484503 -8.7558384 16.4499845 -8.8466256 -1.727050
0 -15.8918571 2.7782712 19.6691553 -10.8533304 27.1291925 -11.1793146 -11.652117
0 7.6789931 2.9912622 -27.1741173 -11.8857644 40.8404335 -11.4906936 -0.960113
0 27.0651151 -6.1729632 15.4010743 -8.5018254 -7.0969495 -8.3947306 -12.299723
0 -22.7346341 3.9428282 6.9092063 -9.0358054 38.9098505 -8.8838226 -9.107622
0 5.6278741 -24.6163152 12.1272193 -16.5232024 38.0154605 -16.8534246 2.222389
0 -3.5229901 -19.7648522 59.7420603 -16.2304174 6.5440965 -16.2425816 -10.525319
0 -1.8582041 -30.5398932 40.2846133 -23.4378874 40.8309445 -23.6525126 -1.627062
0 33.3121521 -12.4232272 -6.3482583 -7.5283704 8.1388375 -7.9311466 -7.219987
0 -6.0856921 -21.1136532 6.6341763 -12.1789324 35.1682895 -12.1076326 9.683446
0 88.4785981 -25.1406862 49.0973553 -24.6440274 -37.8373105 -25.1719576 -24.781973
0 2.9706771 -3.2533032 16.2397833 -9.2063824 15.5329295 -8.6747206 -13.608983
0 -17.1204601 -27.2931912 67.0994453 -12.3523294 0.0473635 -12.5526866 2.171858
0 10.0796751 -6.7436552 7.2698813 -2.7728154 -2.5782075 -2.6985706 -2.556309
0 34.5675671 -7.2463132 5.1394433 -8.3400584 -3.9116085 -8.1391836 -12.069850
0 6.5362381 -6.7213182 31.4631753 -27.1351224 47.0868055 -27.1853066 -24.044469
0 -0.0695461 -14.0371102 3.8277603 -11.2511794 48.0912505 -11.1785916 -15.382584
0 46.8424481 -2.2549092 -21.2660223 -17.7040204 22.1999255 -17.2751856 -10.542237
0 93.9859161 -14.0259812 1.9580753 -28.1321644 -5.0249375 -27.5939756 -21.166930
0 2.2871881 2.4710922 45.9546773 -22.4743844 30.5024685 -22.0483406 -36.692702
0 -2.3870831 -7.6187842 3.5051593 -14.5896744 54.9280725 -14.8244156 -19.013275
0 2.4707081 -17.9312802 46.8263613 -14.2868224 5.3809495 -14.3601066 -8.099807
0 61.9549521 -14.7131962 6.6165313 -22.6308784 11.3523085 -23.2595506 -19.320168
0 -5.0501421 7.8933982 -10.8785593 -0.5264764 9.4580625 -0.4597016 -0.436583
0 19.7377311 -3.0302212 25.4733453 -19.7524134 16.6336015 -19.3889806 -19.673060
0 23.3798671 5.5883182 -13.4528203 -7.6752984 11.6026135 -7.6937926 -11.748888
0 -13.8449451 1.2799302 62.1814543 -10.3471004 -18.9035655 -10.4911416 -9.874634
0 42.3791891 -41.0687332 16.6382953 -34.2355634 80.9952325 -33.9215506 -30.786868
0 14.6608011 -18.3659362 28.4217033 -10.2080564 0.3162845 -10.3536166 -4.471179
0 8.0405301 -5.6511882 -20.4619473 -8.4630884 27.1811015 -8.1516276 7.506220
0 -13.2898961 8.6612152 22.3128513 -20.3075534 46.3580305 -20.2031296 -23.531516
0 18.1204991 6.0514922 2.3784943 -22.3638134 23.6712135 -22.2492026 -5.608682
0 3.5754581 -7.8520142 -0.3843683 -16.2921934 43.4322035 -16.4976796 -5.981405
0 4.3948531 24.2389092 -1.8781473 -8.0689834 -2.4125575 -8.5238316 -7.750243
0 0.1704221 -22.6029672 5.3643353 -16.5485944 58.4122545 -16.9433906 -7.852059
0 3.4677751 -4.9637412 -42.2280073 -16.6707814 93.6135315 -17.0808406 -16.137940
0 3.4288741 -5.6732732 -9.3416243 -10.5684244 44.4151795 -10.6110806 -11.649652
0 104.2500821 -49.0091672 72.0587723 -49.4244194 35.2741895 -49.7588286 -63.390632
0 37.6307951 2.6500642 -12.3495073 -1.9300754 -26.2425515 -1.7201706 1.961445
0 -1.1421351 -0.7696422 -2.4700683 -0.3692214 5.8107295 -0.6621016 -0.397563
0 39.8321731 -12.0400812 -15.9747613 -8.2123734 12.5623985 -8.0794046 -8.087952
0 4.8620771 -16.3600342 16.7291003 -7.8982014 11.5287235 -8.2216106 -0.640054
0 51.5316211 -3.8604302 4.8397973 -24.4298154 26.4374165 -25.1086966 -29.409893
0 24.3573371 -17.4854432 -4.6363733 -9.1683994 20.3616135 -9.4026676 -4.026067
0 -3.2682571 -8.2527202 37.8824363 -16.9457404 20.9269495 -17.1574006 -13.185266
0 -1.3850061 -2.9909882 -28.3234343 -7.2747344 55.6855545 -7.2424006 -8.468992
0 8.7974801 -40.3817342 58.9585973 -31.4535804 60.2975995 -31.9405656 -24.277799
0 -1.4504301 -9.1045802 40.1493233 -5.5168114 -13.2590505 -5.4852816 -5.333172
0 51.9941981 -23.6263652 22.2109703 -13.5342344 -12.7622475 -13.5771586 -10.705165
0 -12.0738531 -2.3400212 41.2803363 -15.1464414 7.9601215 -15.2988796 -4.381261
0 -20.7008411 5.6175242 44.7720823 -25.0098464 40.3950845 -24.6879146 -20.386091
0 6.6596641 -22.5866932 42.6512243 -20.7369714 17.0779965 -21.3894186 -1.675799
0 -31.2955341 -10.2144622 84.5783293 -29.7612294 28.4102775 -29.5369076 -12.180477
0 -8.6713281 -8.8530062 2.4120573 -5.0091864 28.0966245 -5.1868376 -2.788325
0 -13.2246351 -5.8853132 49.3227163 -12.3979464 7.3983255 -12.5093256 -12.703821
0 51.6172151 -31.6279642 -12.3916943 -18.3227994 29.0718685 -18.4988716 0.152245
0 -26.8668521 -10.0655492 55.2018003 -12.8302834 6.1210955 -13.1688696 1.608658
0 -14.9120731 27.3501192 50.9138933 -30.0944994 38.0109545 -30.5176056 -40.750785
0 7.1883601 -3.2317882 -5.0259583 -5.4745284 5.8546285 -5.6725986 6.361884
0 1.9958171 -6.3263792 14.7364723 -2.5612034 -6.7187505 -2.7434266 1.617469
0 -15.7897751 -15.4647582 6.0415603 -12.7018354 56.7513065 -12.6722476 -6.164251
0 15.5529811 12.0042902 -22.4521913 -7.1978074 19.1322305 -7.3061756 -9.733328
0 47.9322081 2.3347462 -36.8403433 -12.3728284 21.6501725 -12.0577336 -10.646221
0 -11.5548241 -12.9195762 -3.4760353 -15.0177944 41.2762145 -14.9589536 16.650971
0 -6.2741301 -14.7793522 50.4755503 -14.1097894 21.1219685 -13.8246786 -22.609571
0 -2.8511481 0.2372552 23.2720813 -13.0709714 26.4349915 -13.6046826 -20.417527
0 7.4974731 -6.7948712 -3.3809683 -1.3347454 2.1170845 -1.1718886 3.067915
0 16.4091771 -11.4675392 59.9062133 -34.8332044 49.6966995 -35.0424496 -44.668897
0 5.7029651 -2.2199362 -2.4627973 -4.6592434 -0.1292105 -4.7408676 8.509086
0 34.8777571 -17.1745012 28.7201423 -17.8006614 -3.1057015 -17.7768606 -7.740175
0 -2.7110621 -10.8032972 6.9282633 -6.3657954 18.7537365 -6.6401496 0.838304
0 34.1190921 -7.1812602 14.2552093 -17.0230974 9.7542645 -17.5459036 -16.378305
0 -0.4320491 -0.5419952 14.3504153 -9.8388304 17.8009415 -9.7643966 -11.574087
0 43.6550901 -58.8721512 44.1972653 -36.2417494 65.6111465 -36.9076276 -21.441970
0 -11.0907421 16.2525332 -5.4797613 -1.0063284 3.7558495 -1.0393126 -1.392239
0 -18.2306391 6.3783112 44.5865703 -8.5094184 -11.7633655 -8.6655166 -3.795944
0 10.3556401 -8.4532002 22.0149173 -31.3506194 56.6866265 -31.8835036 -17.369860
0 17.9347361 -5.1239282 1.3654093 -9.0606244 8.9833725 -8.7936066 -5.305359
0 16.4610521 -13.3477792 8.4019233 -9.0424434 2.9349745 -9.4237386 4.016012
0 49.1012931 -23.1438112 44.9088273 -28.3103604 15.7607815 -28.0697066 -30.247027
0 -4.8055791 -40.4742822 57.3184673 -35.6031824 71.4123015 -34.7117476 -13.135976
0 0.3778001 0.8175492 -7.9298333 -12.3820014 48.1557155 -12.4715196 -16.567711
0 13.6620981 -6.0970462 4.4731543 -15.0484864 25.3410135 -14.9432916 -7.387442
0 -6.9417171 -7.4263022 23.1312953 -2.5612034 -4.2269735 -2.7434266 0.768327
0 15.1878241 -12.8261612 2.8005463 -5.7734374 12.9223295 -5.6938046 -6.617297
0 1.4757681 -27.2649842 19.0217213 -10.9792974 26.5926205 -11.4000486 2.554223
0 15.7487561 -19.3594282 9.9609673 -16.0840504 31.8757785 -15.7777216 -6.364301
0 -8.0729971 1.8370972 33.4160103 -13.0753364 18.0669065 -13.7264516 -18.445227
0 -1.1870101 -21.4661412 36.5457853 -19.5004544 49.8841045 -19.8160666 -24.460217
0 46.3960781 -1.4762282 -11.7262973 -19.8788164 15.3600595 -19.2028356 -9.471962
0 1.5846771 -2.7213992 13.9996783 -19.4171724 52.5611435 -20.0746756 -25.932251
0 24.5233021 -17.9131032 76.2742693 -28.4882494 0.4567845 -29.1507196 -25.702283
0 -36.0530931 30.3256312 24.4272783 -20.4924934 49.7316525 -21.0133896 -26.925585
0 0.2736761 -13.5350682 4.2844343 -16.0265934 55.7484695 -16.1891146 -14.555803
0 34.9968481 -11.8773202 -19.6415473 -24.1309394 69.4463845 -24.6208976 -24.172529
0 10.1994551 -2.3923712 13.9356593 -11.1601924 13.4134605 -11.3230096 -12.673002
0 26.5801351 -17.6875632 -23.2327653 -9.1755084 40.3509995 -8.9579206 -7.877377
0 28.9946241 -1.6503342 43.1649113 -20.2775314 -12.5021345 -20.2989866 -17.430554
0 -0.2643381 -8.8126802 25.8951363 -11.5793804 11.3224265 -12.1436776 -4.417488
0 6.3111491 -14.1771242 -17.2480943 -6.8188744 32.1542785 -6.9718406 6.750505
0 77.2936971 -22.1704292 -2.8010933 -12.9882694 -26.3547975 -12.6808086 -0.298303
0 -25.1732801 -0.9582742 26.5164823 -2.8517814 3.4783065 -3.1160316 2.104578
0 -24.8292611 -30.1701142 40.0372513 -18.7683934 64.2604995 -18.8294516 -11.700532
0 -11.9615651 -4.7593592 24.5138893 -5.6488814 1.0041165 -5.9465536 2.798354
0 -7.8758651 -0.9076802 -1.1738043 -8.1764604 38.3121835 -8.4331646 -11.745210
0 -17.3972691 -2.8820162 39.9576223 -8.5687324 1.6539095 -9.0976836 -3.665828
0 71.5570011 -20.7052122 49.9596953 -15.7895504 -52.2171335 -15.9765656 -16.828238
0 56.4946571 -20.7476162 3.8982513 -18.1774004 4.4426685 -18.2637446 -7.646815
0 -7.2637011 -11.8591432 43.0321343 -11.6453044 6.3958185 -11.9888656 -6.670938
0 17.9405271 -26.7202012 20.3793713 -29.0472914 62.1978145 -28.4295696 -16.320652
0 195.0430331 -51.8983412 -59.9712573 -32.7100464 -6.3876085 -32.0497906 -12.025991
0 23.0813721 -16.7710772 40.7448433 -9.4179104 -20.6089955 -9.4962626 -7.531972
0 -15.5722551 -1.2340402 7.8199073 -12.2578854 25.0194135 -12.6359966 8.860856
0 -2.8237291 2.4059782 17.2580883 -5.8628164 -2.5110865 -6.1899326 -2.276503
0 -9.3598461 -10.3073132 62.8565143 -11.6605784 -2.4764105 -12.0629976 -16.989372
0 8.5798341 -14.5176492 34.5102723 -23.6059424 42.2991175 -23.4426376 -23.822992
0 9.4791901 -21.3667792 34.5961003 -14.7403574 21.0252405 -15.4729136 -13.520478
0 46.8929851 -2.6463162 -32.8569623 -18.3146514 34.9571565 -18.6956816 -9.336532
0 -7.4191061 -0.2560282 51.3744463 -29.0436564 53.9728335 -28.5532026 -40.075287
0 -3.2675591 -9.0023282 43.4453453 -16.1463364 20.8080515 -15.7213446 -20.115828
0 -2.6318381 -1.1018222 -7.5848153 -0.3856254 14.1237985 -0.2455306 -2.174168
0 -19.1673431 1.1704592 -0.0402143 -5.5031254 27.5405015 -5.7069916 1.706715
0 47.9181701 -31.0887222 65.5573903 -28.4844614 -3.3469265 -28.1806116 -22.374840
0 -17.3013861 -16.7080712 45.3221963 -23.5316664 56.5078485 -23.9016556 -20.387265
0 -9.3519691 10.2023572 -5.3522423 -8.7729974 19.7572745 -8.9394356 2.457012
0 5.5426041 -9.0780682 -3.2673983 -10.5713364 31.2517795 -10.6785046 -3.199076
0 31.6066931 -9.8442712 2.0772613 -16.4880784 18.7781765 -16.6646496 -9.465129
0 149.9825861 -27.7961372 9.7279273 -36.2667344 -28.0058335 -36.9952566 -30.646553
0 13.5585171 0.5820822 28.7321793 -5.2054884 -26.9136975 -5.3906596 -5.362934
0 -12.8345381 4.5656382 16.9701603 -3.3003684 2.1267025 -3.2302666 -4.297328
0 53.3168921 1.9103632 -21.8994433 -11.0644294 -3.1680885 -10.1102856 -8.985010
0 17.1074031 -13.1038402 -10.7770723 -25.0461774 62.5452495 -24.7231336 -6.002429
0 1.7926771 -0.6930122 -30.2789343 -10.1047244 49.9165685 -9.9610866 -0.671489
0 32.2770991 -21.1558362 14.2506053 -9.9449344 2.8759595 -10.2301416 -8.072751
0 47.9870811 -7.6755182 -0.6513893 -15.2767044 6.5571715 -15.3591886 -15.581454
0 -6.1475931 -2.4182402 -13.7055623 -5.6874164 29.2429865 -5.5320106 4.247836
0 13.5805031 -15.9073312 17.4530513 -23.3971684 49.5368345 -23.4669396 -17.798952
0 36.3312401 -16.4419972 19.2525723 -18.7835394 11.1682935 -19.2072036 -12.319367
0 -19.3074001 -19.5744282 50.8960143 -9.5598894 1.9134315 -9.7223636 5.354634
0 -8.2183821 -7.7348302 7.1445653 -15.4537334 61.2539895 -15.8155236 -21.176086
0 9.6761291 -19.0790482 18.3010813 -15.0480744 34.8138035 -15.0044226 -13.659470
0 8.2536661 1.7252292 -6.7560293 -4.2055414 9.8435325 -4.0383546 -4.822502
0 -3.7612351 -22.1823122 -8.6317753 -14.2470734 62.0910535 -14.4797646 1.211106
0 19.2434561 -5.1271282 12.4899833 -19.6210584 33.9028795 -19.3932216 -21.494912
0 19.2462811 -18.0801882 17.6895693 -19.6369544 25.7957605 -19.3930616 -5.621406
0 -4.9920921 2.9083282 25.3155833 -17.7125864 35.6822525 -18.7188556 -22.482629
0 27.2895931 0.6519472 -8.3438773 -5.6426164 -2.2115015 -5.4743226 -6.269223
0 21.7914051 -11.3111812 -31.5964153 -10.3724964 42.8628955 -10.1566546 -1.217555
0 11.0936721 -8.5824132 25.3481923 -4.6837194 -15.3305065 -5.1078076 -2.737418
0 15.4512491 0.2486412 11.3130123 -6.0828884 -5.7206855 -6.2042996 -9.005029
0 -15.7761101 -26.3180822 60.6815613 -11.8239554 2.3652455 -12.1295566 3.000896
0 20.6398531 -19.9118812 65.2117933 -12.1134724 -32.0680345 -12.2726806 -9.485580
0 -4.2295231 -0.7696422 6.8292873 -1.4131844 3.5694215 -1.7108016 -2.275557
0 67.5026101 -16.4670002 -9.5825173 -14.9720604 -6.8550975 -15.4375456 -4.188392
0 0.0000001 0.0000002 0.0000003 0.0000004 0.0000005 0.0000006 0.000000
0 0.0000001 0.0000002 7.1415073 0.0000004 -7.1415075 0.0000006 0.000000
0 0.1504091 6.4367482 0.7829693 -7.7930314 19.5053905 -7.8941036 -11.188382
0 6.2743591 0.5378422 45.9499953 -14.8805774 -9.5144705 -14.2835606 -14.083588
0 23.9459531 -15.5349762 53.6016733 -11.7183604 -33.2795905 -12.2605376 -4.754162
0 72.0049501 -21.6708862 -8.2866753 -27.3070934 17.4057035 -27.7599206 -4.386074
0 11.7227251 -7.5201762 5.0416253 -2.2952864 -2.0399625 -2.4071936 -2.501733
0 20.8452971 -29.3711152 23.4425283 -25.9113704 66.7087515 -26.0631206 -29.650966
0 3.4681021 -2.8920402 23.5319663 -18.3169534 37.8939055 -18.7527716 -24.932208
0 9.2739131 -3.1215092 38.0547253 -13.8720804 -6.0705455 -13.6778716 -10.586631
0 1.4413521 3.4269852 10.9661703 -2.6489934 -10.7538395 -2.8240826 0.392406
0 -2.7379111 -17.6142502 52.7776983 -12.6955324 8.0814975 -12.8061136 -15.005392
0 -4.3913971 -9.3867082 21.4448853 -12.2945144 19.0776355 -12.0853536 -2.364547
0 0.3835131 -15.7605632 45.5452133 -33.7389904 71.2013125 -33.5103476 -34.120134
0 32.6439121 -4.0976282 -21.9695553 -19.5880694 33.5533685 -19.5750686 -0.966959
0 4.9773541 -12.2327262 20.4639523 -9.1084474 9.5899675 -9.1706506 -4.519448
0 39.5142611 -13.5327002 -1.1427673 -10.5618994 6.7849975 -10.1475526 -10.914339
0 33.6178161 5.7454542 -41.3329273 -14.9258034 38.4753015 -14.7243716 -6.855468
0 -15.8516881 -13.2480492 30.5000983 -6.9986864 8.8400965 -6.9789376 3.737165
0 24.8259691 -5.5196732 22.2352813 -22.9585904 21.6352125 -23.0552576 -17.162937
0 -1.9319851 25.8929322 34.3885443 -29.7881754 34.6248145 -30.7483576 -32.437771
0 -13.6400411 10.1100632 28.5669483 -21.1337104 47.4932685 -20.7484966 -30.648031
0 38.9878881 9.1494492 -2.7597613 -14.6394904 5.5500725 -14.5548676 -21.733288
0 19.4117511 3.2196042 -35.4475563 -7.0034434 29.5952115 -6.9374386 -2.838129
0 35.4623611 -14.1184902 2.8767533 -9.4925924 -11.2303755 -9.7408086 6.243149
0 0.9091511 -10.6094382 22.8900363 -8.5988754 12.4040165 -8.9132476 -8.081644
0 13.6827731 -15.0302142 -4.9064263 -9.0996394 32.7503205 -9.7013806 -7.695434
0 7.2520451 -8.6512412 8.2264483 -12.7814094 9.8881955 -13.0904846 9.156447
0 -7.8299821 -17.7065702 84.8444433 -10.7688964 -24.4403485 -11.2942736 -12.804375
0 -0.7449541 -14.5842772 24.4238903 -12.6974534 23.8451445 -12.8672936 -7.375057
0 29.4250241 -0.8193332 -7.6381233 -6.6164134 1.0313035 -6.0978016 -9.284657
0 -22.2794461 28.7624102 23.3668433 -4.7324024 -11.3709545 -4.9547176 -8.791735
0 0.0000001 -0.0892072 -5.6492633 0.0000004 5.7384705 0.0000006 0.000000
0 -6.5005711 -1.2111822 29.2707633 -6.0432874 -3.8009885 -5.9449826 -5.769755
0 31.2246021 -24.1854262 14.0127173 -17.1752184 28.0076395 -17.1204006 -14.763913
0 2.0769011 -34.6483562 36.4869823 -26.8309444 58.2374425 -26.1084456 -9.213579
0 21.8216751 -11.5868082 28.3014363 -6.8624904 -18.3527385 -6.9270866 -6.393991
0 16.7889381 -6.9133702 1.3266583 -10.6501954 22.0745045 -11.1248646 -11.501670
0 17.5954291 -13.6386822 22.4528773 -6.4868854 -24.5949245 -6.8059646 11.478151
0 3.0591321 -48.7371552 139.5471823 -32.5554114 -13.8280995 -33.4935256 -13.992128
0 -17.6476551 -15.2480002 36.9048553 -10.7524834 23.7698085 -11.1924206 -5.834104
0 46.2593661 -24.6742882 19.2363713 -30.7338514 35.8557345 -30.0737066 -15.869626
0 6.3622001 -24.6549432 42.4921203 -13.0776704 9.9065895 -13.0354946 -7.992800
0 0.0000001 0.0000002 0.0000003 0.0000004 0.0000005 0.0000006 0.000000
0 6.7111851 -17.9583532 -45.4553483 -18.8655444 117.3440315 -19.1047546 -22.671216
0 -16.8324841 -11.8096052 35.7440363 -29.6826824 89.6669575 -30.0984346 -36.987793
0 -31.6466021 6.1017032 7.4711173 -17.7294134 68.6482015 -17.9248946 -14.920112
0 56.4510811 -33.0589482 33.5989223 -23.1153534 -6.8441845 -22.9394506 -4.092063
0 18.5807221 -27.0464982 118.3935363 -28.2477724 -24.4518405 -27.7093166 -29.518835
0 -27.3820441 8.3190182 30.2214313 -13.6253234 31.5737765 -13.9864516 -15.120406
0 0.0380271 4.9977842 -12.6243503 0.0000004 7.5885395 0.0000006 0.000000
0 -25.6767471 -26.0665092 31.4964383 -12.2914394 41.5612185 -12.7912316 3.768270
0 5.1566611 1.7471642 -2.1548293 -3.5626664 3.3943065 -3.2337566 -1.346880
0 42.8427801 -11.4612002 22.4706883 -10.5220674 -38.7891075 -10.5328606 5.991768
0 -65.3173691 -24.2810002 34.4116303 -41.1907594 128.3707955 -42.6499936 10.656700
0 -12.9007681 17.8965062 5.8089083 -5.8070124 10.4847495 -5.5908816 -9.891502
0 -28.5364521 0.5582782 43.9738553 -29.1429624 61.5119155 -30.1605256 -18.204108
0 -17.3699081 7.4724552 35.0998563 -21.1580354 35.4439565 -22.0626246 -17.425698
0 12.7808901 -16.3312462 16.7946313 -14.5043994 21.6317975 -14.7454036 -5.626268
0 -26.4244081 -17.8941172 4.7796753 -12.7450914 76.4369175 -12.6722476 -11.480728
0 -13.4610011 -10.5714712 48.7787053 -14.5899124 11.8558055 -14.3973996 -7.614729
0 19.4498981 -12.2926102 3.2174763 -12.4065924 28.8993245 -12.9792236 -13.888272
0 -23.0214311 21.8035202 -29.8421553 -11.1869364 54.9516325 -11.0723556 -1.632276
0 20.5431711 0.7662762 32.6643543 -19.1105314 10.4725795 -19.3921116 -25.943737
0 13.2610401 -0.5396512 -9.3231143 -8.0155894 9.2838955 -8.0897496 3.423168
0 9.8363911 -8.2195422 10.8966163 -5.4014574 5.6306975 -5.4914966 -7.251209
0 -21.7255221 47.8213102 -5.0329063 -9.3967134 7.4080235 -9.3433686 -9.730824
0 13.8405151 12.2720492 -9.9749053 -2.3832264 -7.1437995 -2.6492186 -3.961415
0 30.7733511 -9.6930172 -19.6940703 -23.6441104 72.9279495 -24.1025716 -26.567529
0 -10.9131911 -8.9244172 20.0705283 -9.0841024 25.5999065 -9.2454396 -7.503286
0 0.4215091 -12.9652622 1.7024243 -6.4192764 30.6229515 -6.6270226 -6.735325
0 5.6270461 -1.9463162 -4.0884803 -0.8587494 -3.5102705 -0.7712456 5.548014
0 -10.4148711 11.7044142 20.4480763 -11.8548954 5.1587215 -11.9781386 -3.063306
0 -32.0899941 -3.0738732 75.6980293 -15.6522074 -9.6103605 -16.6926076 1.421012
0 2.1681621 -12.0941232 -12.7781583 -11.3883664 38.0717295 -11.4497496 7.470504
0 -7.9249171 -20.0052862 66.6758193 -9.9466504 -1.2461485 -10.2568556 -17.295964
0 37.2736271 -13.2825492 23.1725653 -38.0312994 53.7994525 -37.8206346 -25.111157
0 -0.9057201 -0.7907002 -3.0108363 0.0000004 4.7072575 0.0000006 0.000000
0 -1.9326291 -4.1403322 9.5090583 -1.7014444 -1.2758395 -1.6021676 1.143354
0 3.5312901 -6.7436552 9.7855473 -2.2640664 0.4518155 -2.4071936 -2.353737
0 5.4527591 2.0234162 2.2620753 -13.3479634 21.4782115 -13.4085656 -4.459932
0 1.9628461 -10.0744422 -11.4851953 -14.6001074 63.3240235 -14.7323166 -14.394809
0 44.8326451 -16.1843002 2.2465503 -12.5329234 -7.6591545 -12.6497896 1.946972
0 11.5127491 -22.7052772 1.4652483 -23.3224554 50.9029605 -23.0030256 5.149796
0 12.0335001 -10.2848342 7.7020273 -12.8527714 16.5914715 -12.6434456 -0.545947
0 6.1127481 -31.0185112 51.1118013 -23.7191334 43.0094285 -23.8324506 -21.663883
0 8.0500441 -10.5745972 -21.1009063 -4.4931914 37.1698645 -4.5010326 -4.550182
0 -26.4589711 7.5079142 -8.3466913 -9.4667134 42.0936895 -9.7054706 4.376243
0 13.3227121 1.4915572 -15.2568843 -12.2416194 42.0281925 -11.9379936 -17.405966
0 -21.4821771 -23.9544232 138.9092763 -47.2473004 34.9679215 -47.6867436 -33.506554
0 48.6376141 4.9279442 2.7606263 -24.2467254 26.0686185 -23.3144066 -34.833671
0 1.0251831 -0.0000002 -0.7472123 0.0000004 -0.2779715 0.0000006 0.000000
0 34.6695701 4.2967472 -7.4510113 -8.8944584 -4.2499285 -8.6938636 -9.677057
0 -0.4058491 -13.6131472 0.5222483 -10.8687914 47.4968335 -11.1845996 -11.946695
0 49.0998621 -24.5667762 12.5565793 -13.9139274 1.5941135 -13.6949596 -11.074894
0 -8.4401871 -2.1585072 -3.6908313 -4.0374534 14.7550025 -4.2366296 7.808606
0 79.5103801 -28.3182262 -5.8208643 -19.3728714 6.2524945 -19.1946356 -13.056278
0 7.9728411 -19.6995522 20.0564973 -21.7692934 17.9126355 -21.9974496 17.524325
0 -0.2004181 -18.9102302 112.0129383 -30.4078294 0.4309655 -30.4028686 -32.522562
0 -5.9824191 -2.6700092 12.4953643 -1.7014444 2.1919195 -1.6021676 -2.731244
0 -1.2479341 -23.9664982 19.5872373 -12.2569114 35.7213395 -12.5389086 -5.298324
0 -11.3225211 4.5622562 14.9242323 -11.0949714 22.7845105 -11.1002606 -8.753247
0 12.3113301 26.4501752 -3.8054113 -23.1094364 37.9244355 -24.0380936 -25.732999
0 -5.9233401 -4.4132072 50.5338853 -22.7698594 14.9130565 -22.6913616 -9.649174
0 48.9415991 2.0864862 -10.1969453 -9.3570804 -21.7478785 -9.4035676 -0.322614
0 12.7690981 -24.1044712 36.6052723 -11.0303474 -3.7631315 -10.8437816 0.367360
0 0.7731801 -6.4474192 21.4980593 -11.4807664 21.6265695 -12.0559006 -13.913722
0 -11.0151641 3.1824992 22.0020103 -5.8315974 -0.0193095 -6.1899326 -2.128507
0 15.4613951 -27.4119562 6.5533053 -13.3593824 30.8227625 -13.6665196 1.600395
0 -8.1539831 -23.2077262 35.0658693 -16.4301494 43.2127215 -16.4160256 -14.070706
0 4.9104091 -10.0336552 -0.7144033 -5.3369994 18.9103555 -5.4781846 -2.257523
0 -8.4401871 -2.1585072 -3.6908313 -4.0374534 14.7550025 -4.2366296 7.808606
0 -4.8589281 12.1144562 67.9538263 -33.7075604 31.8271885 -33.1642036 -40.164775
0 3.7026041 -7.7064432 41.9776763 -16.8373154 9.5903315 -17.0516206 -13.675232
0 -0.1031811 -13.1431192 29.4499283 -18.0724754 40.2468495 -18.4236256 -19.954378
0 79.0638881 -22.1709652 18.8519733 -15.7924344 -28.5974405 -15.4422936 -15.912732
0 -10.0354901 -10.8192872 27.5340973 -10.6701954 19.1279655 -11.0287476 -4.108343
0 32.7683211 -5.6598332 0.7260383 -5.7681024 -19.4375845 -5.8168206 3.187982
0 66.1120581 -15.6803642 18.1477073 -18.7544674 -7.8185425 -19.0728746 -22.933520
0 -24.1135161 17.3386872 46.5619603 -22.4059994 29.5549505 -21.8349536 -25.101127
0 33.8677321 -5.9643372 5.7710003 -17.1699914 18.1565135 -16.8659926 -17.794925
0 -19.1336291 6.2165172 -3.8623533 -25.0924294 65.8775485 -25.2874976 1.281846
0 0.9254691 16.8446182 -19.9718263 -5.9969914 21.7652565 -5.9560936 -7.610434
0 20.6360781 -2.2560342 2.4058253 -2.1225174 -11.8817755 -2.3643816 -4.417196
0 54.6341671 -29.8428842 38.0152733 -26.8989014 -1.5462905 -27.3844686 -6.976900
0 -7.0422331 -20.0362422 15.4813433 -15.9103474 60.0664825 -15.9949006 -16.564105
0 -8.1737641 -17.6291892 25.3191183 -7.9707174 19.8435845 -7.9681996 -3.420833
0 49.0305491 -9.9703792 -3.8910933 -5.6109234 -20.1003455 -5.8556296 -3.602180
0 0.6746011 -12.3312142 43.2809543 -19.9930944 24.7891315 -20.7846626 -15.635716
0 52.2092711 -16.8991752 2.1409403 -21.8096404 26.8680745 -21.5669536 -20.942518
0 9.2467711 -18.3396412 -18.1984343 -22.1641824 79.4535345 -22.3926276 -7.605421
0 72.5536051 -28.8662912 -2.2584623 -33.8986554 61.2829155 -34.4042826 -34.408829
0 -20.0907261 -4.9131112 2.9674753 -3.4681544 17.1392905 -3.6345786 11.999804
0 -4.9900821 -2.4545502 39.8262263 -11.0610404 -15.9009025 -11.4096616 5.990010
0 31.9882241 1.1100162 -21.2514193 -14.7374724 -6.9122715 -14.5278456 24.330767
0 15.0598881 6.8564722 -4.6392873 -7.1893014 6.1054225 -7.2362126 -8.956980
0 15.8840091 -26.8654732 11.6945183 -19.9669794 53.5452265 -19.7515036 -14.539798
0 -4.7660851 5.3139282 6.9093193 -4.0212504 8.1410475 -4.2133356 -7.363622
0 -14.0289791 -19.9423412 53.8074463 -30.7262734 63.2573755 -31.3753116 -20.991914
0 -18.0065431 8.1001802 7.4749893 -8.9285474 28.1846735 -8.9724066 -7.852347
0 12.1728361 -7.4888662 10.7118343 -3.9982784 -7.3888775 -4.1793946 0.170747
0 63.7017391 -4.3278002 -3.5052223 -28.1810904 38.5700665 -28.5803886 -37.677307
0 16.5206791 -12.1213262 15.9818203 -9.0620294 3.5765975 -9.1889746 -5.706766
0 49.3420081 -9.1200502 1.6961013 -27.8632894 48.8001205 -27.4442636 -35.410625
0 30.0387351 -22.3794092 -10.6606473 -13.7450764 47.8197965 -13.8280656 -17.245333
0 -4.7660851 5.3139282 6.9093193 -4.0212504 8.1410475 -4.2133356 -7.363622
0 7.4097261 -26.3506822 55.5280963 -14.7312854 6.8923575 -14.8330866 -13.915127
0 27.2904411 -2.9984402 11.2850333 -19.4171724 30.3189175 -20.0746756 -26.404105
0 17.8417261 -6.7436552 0.9136303 -2.2640664 -4.9867055 -2.4071936 -2.353737
0 -20.4096051 -15.5046682 54.7822003 -8.2066564 -5.4197005 -8.1189606 2.877387
0 14.1768721 2.8706212 23.6673623 -9.5798354 -14.1266745 -9.8690516 -7.139292
0 14.9783701 -20.4007712 1.3879623 -9.1574664 27.3435545 -9.1327496 -5.018900
0 29.0003131 -38.7852262 54.7463453 -44.2453134 94.9747735 -45.1736716 -50.517220
0 56.7577001 -20.3764172 29.8103363 -14.4544494 -25.2184545 -13.7893776 -12.729337
0 -6.4461111 -26.1769212 55.4645923 -30.7573154 54.2672295 -30.9668436 -15.384630
0 -7.8112051 -17.1729322 31.4104533 -8.9269974 9.5259995 -9.3835756 2.358260
0 24.2015631 -20.8229132 28.1305643 -11.3999284 -2.3077165 -11.6983806 -6.103189
0 28.5336231 -2.9706352 39.4316093 -22.4339014 12.2397465 -23.0228036 -31.777642
0 12.9714081 -5.7880682 -3.4345123 -7.4984034 14.7146895 -7.6075136 -3.357600
0 0.9191941 5.9830472 -16.0807803 -10.6066134 39.7777785 -10.4850786 -9.507549
0 -18.4674901 7.5077952 -40.1031833 -16.5056934 84.3037575 -16.4329906 -0.302196
0 -4.6238081 3.3886612 -1.4941453 -5.3722764 15.9193035 -5.2847586 -2.532979
0 -19.6235101 8.2768632 53.4518533 -11.5872484 -2.3450195 -11.9307126 -16.242227
0 0.0000001 0.0000002 0.0000003 0.0000004 0.0000005 0.0000006 0.000000
0 8.0408991 -0.6666372 35.2031713 -13.8753804 0.1251575 -13.8416766 -14.985532
0 0.0000001 0.0000002 0.0000003 0.0000004 0.0000005 0.0000006 0.000000
0 -1.7419291 -33.7929012 70.1722793 -25.2628224 33.7164625 -25.2352716 -17.855820
0 -10.3756741 -15.7422452 71.8642483 -10.3695684 -20.1615215 -10.6137956 -4.601447
0 5.2164241 -9.4894672 8.3174913 -10.8340854 25.2950605 -11.2121976 -7.293226
0 -20.8058261 5.9660532 34.0717423 -7.7738064 2.8036705 -7.6395706 -6.622263
0 1.6882671 11.7849212 7.2358753 -18.7743024 40.7704245 -18.3023086 -24.402876
0 0.8145951 7.1929652 -0.9250173 -8.0314134 19.7954475 -7.5322546 -11.314322
0 5.8460671 -20.2404392 1.8549033 -23.8231194 81.1761895 -24.2919536 -20.521648
0 -4.3617251 -4.6011452 -6.1305133 -7.1765894 40.7576645 -7.2681766 -11.219516
0 -5.6528741 -14.7823092 43.4663333 -8.1905584 -8.6220505 -8.3237016 2.105156
0 -0.3532851 -1.9877032 27.2338713 -6.0745064 -6.9556475 -5.9449826 -5.917751
average: 0.166931216931