0 40.2344881 -3.0788862 8.9080903 -14.6868444 12.9460245 -15.0444476 -13.6664167 -15.612004
0 79.0212091 1.1290802 -18.5393933 -18.0299514 13.4777285 -22.8198126 -7.7207867 -26.518075
0 10.9070531 6.7153402 -16.4483683 -4.0928454 14.3349285 -6.1858846 -0.7501287 -4.480093
0 26.2392091 -7.9555522 13.9568083 -13.9582104 22.0205725 -2.3587926 -7.4228737 -30.521163
0 73.1514981 18.5052762 -7.0268573 -22.3535514 1.8117325 -25.0731276 -14.4757777 -24.539191
0 36.3292611 -22.3123682 23.7629783 -26.9298594 63.7748545 -29.7462666 2.3526857 -47.231290
0 55.7334751 -10.2480362 -4.6192823 -14.3089664 13.2011015 -15.7917236 -7.8314547 -16.135116
0 17.1114291 -10.8128912 19.1603413 -10.0073104 -9.3633345 -9.8199976 3.7878637 -0.056103
0 1.1182951 -10.4007172 61.0666623 -10.7658084 -4.3153725 -10.8156376 -12.3193127 -13.568112
0 29.3412011 -7.1565002 27.7678153 -19.7536764 14.5608195 -23.3878666 -2.9182797 -18.453515
0 176.2614971 -31.5971072 -34.9540233 -44.1224744 63.2130695 -50.4677296 -15.5022847 -62.830955
0 54.7855391 27.0154542 -17.8153503 -16.2905414 -5.9995905 -17.8777176 -7.0042457 -16.813546
0 72.1826091 -13.4646462 15.6406503 -22.2463464 13.1592315 -24.0351766 -11.9537727 -29.282551
0 32.4680531 15.6713802 -2.5635113 -12.1227554 -6.8509095 -13.8008096 1.8973877 -14.698832
0 62.4651391 -27.1152522 13.8391903 -17.4891924 21.5696335 -18.7048216 -16.4933267 -18.071368
0 6.7873111 -6.7509112 -5.4070733 -7.6979534 14.8168985 -10.5530976 17.0835747 -8.278751
0 89.6785951 21.2239392 -8.8097683 -21.9930934 -15.9836575 -24.4213216 -13.7151327 -25.979557
0 -2.5905291 -9.6230342 41.7274963 -18.0396834 7.8215515 -10.1224736 1.2510597 -10.424385
0 22.1905731 1.0528522 28.8480813 -19.5464804 25.1528355 -9.3334616 -21.0952917 -27.269107
0 42.1206331 -24.7282212 47.0257433 -19.4685384 2.3922095 -22.6956986 -7.5411677 -17.104961
0 33.0491651 12.3846202 10.2047473 -10.2798384 -6.7194755 -11.7848076 -12.9253517 -13.929061
0 27.2505611 5.9722362 10.2629593 -8.0531814 -5.5211715 -8.5462896 -9.5060017 -11.859112
0 51.4361441 -9.5063422 -2.9286433 -9.3065484 -3.4685905 -9.3724396 -4.7149077 -12.138675
0 12.6702331 -1.7672662 -3.8271783 -0.9818074 -2.6190665 -0.9961786 -1.8975647 -0.581174
0 19.3917281 -4.0919312 21.1553003 -11.4097904 -7.3470205 -0.3683066 -4.6175247 -12.712458
0 43.7692661 7.8158832 28.4900593 -21.8248884 9.9140565 -22.8505446 -14.6181537 -30.695682
0 57.7560081 14.8443372 -15.8893423 -14.2686414 -28.9454385 -16.3082016 16.8551337 -14.043852
0 0.8903461 -2.5330592 6.3106103 -1.7251594 4.6921075 -1.4729736 -3.3046437 -2.857230
0 10.5921401 14.5652012 5.0450433 -2.8660354 -14.6428875 -5.6444216 -1.6917967 -5.357246
0 -2.8916801 -9.4002352 31.5463093 -2.9544434 -1.0544995 -2.5727876 -7.6567927 -5.015874
0 7.2040251 -1.8669402 29.3288673 -4.6983394 -7.4025485 -4.2719806 -10.6519577 -7.641129
0 10.6871991 -3.6796992 -14.3885033 -2.4986594 17.7133315 -2.5074056 -2.9150317 -2.411231
0 13.2228981 -2.0565582 -0.5500383 -0.8576604 -4.1411035 -2.3518176 -2.1105927 -1.155129
0 38.0094381 -1.1193482 14.7626433 -14.5332234 -6.4996355 -7.7355026 -4.2572937 -18.627077
0 148.5615511 -3.4320172 27.3027063 -38.6145904 -12.9944205 -34.9563436 -32.4324047 -53.434478
0 45.3668471 2.4647402 22.3929973 -18.0561454 -3.9277445 -19.3144986 -12.7358137 -16.190379
0 70.3595991 -8.4866972 57.1043353 -17.8988014 -42.1456245 -16.0723166 -14.5691817 -28.291315
0 -21.6258661 0.6429462 21.2907463 -10.9674344 36.9493515 -3.5404896 -10.4725177 -12.276733
0 29.4038071 -5.7277932 20.4218463 -8.7579764 -5.2376895 -8.3912276 -11.6999017 -10.011067
0 10.6184561 -6.8281892 18.0876603 -8.7568864 18.0471225 -9.5509956 -2.6721497 -18.945023
0 3.6639711 4.9667602 30.2862643 -13.0647634 9.5325405 -7.3130566 -10.4512677 -17.620449
0 31.2923391 -13.8963392 0.3416043 -3.2120184 -5.8797385 -2.6834426 -3.3964277 -2.565979
0 106.2303231 -1.2681852 -45.7507723 -22.4825964 29.6568795 -26.3461016 -16.4933807 -23.546167
0 -11.3061361 -0.3100032 -12.6201363 -9.9055754 56.9253405 -6.5438426 -1.2561187 -14.983533
0 32.6075291 1.0891822 -16.0777843 -9.1181234 17.6575265 -9.4643336 -5.3190657 -11.374930
0 28.3777521 -12.6209812 29.0740803 -15.8584184 9.8246155 -4.5838096 -13.0557377 -21.157502
0 36.8028601 4.4797432 -27.5318213 -11.8355544 25.3610365 -16.7534176 4.5019477 -15.024796
0 42.4501481 -8.8031922 10.3358073 -18.8682094 31.8638425 -22.5974426 -9.9975267 -24.383430
0 6.0605341 -0.9678612 -2.3884943 0.0000004 -2.6634825 0.0000006 -0.0406977 0.000000
0 171.4011441 -29.2870652 -0.3336323 -38.6863524 22.7432755 -41.6686266 -22.8190507 -61.349694
0 40.3550501 6.3943122 1.6860863 -16.7036394 20.7255835 -22.0846906 -11.9017817 -18.470922
0 4.7091221 -25.6277312 56.6580043 -18.8155824 13.4009005 -10.3293066 -5.7464677 -14.248940
0 18.5523361 1.0245072 33.2998343 -10.1755804 -11.5878165 -0.0464946 -14.7329657 -16.333821
0 38.1316211 -8.2798092 2.3098783 -6.0647184 -7.6984915 -6.2812126 -6.6361377 -5.481133
0 32.7491941 1.5190662 29.8935473 -13.6246644 -9.9111815 -14.5140896 -10.9433017 -15.168568
0 36.8691201 0.8365542 -5.9525403 -11.9365874 11.7095665 -14.7442916 -4.1296307 -12.652191
0 3.7549721 -10.6258252 3.6864533 -9.0139454 17.9479065 -10.6996486 -0.9724947 5.922581
0 32.0898911 -13.9592932 -25.9012853 -11.3908564 61.0442885 -14.0806066 -9.5452687 -18.256870
0 9.3556321 -3.7147402 24.7079193 -4.9794154 -7.9643285 -5.5432036 -2.7004467 -9.161420
0 38.2075601 -8.3558012 -0.6029253 -7.1906574 -3.5732245 -7.2581836 0.9899557 -12.216725
0 30.2668961 -18.2361742 38.7003023 -17.6840534 8.4438925 -20.1574396 -8.6647727 -12.668654
0 50.9808071 14.4990282 -24.2345363 -15.0316454 15.2154075 -16.0739396 -8.9904047 -16.364714
0 28.5426911 -8.4656502 -5.4597003 -18.6121044 45.9896475 -22.6679796 -14.1115347 -5.215373
0 22.0483151 -13.7168312 10.6480063 -8.6125304 8.1371645 1.2083186 -6.9806027 -12.731838
0 23.5649531 -1.9345502 -3.3671303 -17.3914274 37.3057615 -11.4334276 -5.3166477 -21.427531
0 71.3392081 1.2097962 -10.1318963 -19.2959184 18.1201135 -24.4948946 -13.5822977 -23.164110
0 25.5734291 -10.6180252 -13.5468393 -16.9961424 59.5971805 -20.5770146 -6.0169917 -17.415600
0 13.1904121 -1.1391662 -6.6955623 -4.9268744 14.4110455 -6.9394786 -3.9562257 -3.944151
0 123.7592721 -25.7108472 0.1507063 -28.4974204 -2.5879205 -34.3702006 -11.3578987 -21.385696
0 -2.1521181 -12.7322502 74.2276093 -10.1665744 3.6788395 -10.2819836 -20.4444537 -22.129071
0 75.1015181 -1.8191592 -10.8038543 -29.4886034 23.8632825 -21.9637606 3.4833647 -38.372789
0 24.8426861 -5.0958582 -10.9184063 -18.5108304 37.0758885 -1.6310726 0.6934477 -26.455857
0 -24.7303071 -3.0279892 50.6185053 -7.0532074 -2.4266605 3.7754876 -8.2625507 -8.893281
0 45.6073671 -19.3236782 16.2089123 -14.0362274 -12.4242755 -0.4614816 -5.6384787 -9.932139
0 33.8938461 -1.6318282 -34.3048703 -12.7795364 47.8629475 -17.7319796 0.5632257 -15.871806
0 13.4338391 -7.1865362 53.8027483 -11.2466144 -24.7437095 -11.1636246 -7.5299697 -5.366137
0 21.9606271 -26.3173762 76.7671473 -29.9661324 0.7901395 -20.2646386 -19.6580647 -3.311702
0 154.4432741 -29.8709122 5.4140633 -43.7108034 22.0123515 -43.9188746 -17.6143317 -46.754771
0 52.2974221 -4.2152862 25.2657353 -22.4776224 13.1210815 -25.4803466 -15.3885407 -23.122442
0 2.4916071 -17.0728872 36.4208043 -12.1439294 36.9185415 -12.9865066 -16.9489677 -16.678663
0 100.2341981 -10.6685642 -10.5309083 -17.7656204 5.0283725 -21.3407746 -13.0626077 -31.894097
0 37.5452391 18.6333572 -16.4156733 -13.1444864 7.6095375 -16.8601336 -3.7572037 -13.610637
0 16.6494451 -12.9750732 16.7794303 -9.7941944 22.5162625 -9.4976956 -6.6213567 -17.056820
0 15.2701541 -10.7398702 34.8707893 -8.8166434 4.9371195 -8.8362316 -8.1748867 -18.510435
0 79.8620781 -12.3640812 16.4185963 -18.7973794 18.3776775 -23.0586816 -27.4324067 -33.005805
0 40.7885481 -1.1355712 23.4874483 -17.0517014 3.5956295 -19.2761036 -23.8615897 -6.546664
0 25.9881861 -7.9146752 18.6796973 -8.1452804 18.4600315 -9.9074986 -17.3219207 -19.838542
0 16.3773071 -18.6677012 3.4803103 -7.7855064 24.9630415 -9.6191136 7.0599817 -15.808317
0 90.0165311 29.0965872 -53.2600703 -25.8114944 10.4604755 -32.9291106 -11.4765807 -6.096334
0 0.0000001 0.0000002 0.0000003 0.0000004 0.0000005 0.0000006 0.0000007 0.000000
0 1.2423651 -0.9579552 26.4628543 -15.8265894 23.1294305 -17.4453916 -22.9441767 6.339459
0 29.3327021 3.1013182 11.0335893 -9.9223134 -8.3835475 -12.1260176 -1.5206667 -11.515068
0 120.1295191 -22.9768152 13.2562623 -32.1259804 30.7876975 -37.0402706 -29.2810217 -42.749390
0 162.1814431 -9.1994092 -15.5581003 -34.0305514 -10.4300445 -39.1133076 -27.5233377 -26.326690
0 32.1861361 8.4582142 -2.0404423 -7.1598174 -9.9286555 -7.2678246 -6.3655987 -7.882012
0 14.3339031 -2.0382452 25.0217983 -9.6252134 9.6719795 -11.2114586 -14.5674857 -11.585279
0 48.9678801 4.0475492 -43.8951603 -19.5989794 59.0370125 -16.5258276 -9.2585337 -22.773942
0 2.8289631 -0.1654812 0.0000003 0.0000004 -2.6634825 0.0000006 0.0000007 0.000000
0 18.3251481 -10.6186182 -0.1881593 -11.1936764 39.5849445 -14.3024596 -1.5990227 -20.008161
0 62.6942971 -10.9736942 3.2834573 -25.1414304 47.2381455 -22.6381416 -11.0343667 -43.428268
0 84.3815131 11.5323902 -50.7389683 -31.0621994 53.7678935 -36.8641796 -14.8936037 -16.122845
0 66.1970651 -14.9264652 14.3875513 -19.7272874 24.3046725 -24.2719926 -16.4181947 -29.545352
0 61.6262751 -12.8825682 5.7573523 -16.9341064 12.9157925 -20.4368276 -9.9459387 -20.099982
0 0.0000001 0.0000002 0.0000003 0.0000004 0.0000005 0.0000006 0.0000007 0.000000
0 23.5977461 -5.4656292 4.0825293 -2.6015554 -4.7535705 -4.9063296 -6.1728077 -3.780384
0 8.1195981 -1.6867832 14.2836713 -2.8056104 -4.3464115 -2.4564816 -6.2484077 -4.859577
0 10.6600351 7.3897952 16.9655123 -8.5887664 -12.7615345 1.6319266 -5.8920177 -9.404950
0 34.8146231 -2.6062862 -8.7908613 -11.7767734 33.5783165 -16.5097686 -7.4134627 -21.295793
0 61.0684351 15.9083452 -0.6909193 -13.6923554 -16.1593595 -15.0514796 -14.9734317 -16.409236
0 45.8679551 -16.9077112 21.7813383 -5.5586054 -15.6442335 -7.0937946 -13.4065597 -9.038391
0 64.8517031 -14.4822072 12.8961303 -13.8592984 -24.0705455 -15.0116516 -6.7224287 -3.601707
0 83.3891071 -33.5262732 57.1475993 -36.6214704 16.0280475 -37.9738606 3.9073587 -52.350516
0 20.9731771 -17.3349202 1.5947483 -18.0712444 66.0036925 -11.7097956 -20.9220567 -20.533597
0 83.3371971 -9.7731032 -7.9300643 -21.6404614 20.6528145 -24.4578966 0.0674077 -40.255901
0 15.7415471 -4.1546572 0.7287473 -2.6698354 7.7438515 -3.7255096 -6.1746637 -7.489482
0 61.0734011 -5.5576282 9.3478083 -11.5825434 -22.7530775 0.9250466 -11.6754807 -19.777528
0 0.0000001 0.0000002 0.0000003 0.0000004 0.0000005 0.0000006 0.0000007 0.000000
0 88.2402491 -18.0093882 -37.5148963 -17.7944944 52.8402095 -21.8844786 -12.2157187 -33.661487
0 53.6246921 -13.6405052 7.6775453 -23.6774614 60.6227165 -30.6226236 -13.3720047 -40.612365
0 105.6641081 -11.6888622 41.0296673 -38.8002154 7.4164795 -38.4876216 -25.3153867 -39.818161
0 35.3548101 -12.4306402 29.0773823 -9.5518264 -3.4330325 -9.8128306 -12.5021257 -16.701741
0 35.5645011 -2.1476052 -29.3119453 -15.1771694 45.1740565 -9.1840166 -5.1657137 -19.752107
0 29.1575591 -3.0707962 27.5998533 -7.4093534 -22.5290775 -10.2103246 -1.9912817 -11.546582
0 10.3216531 -15.7141392 62.0186183 -10.3822974 -7.1651065 -9.3147936 -13.2044867 -16.559450
0 16.6204571 -28.4578512 58.5738953 -21.3218284 27.6137485 -15.1862916 -14.1717347 -23.670395
0 91.7559621 -18.6091282 11.4156773 -15.6512624 -6.8679555 -19.5233556 -19.6482757 -22.871665
0 11.3285551 -3.6445852 18.4929273 -13.3707374 22.2576435 -5.7799496 -13.8154197 -15.468432
0 71.5454921 -4.8865042 31.6759073 -17.5719434 -33.8765655 -17.5904626 0.3469097 -29.642838
0 3.9476071 -6.1624742 11.2348663 -4.5105474 -17.3380585 -4.2630686 6.5981997 10.493476
0 19.4348651 -20.0889382 25.6079683 -12.1567394 -2.1507205 -12.3395826 -2.7196747 4.412820
0 42.9587511 -24.4397392 35.4025473 -16.2690854 27.7621925 -16.9415926 -21.5429547 -26.930120
0 -10.5448121 -5.4838042 17.6145383 -3.2889474 -20.9274575 -3.8657666 14.7544287 11.741820
0 4.8539081 -12.6962412 38.2627073 -20.9972104 12.4621485 -20.2964686 -11.3247787 9.735939
0 138.4155441 -18.8813912 -48.5568193 -41.7206524 101.6480885 -46.9441606 -16.6213517 -67.339262
0 48.1996931 11.0796642 -21.0358503 -11.1668884 5.3033995 -15.3895176 -7.7372127 -9.253288
0 60.7635091 -0.8249382 7.5043863 -21.6099494 6.2081035 -22.9219016 -3.2316687 -25.887540
0 69.7222071 -10.4188092 -23.3250633 -17.1149624 24.7120065 -7.1590276 -23.8340477 -12.582308
0 11.5480651 -5.3396452 11.0289243 -6.0142954 14.5642385 -8.6486616 -5.5181607 -11.620466
0 -11.6800691 -4.2121062 2.4583893 -6.5541764 34.2993645 -0.6577296 -3.1070557 -10.546617
0 4.3111871 0.6664212 -5.6142343 -2.2122644 11.5386475 -2.4876886 -2.8282907 -3.373778
0 61.5775811 1.6578742 23.1857753 -21.2791074 -11.3781195 -20.9164246 1.6843487 -34.531927
0 85.2297531 26.5117012 -38.2150063 -21.1377614 -11.5122675 -15.5275446 -4.5842407 -20.764633
0 24.8752441 -12.2689852 14.2801133 -8.2948544 16.0929855 -9.4948886 -12.2190007 -12.970615
0 78.0799391 -25.1570682 -1.2356373 -22.5517574 57.8583595 -29.1971066 -12.2331167 -45.563617
0 101.6600501 -19.9695692 66.8859163 -40.5969394 0.3884945 -26.9383356 -29.1748977 -52.254715
0 39.1820621 -5.9640972 11.3041273 -12.3525474 0.2206775 -13.1953396 -7.3109437 -11.883938
0 24.8636941 6.5282332 16.6702933 -10.3287214 -3.8155025 -12.2651336 -12.4313947 -9.221470
0 52.1352181 -22.5267452 22.6603263 -17.0458014 15.9306605 -18.1612136 1.8297537 -34.822199
0 91.7208331 -37.3256432 53.5532353 -36.1766064 58.4454415 -39.3299016 -38.0907837 -52.796578
0 -9.6307451 -6.4496152 51.0098313 -5.8367064 -32.0491595 -5.0778286 2.3313617 5.702860
0 44.4894361 -25.3815132 25.6487103 -21.7418394 18.2304555 -13.7341156 3.8040757 -31.315209
0 128.5693761 -44.2628452 58.2938933 -43.8638914 34.2132445 -48.8444606 -7.8256287 -76.279695
0 14.5994931 4.0784002 14.3440763 -12.2490224 15.5988735 -1.7783686 -16.4971747 -18.096279
0 32.7382081 4.2330622 -9.3625673 -9.0618254 8.5218405 -9.2750686 -7.6627767 -10.130872
0 30.0021651 -18.6274922 50.6602933 -16.0164794 16.5959535 -16.9180446 -22.8770847 -22.819310
0 0.0000001 0.0000002 0.0000003 0.0000004 0.0000005 0.0000006 0.0000007 0.000000
0 47.7163491 9.3509162 31.7876923 -15.6165154 -24.8699525 -17.0864976 -15.1933987 -16.088595
0 2.4151421 1.4490202 -5.0641963 -2.2122644 10.8669405 -2.4876886 -1.5931757 -3.373778
0 -13.8814951 -3.2256742 25.3726663 -2.6922964 -17.3813375 -3.3216836 3.2256267 11.904192
0 -32.8753511 -4.5991572 21.7715763 -7.6573174 17.3386325 -1.0982376 2.5144227 4.605432
0 27.7560611 -4.7272222 -27.0788283 -5.8844674 26.6070125 -8.0265916 -1.4235797 -7.222387
0 -14.7068561 -3.0997072 -1.8435643 -6.5421754 35.3746265 -0.3631156 2.6190217 -11.438231
0 14.7596821 -0.6280742 -10.1523673 -2.5540134 4.7059155 -4.6637296 2.8435797 -4.310995
0 28.3891211 7.8730912 11.0425993 -9.9435654 -4.5970825 -11.7691166 -12.1923807 -8.802669
0 27.1180351 -4.5528172 -9.4111183 -6.2356134 12.9302685 -8.1886386 -6.4676237 -5.192495
0 61.7745751 -28.8205202 65.4627883 -24.2502114 -18.0829365 -25.3244166 -9.6476887 -21.111594
0 21.0357721 -9.3613132 13.1432503 -7.6988654 -11.0455935 -7.3796826 15.4614237 -14.154993
0 45.3752341 -7.0782192 12.0615703 -14.9649974 0.8309045 -15.2543646 -5.4568887 -15.513239
0 32.1223951 -11.7356382 13.0205383 -10.3687004 18.8023345 -11.7661416 -6.8102847 -23.264505
0 91.0507051 9.9679272 -35.5467823 -16.6152284 -5.1446335 -20.4012336 -3.7221847 -19.588571
0 31.8884441 -8.4621762 -14.1642403 -2.2158414 0.4465265 -2.0223486 -3.8586467 -1.611719
0 63.6141801 -9.7496042 4.0670243 -14.0033934 -7.0106675 -13.6773346 -8.9824897 -14.257714
0 -1.0105611 -4.8489132 14.0846573 -4.7051894 22.9973255 -5.0302246 -10.3509247 -11.136172
0 0.0000001 0.0000002 0.0000003 0.0000004 0.0000005 0.0000006 0.0000007 0.000000
0 22.5665021 -5.1302822 16.1235403 -13.5594334 7.7950605 -15.4968466 -13.8053977 1.506854
0 86.9443851 14.2058422 -33.5123993 -19.9291764 -0.4742255 -22.5149606 -6.4522807 -18.267181
0 -2.8578311 -5.9309552 -4.1166703 -7.7219944 45.5295655 -2.3099986 -7.8038747 -14.788242
0 54.7617341 -15.7822382 -11.4811503 -11.3773444 25.3947025 -12.4949206 -7.4845187 -21.536265
0 18.1229161 1.7821272 9.8197883 -7.6669474 2.4084395 -9.2997656 -7.6428927 -7.523665
0 -40.0106841 -5.7523702 44.3520403 -10.4835334 27.9720345 -2.9530436 -12.2374747 -0.886969
0 28.6793241 6.4746542 6.1670863 -4.4295284 -19.8418545 -5.5675626 -6.2473167 -5.234804
0 3.0111371 1.2559172 0.5422323 -8.5796544 34.0944875 -4.6618156 -9.7189337 -15.943372
0 33.3628421 4.9717662 -27.4767523 -6.2562154 10.1377295 -6.8185886 -2.6494847 -5.271295
0 -3.3105901 -29.9999982 74.0147043 -24.1602674 72.1959065 -29.7472886 -30.7759087 -28.216559
0 14.2021001 -12.5335922 44.1498403 -15.9683464 1.2351305 -16.7572956 13.6164897 -27.944328
0 36.4670281 13.9941252 -19.4994163 -12.9184104 17.0045485 -17.8835806 -4.9324557 -12.231841
0 107.8077361 -19.4211172 -20.1937963 -26.4044784 46.2629115 -33.2633826 -6.9633797 -47.824502
0 104.2272391 -30.0500172 -10.0217143 -33.2520644 54.6099905 -33.5542046 -3.9146957 -48.044536
0 21.6924221 -1.2496202 -28.8810403 -6.4167644 25.4202835 -10.5766186 9.8816687 -9.870335
0 3.0395361 -1.6816782 31.1673223 -4.6983394 -4.0673595 -4.2719806 -11.8463757 -7.641129
0 11.6493391 0.1141552 -13.8653863 -2.5540134 10.7870485 -4.6637296 2.8435797 -4.310995
0 39.0408281 -2.0408142 3.6138373 -9.3825754 -4.5903835 -10.1244856 -8.1752107 -8.341196
0 21.4849721 -8.2272152 38.6316833 -10.1584194 -2.4595495 -14.4624416 -14.4095417 -10.399487
0 13.0484741 -12.5194902 2.3880603 -13.9308454 50.9259525 -8.5720046 -4.9163557 -26.423794
0 40.9918411 -15.6823072 -0.5650073 -13.9724084 31.5499975 -14.2054526 -6.8225037 -21.294160
0 19.3295401 -9.4462532 16.0657873 -11.2532214 14.0989945 -3.9244806 -11.5747477 -13.295619
0 -15.7704151 -1.9417792 -4.8454173 -5.0521604 35.1222315 1.4155116 -1.6292127 -7.298760
0 7.7223001 -9.3557922 28.5652593 -3.9165314 3.3918475 -3.8673086 -14.4165467 -8.123228
0 41.0085431 -18.1875852 27.9857423 -11.2349264 11.4855445 -12.4027586 -21.0411577 -17.613403
0 9.4831411 -6.2586042 6.2462913 -8.1889434 19.7228625 -11.2566586 -11.5466817 1.798589
0 23.0523801 -2.6501562 17.3403083 -8.0321584 -5.9024795 1.8136336 -12.7048497 -12.916679
0 18.4235661 -3.7624002 20.2435013 -4.9042784 -9.1921895 -5.0298816 -7.5085147 -8.269806
0 42.7217311 -5.0648392 2.5377573 -12.2654094 2.7350385 -12.3874036 -6.3929357 -11.883938
0 148.1660251 -10.5598862 -1.3814023 -42.4209674 -12.0653475 -46.1464856 7.0588127 -42.650745
0 13.3515981 -3.7554382 8.2990533 -4.1705304 7.2391415 -4.4433046 -9.0851297 -7.435392
0 9.8731321 -2.3013442 0.0000003 -0.3373864 -6.9198245 0.0000006 -0.3145787 0.000000
0 15.4309731 -14.1768232 15.6445503 -14.9868664 53.8265915 -17.0477446 -19.5051117 -19.185565
0 -15.7704151 -1.9417792 -4.8454173 -5.0521604 35.1222315 1.4155116 -1.6292127 -7.298760
0 11.7982531 0.6796352 9.3498703 -2.7400734 -9.3391245 -2.3602876 -3.8087597 -3.579515
0 15.8538181 -19.4053612 39.0802073 -14.4538154 5.9804345 -15.6160386 -0.6756627 -10.763584
0 83.1654861 20.0468552 -71.9790183 -32.7013464 79.4866345 -42.6229946 -15.4242277 -19.971394
0 -3.9154911 0.0636762 14.0822573 -2.8056104 -2.3546365 -2.4564816 2.2458627 -4.859577
0 99.7814051 -17.9826262 -3.7325033 -28.8664134 25.0085535 -20.2903516 -16.8944927 -37.023571
0 9.0552351 -31.6104352 107.9919633 -23.3994964 9.2201125 -12.8235846 -25.7643297 -32.669465
0 65.5252191 7.2975252 -14.2941173 -13.9977904 -7.8070465 -16.7435626 -7.6238357 -12.356389
0 99.2856671 -19.4246932 38.6496843 -38.1173444 58.5657625 -41.7057176 -22.9307937 -74.322574
0 53.3454191 -10.3621622 23.3987673 -13.4634124 -6.1564785 -12.9204986 -18.7041517 -15.137483
0 -6.4310081 -1.2186042 -10.7559143 -0.9877184 15.5401235 -1.1116066 5.7973827 -0.832653
0 134.6478151 -8.3278072 -16.5860283 -28.0057004 16.9679885 -34.2740356 -28.0978817 -36.324352
0 31.4433341 -0.1817852 22.7465553 -12.1881854 -4.0956005 -12.5370436 -11.9865017 -13.200773
0 31.2011271 -14.3341202 19.2440343 -14.0768544 19.8560255 -16.3520386 -10.1757537 -15.362420
0 -8.0828291 -3.7303762 22.6317883 -3.0537924 1.6046525 -3.0230806 -3.4978117 -2.848555
0 57.4159221 -22.9491532 20.7663123 -17.6424524 15.2429395 -18.6613746 0.8123757 -34.984571
0 70.1130471 -16.5210452 39.1558243 -35.7858084 30.4154505 -30.1316726 -0.3614477 -56.884353
0 4.0903461 -2.2703262 7.3038063 -1.5020164 -0.8228685 -2.0732406 -1.4778447 -3.247857
0 0.0000001 0.0000002 0.0000003 0.0000004 0.0000005 0.0000006 0.0000007 0.000000
0 56.3392891 -16.5598682 11.5046393 -15.6822824 12.0147675 -17.6440706 -14.0288817 -15.943594
0 59.2674031 -4.6728042 17.0253633 -14.1040284 -14.3222115 -14.0333816 -15.2160217 -13.944319
0 70.9993961 -11.8000322 -11.3641133 -13.1971654 27.5999185 -14.4372526 -23.9392587 -23.861492
0 32.8381121 -10.5777112 3.9530013 -8.8786854 15.0649745 -9.9875156 -3.2871437 -19.125034
0 0.0000001 0.0000002 0.0000003 0.0000004 0.0000005 0.0000006 0.0000007 0.000000
0 3.9844731 -1.0531232 -1.8387613 0.0000004 -0.4813055 -0.0439236 -0.5673617 0.000000
0 15.0989601 -2.5785802 -14.5875383 -5.6403984 25.6245185 -8.3048136 -1.0582737 -8.553877
0 10.4970151 7.3261192 -0.2566903 -5.7831554 -10.4068985 4.0884076 -0.9194227 -4.545374
0 55.6177041 -2.4393912 -18.0865583 -15.5244514 9.1737965 -20.2387166 16.7999407 -25.302325
0 93.7231811 -22.6059562 -19.4210613 -18.2377764 15.5794205 -11.3622296 -15.9349467 -21.740635
0 25.8115611 -15.9612022 61.3972423 -13.3809274 0.8549045 -13.9894186 -22.9425097 -21.789651
0 91.3927841 -8.4403832 -15.0165543 -26.8639274 42.2696315 -31.1229476 -12.2027157 -40.015890
0 16.1814071 -8.7085692 -4.5767043 -11.2532214 40.3387805 -4.7797986 -13.9062767 -13.295619
0 40.7129241 -2.8355342 -16.1504343 -6.3811854 6.1975895 -9.7914566 -6.4902527 -5.261652
0 3.4995651 -0.6793212 7.1946863 -5.9498154 19.5875135 -6.6580806 -8.5988237 -8.395727
0 8.4298181 -6.3880672 9.6487373 -5.9230524 11.4199715 -7.6005726 -4.6884257 -4.898410
0 50.3554951 -4.1999422 13.7260833 -15.0054824 -3.2688975 -14.7476906 -11.3961127 -15.463453
0 81.3812451 18.9782142 9.7581203 -33.0191324 13.8071025 -39.3487616 -18.8914587 -32.665326
0 39.8702131 -8.5353832 4.7455303 -6.2088504 -9.3031455 -6.2620066 -2.6708077 -11.635551
0 42.6851331 -12.2367492 5.5600593 -8.1852844 -1.8985665 -8.2618956 -10.8568447 -6.805852
0 22.9801681 2.6691842 -5.6478073 -7.5519334 30.5485375 -9.9387066 -14.7067007 -18.352743
0 89.3459011 -22.1563282 72.2831893 -28.0206334 -18.4435575 -30.4611666 -29.5200947 -33.027316
0 2.1535611 -3.0656102 6.1712733 -1.9745644 5.4255375 -3.5382716 -1.9240697 -3.247857
0 50.6904941 -20.6606372 27.6205333 -13.7330304 4.8093515 -5.9028926 -22.7887777 -20.035040
0 7.3984511 -12.3044842 4.4332363 -9.9874384 18.3115935 -1.9910246 9.0877257 -14.948060
0 -11.9410161 14.0919962 20.8704093 -5.3623244 -11.6586445 5.5391426 -6.1123657 -5.427196
0 13.4295381 -13.5156832 12.6680643 -6.2532144 2.0969475 -6.9067886 9.4363197 -10.955182
0 -8.0217591 -8.6257712 3.0948423 -5.3809814 26.8194115 3.7723996 -5.1276327 -6.530507
0 15.8791931 -7.6661542 17.7574403 -11.3329044 24.6735175 -13.6408576 -12.5974947 -13.072740
0 23.4573231 -12.4036232 -13.8831073 -6.8863484 39.1687475 -7.2041946 -11.0944967 -11.154302
0 19.5414031 6.4905372 15.7211863 -8.6759044 -17.6862355 0.8239906 -6.8100257 -9.404950
0 -26.6414971 -1.9417792 -26.6911523 -5.0521604 71.3012785 0.5601926 -4.2361237 -7.298760
0 -2.9008941 2.0131072 13.7077213 -8.1671164 16.2600135 -8.1736996 2.9580327 -15.697165
0 -6.5319421 -8.1935232 -16.6482773 -9.4133314 60.0532875 -13.8510156 -10.4603887 5.045190
0 48.9341631 -10.8492972 -3.4104613 -14.4567834 30.1129915 -17.7537546 -11.1803057 -21.396552
0 4.8408301 -17.3355632 41.8511453 -15.7112354 36.4057365 -9.0339376 -15.7541297 -25.262847
0 28.0771591 -12.2811672 23.2581373 -11.3009094 9.5263285 -10.7028236 -14.9080807 -11.668646
0 41.8351511 1.4477042 -17.1715843 -7.6221964 -1.6447305 -7.6142016 -2.2461627 -6.983980
0 29.1849821 -12.4129852 -5.0476803 -8.3836684 39.5700395 -9.5284356 -16.4848387 -16.897415
0 102.4349091 -12.4221312 4.6286163 -21.8028274 0.4038525 -24.4553596 -22.1405647 -26.646495
0 15.2126871 -7.7304652 9.2747553 -3.2670054 -2.2076835 -3.1608536 -2.8114777 -5.309958
0 10.2847841 -15.6399302 9.5123613 -16.3908454 49.3721075 -11.6556896 0.5741627 -26.056949
0 15.9063051 -6.5885352 6.5047303 -6.2088504 5.3963885 -6.2620066 2.8875197 -11.635551
0 0.5582161 -1.1413312 -0.1129073 -3.4022614 22.7641915 -3.8119606 -9.8320007 -5.021949
0 72.9200211 -2.8666872 11.6231893 -22.2767254 21.3274345 -27.5373936 -19.7417087 -33.448134
0 52.2518611 -19.0329052 26.0087943 -17.7556234 23.2547465 -18.4785816 -24.4687097 -21.779582
0 4.1938521 -3.6909862 12.0976713 -3.2151744 7.6907205 -3.2515986 -6.8277837 -6.996701
0 85.9842931 -6.8730592 -23.7531103 -31.2844364 68.0756905 -37.8625506 -4.7549887 -49.531843
0 80.8017441 -22.7156742 2.6780603 -20.8721904 33.9850935 -22.6980056 -19.6896127 -31.489418
0 34.8279941 0.1784052 21.4025803 -12.7848364 -5.4550285 -13.0372036 -11.7687647 -13.363145
0 26.1367741 -11.1869702 -0.9979273 -11.8365844 41.9666245 -15.2263006 -10.7413537 -18.114263
0 53.2007561 0.7194292 24.4042703 -19.1931504 -10.0468655 -19.5610236 -3.8363537 -25.687062
0 2.4151421 1.4490202 -5.0641963 -2.2122644 10.8669405 -2.4876886 -1.5931757 -3.373778
0 45.5857431 -3.0528152 31.6237573 -13.0145574 -0.2810225 -13.6853676 -25.8416667 -21.334072
0 32.8543331 -3.8369372 2.7350913 -11.6676234 19.0140685 -13.8804106 -12.0357677 -13.182754
0 23.5382241 -25.3136672 32.3169563 -21.7222544 75.8992705 -17.5996976 -29.6907977 -37.428035
0 95.2293361 -44.4036632 77.9809163 -32.7539484 19.6623385 -32.2543096 -40.6059677 -42.854704
0 38.5249041 -19.4053112 31.4496743 -14.1926764 16.8128285 -15.4138186 -19.2346927 -18.540907
0 0.0191461 2.7394922 -8.6873623 -7.4674644 28.0694765 -0.7808076 -4.2936357 -9.598845
0 43.4581171 -16.8781212 13.9181683 -15.3655274 28.3410825 -20.1012076 -2.6270167 -30.745500
0 61.5175291 -12.2422612 10.8450363 -24.6053434 42.7929495 -26.5000906 -23.3383567 -28.469464
0 77.6499381 -8.2673752 -38.7693063 -18.0529764 19.5981245 -20.4664556 13.6314687 -25.323416
0 49.9878761 1.4555592 5.0491973 -8.4911214 -23.6784875 -8.9485036 -3.0652677 -12.309253
0 10.7236981 -14.4680122 43.7866143 -14.5567904 -2.9857735 -14.5203786 -4.9207197 -3.058640
0 60.6731791 -32.2025012 30.6655493 -23.4019694 36.4269885 -24.1601776 -3.1382997 -44.862773
0 21.8295001 -8.8040222 31.2103523 -9.0272814 -3.9451385 -8.7260206 -12.0343107 -10.503081
0 25.0500351 19.4864122 22.4993713 -29.8037504 25.7680185 -35.6833726 -11.9900377 -15.326676
0 5.4458081 -6.3369212 16.2774483 -4.9160154 4.6003785 -4.9227536 -5.1588257 -4.989119
0 3.6820031 -1.7953522 -5.0504613 0.0000004 -2.8494195 -0.0439236 6.0571527 0.000000
0 -10.3549751 -8.0997482 44.7569193 -5.9558044 -15.1945635 -5.9331466 -2.2877777 3.069094
0 6.9065111 -13.8698232 40.4561313 -10.5168504 18.3295365 -11.6625106 -14.3239877 -15.319009
0 103.7735621 -6.4773352 -25.3331873 -19.2206124 -3.6108755 -19.7171126 -12.4775427 -16.936895
0 72.4017891 -20.1142132 3.2160193 -16.4474944 34.4372445 -19.5629496 -21.8131317 -32.117268
0 68.8143481 -12.1249562 -25.7283703 -23.5720724 56.2093915 -26.6388536 -5.5258987 -31.433589
0 7.1747911 -2.5737642 12.0979253 -6.2717334 -9.8031525 -7.8534136 0.0164327 7.212912
0 76.0297571 -15.4564672 29.2443533 -31.9288894 22.7649805 -34.7740676 3.5480067 -49.427675
0 13.1904121 -1.1391662 -6.6955623 -4.9268744 14.4110455 -6.9394786 -3.9562257 -3.944151
0 20.9061481 -7.7590972 59.1111433 -20.9214544 13.2500015 -22.3633136 -19.2593017 -22.964127
0 53.0802751 -23.9551222 -1.0414123 -12.4396524 38.3066035 -12.5070476 -21.0482027 -20.395441
0 16.1076331 -10.2698612 28.5161473 -16.1557284 39.1748155 -20.8256896 -13.1035237 -23.443796
0 65.3065241 -10.0970122 0.6013883 -21.7351474 38.6465035 -25.4552686 -31.3836467 -15.883343
0 -31.1123181 -4.9401752 42.6097503 -5.5702534 -17.2718175 -5.3811686 -3.8372787 25.503259
0 7.6381791 5.4656522 5.8761343 -6.0101904 6.1669265 -8.4085076 -5.8297847 -4.898410
0 49.1082241 -21.4911142 23.7048493 -14.3164364 16.7110875 -14.7062096 -12.1186417 -26.891762
0 129.1422581 -6.2193912 -19.0846283 -21.2019624 -11.3548215 -24.1338796 -22.3145577 -24.833020
0 24.7404261 -17.0109982 14.4731963 -17.8057234 51.0636005 -12.9209936 -13.2347007 -29.304806
0 89.7241951 15.5447472 -27.8604963 -30.0098144 22.5220595 -33.1440886 -6.3254887 -30.451108
0 12.3704031 -4.6625962 5.0971783 -2.5569544 0.1352585 -2.3284306 -4.6974677 -3.357391
0 1.0457211 -5.7130562 31.6631923 -5.1314614 4.0966615 -5.3592306 -6.0956417 -14.506186
0 -32.1459791 -8.9978112 45.4365063 -13.2704204 26.7603435 -4.6960526 -6.3058507 -6.780738
0 50.7837941 -11.1445662 -2.8147543 -13.2555894 16.0769005 -16.9021366 -2.9312117 -19.812440
0 13.7198331 -8.2161332 33.1043653 -8.4306294 -0.5939355 -8.2258606 -11.0169327 -10.340709
0 39.4584861 -13.6517072 -21.4520253 -12.6557914 47.4091235 -7.9689776 -11.3282527 -19.810858
0 -30.7891341 -5.9749342 55.1766333 -9.2441384 24.0520335 -10.2921036 -6.5940207 -16.334336
0 -0.9389211 9.7244032 40.0601423 -13.7295154 -25.6465955 -13.1912516 4.4251237 -0.703383
0 2.2142381 -5.5345412 18.6659413 -4.9160154 4.6003785 -4.9227536 -5.1181287 -4.989119
0 90.1511371 2.4952762 1.1225213 -33.8261244 24.4494845 -40.1056406 1.3554457 -45.642103
0 -24.9210201 -5.0881002 41.4115203 -7.0692544 8.8723325 1.2118236 -5.2247657 -9.192534
0 75.5983201 -24.3797542 29.2446843 -21.4724944 -9.7769595 -24.0482256 9.6583317 -34.823903
0 87.1851971 -15.4889712 16.3394303 -26.5750924 2.9337275 -29.4854106 -18.9557117 -15.953168
0 58.7530531 -26.8590342 60.6314493 -20.0227954 -9.8673965 -21.4927836 -21.6875867 -19.454907
0 15.1773701 -3.8237612 22.1671393 -16.4543274 18.8778295 -18.6797186 6.5469327 -23.811466
0 140.1068871 -39.8222042 55.8050953 -43.3122914 48.9621505 -50.0389946 -37.2692727 -74.431375
0 4.0903461 -2.2703262 7.3038063 -1.5020164 -0.8228685 -2.0732406 -1.4778447 -3.247857
0 11.9503161 -4.9003202 10.1593263 -8.4544904 7.3546525 -0.6131286 -6.6190387 -8.877318
0 51.8934771 -6.0337692 -23.7014543 -29.6300774 27.1938995 -24.0881996 8.0741287 -3.708002
0 59.5992331 -8.0756262 -26.7864323 -19.3408884 40.1995355 -20.0946386 6.9287057 -32.429891
0 106.5359531 -16.1754502 -22.4985773 -14.1064824 -0.2926035 -14.7063416 -15.5572897 -23.199211
0 26.3580571 -17.6054502 28.0334733 -27.3968464 64.1922615 -25.9342666 -34.5557897 -13.091443
0 138.1598321 -14.2167622 14.3439313 -27.3372544 -22.2267385 -32.5613796 -15.5146057 -40.647028
0 10.7573801 6.3633822 3.0015313 -8.9167264 -6.4605535 -11.4886596 2.0105137 4.733133
0 39.3133901 -8.1184992 -15.9661113 -13.4771714 38.7204695 -15.7915846 -9.0455417 -15.634955
0 12.9125831 -3.9891762 0.7287473 -2.6698354 10.4073335 -3.7255096 -6.1746637 -7.489482
0 41.2254511 -9.2461472 -15.3665573 -8.4325804 14.4661155 -8.0861636 -1.4025437 -13.157578
0 54.7967401 -18.8575202 13.1049443 -14.5037044 15.1540815 -15.7568946 -9.3314817 -24.606166
0 88.4916471 -27.2934872 -21.1214203 -24.7644654 61.0433115 -28.0403696 -11.3484367 -36.966784
0 35.7909791 12.2767012 -6.0833423 -10.4802074 -18.0031205 -11.5337096 -9.8462397 7.878939
0 52.1048891 7.9955502 -29.9481803 -17.4168944 36.8029125 -9.6026566 -13.9617917 -25.973833
0 16.8544141 -10.7398702 5.8660033 -8.1671164 27.5567355 -9.0290176 -6.6439857 -15.697165
0 47.2707911 8.6351612 12.9387823 -15.9457404 -8.2689735 -16.8482266 -11.7209547 -16.060837
0 119.9848141 -16.8854772 -41.9479653 -30.8508704 43.2264935 -23.9226366 -10.6084697 -38.995888
0 59.6291801 13.8396662 27.4728413 -23.2224694 -20.4179375 -25.5137236 2.6337297 -34.421285
0 69.9586481 -13.4026632 24.0479453 -18.6701394 -14.6216355 -20.4770726 -21.3020067 -5.533082
0 74.1121811 5.4195042 -3.8033103 -19.1786314 3.6073785 -21.5796826 -15.7438067 -22.833634
0 -1.4848921 -17.3369372 58.5414323 -15.2320394 0.0524515 -15.7717466 -0.7999347 -7.968335
0 24.7864711 -12.0101952 15.6870703 -7.2124844 10.9792855 -8.4524886 -8.2751067 -15.502553
0 -0.3112341 8.6177362 8.0534553 -7.9077754 16.5774395 -9.7608416 -7.9965487 -7.272231
0 51.1661721 0.5778982 -20.7970953 -9.5274254 0.0743735 -9.1057126 -2.6116267 -9.776584
0 22.1899921 -18.9831812 8.8994373 -10.3390074 23.2072225 -1.7124886 -13.1813557 -10.080617
0 40.2063971 1.2010942 -15.6024343 -11.5142304 27.1347905 -6.6314556 -20.5057847 -14.288376
0 -4.2025791 -6.0598112 36.7741313 -6.7470914 -11.0918435 3.7603836 -6.4257017 -6.007487
0 4.5675331 -15.8635952 11.2246473 -16.0646854 62.2171615 -10.4989686 -12.9530127 -22.629081
0 28.2403091 -6.5293322 -3.6067013 -7.5519334 31.6816065 -9.9387066 -13.9425007 -18.352743
0 -16.6084141 19.2435072 14.2809443 -6.3627134 -16.9583505 -6.8249306 4.1858307 9.044128
0 23.4095981 3.3369432 0.4720573 -8.4529904 0.0004365 0.3628986 -7.0940857 -12.034856
0 101.6579421 -23.7786902 -3.6638703 -22.7604534 30.5309915 -28.0948896 -11.9909937 -41.900043
0 34.9690121 -11.7266212 31.7175733 -19.5150274 4.2191445 -20.7357566 7.1294637 -26.057788
0 50.2915681 -19.0801252 0.3813803 -12.1654064 30.3107265 -12.8694126 -19.5227187 -17.346010
0 68.5099551 -14.8565042 15.8995893 -20.2174574 27.8997785 -25.8712026 -23.4120907 -27.952069
0 45.9612961 -0.2390282 -9.2640373 -12.9483584 23.0388885 -13.4275236 -11.3058037 -21.815436
0 22.0064541 4.7113702 16.7105753 -11.1235194 -9.4147255 -12.3709796 -13.9727617 3.453584
0 -4.6525351 2.6891322 -4.1948893 -10.7698034 37.8409545 -5.8086176 -3.6514757 -11.452768
0 58.7660661 -3.0128682 2.5756343 -13.4783994 5.7875335 -15.1711886 -12.5907647 -22.876014
0 28.2924461 10.9300352 0.0120153 -11.4245034 3.5620305 -13.6109486 -7.3773467 -10.383729
0 55.5562311 -8.1614242 29.3579783 -24.7653714 1.4692445 -25.5598406 -9.8835877 -18.013232
0 11.9961511 -6.3244722 -19.3263363 -10.8726584 57.8110705 -7.5178106 -6.5043387 -19.261609
0 76.3279071 17.0280742 -10.9885893 -12.6301174 -33.8027335 -15.1194496 -4.4516897 -16.363406
0 -10.1856111 -25.3527812 99.0975453 -19.4978674 8.1440465 -19.9651036 -14.5998877 -17.640344
0 17.0968971 -17.3201622 52.9861913 -9.5415504 0.1446555 -9.5927656 -20.1689057 -13.604361
0 0.0000001 0.0000002 0.0000003 0.0000004 0.0000005 0.0000006 0.0000007 0.000000
0 -5.5317641 5.7931512 -3.1762973 -6.2557024 17.4983295 1.7680566 -4.2479417 -5.847829
0 65.5747471 -20.9549252 7.1231753 -27.5069044 92.0475065 -38.9460146 -30.2918177 -47.045773
0 34.7249131 -26.5253622 24.3496963 -22.0213374 53.0906855 -26.5740646 -10.4188587 -26.625675
0 16.1886671 -4.2861312 17.9849153 -11.3693254 18.4102135 -13.8431766 -8.7830217 -14.302142
0 19.2502181 5.0892812 -9.4247233 -5.7217864 -15.4100115 -7.4275376 16.9917387 -3.347180
0 75.6655441 -4.5520682 -21.5663783 -19.5869294 17.4384765 -23.8507406 8.0493857 -31.597291
0 95.4760451 -0.0138612 -7.7886763 -23.2598024 -11.2822475 -23.6671186 -25.1278517 -4.336485
0 -5.2499461 -1.9426192 36.2684133 -5.8794464 -18.2581795 -6.8435796 -8.1141977 10.019552
0 13.3374611 -5.6019762 -3.5366333 -2.8828344 5.1477095 -2.3068416 -0.6141457 -3.542742
0 1.7240301 -6.8472372 28.4226393 -18.0447704 42.4777035 -19.6052526 -6.7045177 -21.422596
0 37.6186781 -27.6035062 38.3793373 -29.8575504 39.4869035 -22.7807486 -10.6445147 -24.598598
0 -4.3499701 -2.2790102 -31.6578243 -8.7023424 68.2169575 -5.8644226 -3.7536367 -11.609755
0 48.5349411 -15.0218082 0.3186003 -11.9195264 13.5543565 -15.0917666 -5.8847977 -14.489999
0 26.5565761 -15.6863842 27.4103173 -10.3834764 18.2153465 -11.5587496 -17.5354207 -17.018208
0 -15.7704151 -1.9417792 -4.8454173 -5.0521604 35.1222315 1.4155116 -1.6292127 -7.298760
0 44.7189981 13.7766482 12.4937893 -19.4859874 -22.2335105 -20.8396196 2.3861737 -10.816491
0 19.2862561 -17.2148702 68.9590503 -23.6081484 -1.0903105 -24.3174266 -20.7271907 -1.287363
0 4.8483681 -9.9749622 6.5727023 -12.1204554 41.6714835 3.1528926 -16.4232887 -17.726737
0 -7.0058811 10.2268272 46.2196043 -12.9652144 -28.8180375 -13.0042896 -11.9364667 17.283458
0 36.4625391 -19.0321592 33.5546253 -16.8271104 21.7641905 -16.6521956 -20.9476557 -18.322233
0 5.5888061 1.0820152 -11.4768923 -2.5540134 13.4505305 -4.6637296 2.8842767 -4.310995
0 34.1542511 -17.6887882 22.7706553 -13.0201324 16.8063185 -14.6516416 -10.9741817 -17.396484
0 17.4278071 -7.8723022 3.7671733 -4.3848514 4.3248415 -4.3800806 -2.0919887 -6.790599
0 14.0631561 -29.8796692 71.6897933 -28.9474174 0.3776315 -29.5716526 37.6819947 -35.413838
0 68.5737141 8.2431352 -16.2070203 -16.8547594 -0.8260475 -17.5979666 -10.0868897 -15.244163
0 1.5102951 1.0820152 -14.6168383 -2.5540134 13.4505305 -4.6637296 10.1027327 -4.310995
0 -29.4680521 -5.4831432 24.1650723 -8.7641724 44.9540535 -2.5307376 -9.0863987 -13.786625
0 10.2427331 -4.1863622 32.3426153 -7.1538034 2.7858075 -7.7849896 -12.5517487 -13.694252
0 40.8474351 -0.2746182 -1.5212913 -9.0962094 -1.5170685 -10.0932436 -8.6580157 -9.686990
0 20.6500801 -14.7406722 7.1693903 -16.3037064 51.8864675 -10.8477536 -11.7568577 -26.056949
0 -0.2470791 -4.4986092 17.0092533 -0.1190984 -5.6819645 -0.0878456 -3.7408937 -2.633766
0 16.4580871 -2.1896742 -6.4949263 -1.5784584 -1.0402025 -1.4963386 -2.9149437 -0.743546
0 81.3870011 -7.0547702 32.4881973 -19.9916414 -32.6922805 -23.0381746 -17.2232567 -13.875081
0 0.0000001 0.0000002 0.0000003 0.0000004 0.0000005 0.0000006 0.0000007 0.000000
0 12.4210381 0.0000002 -10.0106963 0.0000004 -2.4103415 0.0000006 0.0000007 0.000000
0 52.4293361 -5.8777012 -23.7316573 -6.5873074 1.4024945 -8.5861926 -1.1952407 -7.853737
0 85.6827231 -25.8555712 7.6364313 -18.9151434 -3.7544475 -5.2402706 -14.8247277 -24.728995
0 73.9625091 -13.9885742 -5.7732383 -17.4209724 35.5006575 -18.3470926 -25.1838627 -28.749427
0 154.7717241 -27.3446702 -40.8295353 -42.5081364 68.0272335 -48.0983076 7.0235807 -71.041896
0 153.3075701 -10.4099362 -19.9870393 -32.0153804 -20.1748565 -36.0676056 -4.9900377 -29.662718
0 -6.7247531 -7.2981212 7.9125423 -7.6070774 37.0427945 -0.9963436 -10.8062987 -11.522746
0 66.5262731 3.1040672 3.0434603 -14.3320174 -29.2818465 -14.9049586 0.2938317 -14.448807
0 28.7761381 -20.9347982 46.1122313 -15.9878534 8.1614195 -18.1479646 -14.9813657 -12.997810
0 11.7982531 0.6796352 9.3498703 -2.7400734 -9.3391245 -2.3602876 -3.8087597 -3.579515
0 29.2597371 -7.6640252 17.0313703 -13.9413354 17.4527965 -15.6579646 -6.0413017 -20.439279
0 3.3347211 -16.8452632 25.2593243 -14.8644964 40.7577915 -9.4159076 1.6306877 -29.856857
0 121.8664341 -31.8083832 40.5279823 -38.5974204 23.3485075 -29.5850316 -27.0046807 -58.747412
0 -2.6890861 -6.9132402 25.6660483 -16.0097804 37.6848095 -9.8546366 -8.5612337 -19.322881
0 15.1485201 -6.5248592 7.8861953 -9.0144614 23.2655235 -9.5738056 -4.6919877 -16.495128
0 62.8819151 -2.0658162 9.5628423 -14.6698894 -0.8455595 -15.7610136 -18.3462307 -20.756249
0 29.0038891 -6.0079322 -19.4841043 -11.6758044 25.0745325 -6.0167356 4.1979437 -15.091795
0 -8.1688091 -4.1629612 -0.0640873 -7.4250214 36.0827475 -0.8602396 -8.4697137 -6.931916
0 68.2706491 4.7058002 -28.2951733 -20.3892874 18.3128125 -10.9677426 -5.5877447 -26.049312
0 81.4190611 35.3592612 -28.3087753 -30.2623964 10.0079735 -34.2668846 -2.6132397 -31.334998
0 18.9750551 -30.8813912 84.0648443 -22.6280564 7.7138845 -22.4021336 -15.0455277 -19.796677
0 75.1920381 -10.8583782 48.2500193 -20.7970834 -41.2874975 -20.3030796 -19.9706397 -10.225380
0 60.8741331 -14.4940552 -9.5880733 -7.5158464 -6.8789305 -6.6297926 -3.2256497 -12.541790
0 21.2491441 -4.7080982 17.3291583 -5.4754454 3.1126065 -6.1819896 -12.9763167 -12.349059
0 62.5688261 24.5290732 -36.6689183 -16.1995414 2.5626345 -19.8730276 -4.3947007 -12.524342
0 -3.3693541 -13.6053002 77.1885403 -8.7127774 -30.6959125 -9.6112736 -6.7735367 -4.420388
0 21.5701041 -3.2076522 23.0997433 -10.6561344 -5.0223045 -11.8227916 -2.2095387 -11.751425
0 41.0415281 -6.2427122 12.4973393 -14.8576044 10.5127245 -16.5579486 -6.6529387 -19.740390
0 0.1533591 -12.5817572 66.5006693 -13.5358864 -5.4787695 -4.3457096 -15.1823647 -15.529542
0 4.8616621 -0.0741722 17.5822393 -2.5480354 -7.1257965 -2.4336706 -2.9527577 -7.309471
0 1.4688141 11.0421712 24.3698753 -6.3407574 -5.4124905 -7.0069276 -7.8830847 -10.237601
0 -7.6925111 -5.0458342 37.8834313 -4.2119794 -6.6849595 -4.9469826 -5.1413627 -4.159805
0 52.2109431 -18.2604972 33.4669943 -19.3831614 21.1053385 -20.4846276 -8.8953607 -39.759633
0 21.1846381 0.8906352 -0.8578363 -13.6852284 17.7983645 -17.7875686 -1.3764287 -6.166578
0 80.7931741 -34.3192782 -4.1557483 -24.2936144 45.2566215 -29.3461606 -7.0494407 -26.885554
0 37.1999521 -5.2623662 3.2460953 -8.1584234 -1.6077195 -9.5035596 -5.7684987 -10.145482
0 34.3906571 -0.9876902 9.2373713 -9.3825754 -7.8220965 -10.0805626 -7.0139067 -8.341196
0 10.5336421 -6.2299042 25.9112143 -8.8145034 14.3839555 -10.6112966 -10.3374377 -14.835670
0 37.8695151 3.8757922 41.7669913 -23.1310974 11.7415895 -13.3205456 -27.5555577 -31.246687
0 25.9881861 -7.9146752 18.6796973 -8.1452804 18.4600315 -9.9074986 -17.3219207 -19.838542
0 103.3211011 -4.3412792 -5.8930773 -22.9769014 7.4809875 -30.0989996 -12.3692607 -35.122573
0 0.0000001 0.0000002 0.0000003 0.0000004 0.0000005 0.0000006 0.0000007 0.000000
0 41.4817981 -5.2673782 15.1261863 -22.0056514 3.4434035 -23.0102916 6.7589927 -16.527060
0 45.3793081 -21.8229982 31.2708673 -25.2252614 19.3890555 -27.3552796 2.4234407 -24.059139
0 46.3815951 -11.6816852 49.3480423 -30.6080224 20.5349385 -32.1373606 -22.2271417 -19.610366
0 -8.0232161 -9.5434602 50.1204443 -18.5299924 15.4767395 -10.9926296 -5.6192247 -12.888659
0 50.2719161 -21.1937672 1.5037243 -23.4677784 92.6454555 -29.2212386 -33.4330197 -37.105294
0 109.6445111 -29.7566412 7.1783423 -32.2014814 66.5296245 -37.4945766 -39.8498307 -44.049951
0 23.9974961 1.7878192 13.4288793 -11.4716004 -7.6138245 -0.6749156 -6.5061617 -12.947693
0 -1.3238791 -4.3120562 29.1170623 -4.1248404 -6.8340805 -4.1390466 -4.2233547 -4.159805
0 12.4876151 -7.5997402 -0.7867583 -9.6269384 35.8441315 -9.9178466 -9.6263347 -10.774128
0 39.5204251 -1.5138502 -17.7893033 -7.8857664 -17.5992345 1.3751926 11.5445027 -7.651965
0 34.4737581 -12.2434012 18.3461703 -14.9509934 17.0677685 -6.0169316 -15.0551377 -21.621233
0 60.2057031 -28.7702092 65.0142203 -48.4014334 83.2332365 -39.7708266 -39.3866377 -52.124046
0 5.9592591 -6.4216612 22.5058163 -3.4602824 1.1137085 -3.9849336 -8.4024367 -7.309471
0 119.8244471 -22.9090652 47.9152543 -44.4582174 -2.0024415 -45.5168446 -6.9116357 -45.941499
0 42.6520701 19.3282902 20.5548983 -20.3525924 0.6342645 -12.9326496 -15.3342387 -34.550043
0 27.4398941 -4.6755052 18.3960723 -13.4758584 -7.2185275 -15.6633836 3.5950077 -8.397703
0 -26.3468651 -16.0900802 54.9552083 -13.2704204 16.5480295 -4.6082076 -4.4069277 -6.780738
0 66.9933801 -4.7842382 25.2322853 -18.8428914 -16.5823715 -19.5440006 -6.8991667 -25.572999
0 16.2614441 -9.2490362 -17.9509803 -10.5015914 42.8873985 -13.1079716 -11.3870757 3.047809
0 -17.6111231 -4.2121062 -6.8270853 -6.5541764 49.5158925 -0.6577296 -3.1070557 -10.546617
0 86.2200201 19.4926872 -35.4037333 -18.2275474 -4.1639895 -22.9214216 -4.8194127 -20.176605
0 48.0724531 -19.3138152 -7.9156123 -10.1530774 30.4190885 -11.2299676 -14.0385997 -15.840471
0 49.1724561 -5.3904242 -5.6320393 -5.0215024 -16.8699015 -4.0645636 -5.5055807 -6.688447
0 36.1969291 -0.6116082 2.3920413 -14.8775854 23.2833425 -16.9357876 -10.8959997 -18.551328
0 24.5602181 -7.2927842 26.0118333 -4.8207044 -19.3559935 -5.4452566 -4.2081247 -9.449189
0 71.2813641 -6.5917052 27.1280323 -19.2824854 -14.0935865 -21.0140126 -12.4661627 -24.961444
0 -6.7519641 -9.5652832 24.3455673 -9.6429324 -6.6904355 3.9401836 6.2250937 -1.860231
0 84.5416491 -19.3059692 3.8487683 -19.0563244 4.2321775 -22.6713436 -0.6904717 -30.898491
0 -4.4273941 -4.8986812 8.7023423 -4.2119994 -3.4157785 -4.1754566 16.2323517 -3.805384
0 42.1198431 -2.1683552 -6.2450253 -18.9425774 -6.7733425 -19.4959486 35.0668057 -23.561398
0 48.2419791 18.0163872 -2.8628693 -15.4846814 0.6072145 -17.5098306 -11.0739387 -19.934260
0 47.1224411 -12.3128012 -6.4212143 -15.6700214 13.5738705 3.0255196 -12.7425127 -16.575286
0 21.5272511 8.1120492 13.7962423 -13.8757984 10.1399665 -15.5617716 -4.9787247 -19.159217
0 145.5421241 -27.0115242 -38.6932503 -29.7290084 40.3454105 -42.5103046 -5.2907797 -42.652673
0 -4.1528421 -4.1465752 29.1170623 -4.1248404 -4.1705985 -4.1390466 -4.2233547 -4.159805
0 4.0394431 -8.3124162 37.4391743 -8.6704774 -0.9142855 -7.8957276 2.9665407 -18.652255
0 5.5888061 1.0820152 -11.4768923 -2.5540134 13.4505305 -4.6637296 2.8842767 -4.310995
0 54.2180701 -6.0471502 7.7720383 -17.2772904 2.9504595 -19.5924346 -18.6709717 -3.352723
0 15.2301281 -7.1341172 18.4875273 -10.9846424 12.8565955 -12.8895886 -0.9142007 -14.651704
0 32.4352871 -9.9312392 -2.4174273 -9.4677594 27.4527095 -10.0971966 -14.3398637 -13.634512
0 72.6297491 -25.6260672 -5.1199843 -27.3552764 23.3062445 -30.0829846 12.0434707 -19.795153
0 40.4293981 -1.1469612 -27.3829403 -10.5894324 47.5404785 -15.7522146 -14.0256437 -19.072687
0 74.6439841 -14.6732942 -17.5601513 -22.2604934 55.6233455 -27.0547676 -13.9052697 -34.813360
0 15.8207861 -6.8630922 11.6092273 -3.0526344 -5.4905185 -2.9483546 -5.2018177 -3.873599
0 17.7814831 -2.3647022 14.6665213 -8.8620614 9.5057955 -11.0960886 -7.7872427 -11.843710
0 89.1657131 -24.2837792 -10.6220023 -23.8841444 52.8265525 -32.0531236 -27.9603677 -23.188852
0 184.2416901 -58.7171772 30.5773033 -48.7756134 61.2016335 -53.2888406 -38.3479117 -76.891084
0 20.2731981 -12.5934712 39.6257593 -14.0494664 35.9632915 -14.8474646 -33.3320947 -21.039753
0 0.0000001 0.0000002 0.0000003 0.0000004 0.0000005 0.0000006 0.0000007 0.000000
0 23.8593711 -6.8213052 -27.5737863 -5.7742334 32.6409345 -7.8258886 -0.6513587 -7.853737
0 19.0005371 -8.6385412 31.2103523 -9.0272814 -1.2816555 -8.7260206 -12.0343107 -10.503081
0 35.5793881 -19.1653632 36.4520483 -17.4123444 10.0710965 -18.4219556 -19.8524217 -7.250451
0 14.5884791 -3.7422232 6.3106103 -1.7251594 -2.5139175 -1.4729736 -8.5875877 -2.857230
0 0.9699211 -11.6457942 37.1082833 -25.5455024 28.2329545 -11.0018996 15.2371647 -33.355128
0 67.9551621 -11.3988282 -17.8631293 -23.2823544 36.1415535 -24.4141856 -34.0786527 6.940433
0 71.2277821 -23.4102772 40.2571273 -26.9565914 40.1799695 -32.2195776 -25.8344377 -43.243997
0 12.4393361 -4.1528502 -4.4712843 -0.9319414 1.6373595 -1.7578346 -2.6004147 -0.162372
0 35.0536071 -13.8493202 20.5039583 -10.3815204 14.4789275 -11.7736756 -16.7595197 -17.272458
0 32.7382081 4.2330622 -9.3625673 -9.0618254 8.5218405 -9.2750686 -7.6627767 -10.130872
0 94.6675351 6.4548142 -5.2572933 -22.9469044 -7.2787935 -25.2862046 -15.4247047 -24.928445
0 123.6712231 -29.0960562 -30.5995033 -30.7348024 62.2636875 -36.2625156 -15.2583487 -43.983690
0 28.1749421 -7.6078422 23.0510943 -11.6749314 -40.0758355 -1.0409226 25.7239237 -16.550431
0 35.1219891 2.1846332 17.8127543 -12.1226484 -9.0883135 -12.4408496 -9.5468527 -11.920711
0 -11.7711011 -7.8696042 14.0055623 -4.7456914 -9.2388705 -4.6183656 14.0823817 10.155687
0 49.3161741 -6.9649322 8.8186553 -10.3807014 5.6791495 -12.1486006 -11.9468537 -22.372891
0 -23.6776201 -16.7105202 27.3716473 -13.9819894 51.9834545 -7.2773416 -7.4990257 -10.208607
0 18.6121371 -20.7351612 34.6639773 -15.9407674 22.9969925 -16.9203606 -8.9831337 -13.693687
0 13.5568131 -8.2798092 15.8821633 -5.6250194 1.7607015 -5.7693796 -6.0443377 -5.481133
0 0.8903461 -2.5330592 6.3106103 -1.7251594 4.6921075 -1.4729736 -3.3046437 -2.857230
0 80.4382501 -14.1846442 25.8805843 -32.1693694 9.5646825 -37.9309516 3.2267047 -34.825261
0 90.1823671 -25.1413692 -34.3324693 -18.2156844 58.7134005 -20.0109226 -19.9383567 -31.256968
0 52.4870301 -13.2010722 15.6963643 -14.0562454 3.0370745 -15.4224896 -12.8248877 -15.715775
0 23.1084171 8.2954992 12.9366123 -9.3469144 -3.9093615 -11.2689556 -11.1750027 -8.640297
0 39.8068581 -17.8709612 13.0742783 -11.1776884 17.3157445 -11.8017296 -12.8331457 -16.513357
0 42.3679321 -14.7676302 21.8147403 -11.6463224 -7.3866105 2.1645436 -13.3578777 -19.188775
0 61.5788531 21.6092692 -16.0999163 -13.7295804 -14.4184195 -15.6663776 -9.1869487 -14.086881
0 27.8542531 -8.0855272 29.1198573 -17.1874154 22.5703215 -22.0960786 -23.1565777 -9.018838
0 32.4902961 4.2276212 18.2908733 -12.1608744 -7.2167715 -13.9539566 -4.5197977 -17.157394
0 55.1870341 -9.1342482 18.4032703 -21.8400714 22.5388255 -27.7638686 -3.8756477 -33.515293
0 7.4392041 -2.3608052 7.7259023 -5.2527054 4.6930355 -11.7142646 8.2049537 -8.735320
0 47.6725401 -9.4132082 42.6614553 -25.0030884 28.7551425 -30.5884006 -25.8789777 -28.205463
0 35.1725751 -7.1380922 12.6195363 -22.8331484 0.3335195 -3.2853426 -1.7617207 -13.107326
0 -22.2229291 -13.7616662 69.2707903 -13.8937154 1.9919105 -14.0496806 -4.4929387 -2.841771
0 12.9125831 -3.9891762 0.7287473 -2.6698354 10.4073335 -3.7255096 -6.1746637 -7.489482
0 22.4563751 -6.7636422 -14.9385413 -2.8360454 11.4652145 -2.5074056 -4.4647247 -2.411231
0 96.6337061 -10.5692832 -22.2449443 -20.7162034 26.5359805 -22.5912656 -23.1311127 -23.916875
0 48.2829941 -10.3879942 -6.6437493 -12.6966584 18.1463625 -17.0891926 -4.3462967 -15.265470
0 -8.3887861 -20.2833092 78.6783493 -14.9673934 -8.2757965 -14.6908716 -8.7278547 -3.344339
0 71.4488421 -5.3277982 -18.3838463 -19.6322574 42.6923465 -26.5692826 -13.4346647 -30.793343
0 67.4999961 -16.8182362 -25.6951453 -10.9345884 17.7704805 -2.4919826 -13.0466277 -16.283895
0 12.3441921 -12.0515912 30.2368093 -8.7195404 -26.0739085 -7.3846696 9.4885897 2.160118
0 107.2862041 -14.4673882 -30.1613753 -27.3501664 15.1026455 -30.4266216 14.4387167 -34.422017
0 28.7993991 -6.8213052 -15.0135253 -5.7742334 11.6784155 -6.9705696 1.9555547 -7.853737
0 40.7284371 -5.2360252 15.9209083 -18.0475764 27.2941695 -21.8476906 -16.2640907 -22.548135
0 15.8274561 8.8169462 -9.8077733 -3.7575554 -4.1733735 -4.3111836 0.2655477 -2.860064
0 92.0951151 -32.9609332 53.4816333 -39.5216794 51.1313905 -41.4248606 -23.5345237 -59.266142
0 44.1358231 -6.5061602 -2.2752093 -6.1281444 -9.3296015 -5.2751546 -6.2192367 -8.402319
0 27.5159081 -6.7690452 -10.9076743 -4.3305534 4.8484585 8.1349696 -8.3735477 -10.118515
0 69.9375331 -12.4135032 -13.6767883 -14.5303964 20.3892735 -17.7616776 -8.0052937 -23.939152
0 -17.9533181 -7.7488702 10.3095633 -5.1552474 33.5140685 2.8923556 -9.8511847 -6.007367
0 17.0773951 -2.0853092 3.0019153 -19.6378544 38.5665345 -25.1814056 3.5337487 -15.275028
0 52.1905131 -13.5358032 17.4963133 -15.8199624 4.2987465 -15.4806536 -0.8561077 -28.293052
0 15.8274561 8.8169462 -9.8077733 -3.7575554 -4.1733735 -4.3111836 0.2655477 -2.860064
0 38.1872551 -8.0977982 32.5995443 -13.2546334 14.9799715 -16.9083796 -24.4712327 -23.034729
0 69.5720461 6.8678952 5.8311273 -16.9275474 -17.2385855 -17.8444036 -13.6185187 -16.642011
0 12.6964391 4.5596812 -0.8005343 -6.2088504 5.0680465 -6.2620066 2.5827747 -11.635551
0 -12.9571091 -8.4241202 -2.7397543 -9.5340334 30.0560055 8.1431426 4.0517577 -8.595887
0 37.1995971 -17.3285692 0.4553713 -14.4671114 38.7098285 -14.7790536 -16.0759257 -13.714135
0 159.1411531 -35.4635672 4.3638853 -38.4935104 22.2884605 -42.6506046 -19.4828417 -49.702978
0 186.7395621 -21.9270212 3.1945893 -52.0388744 39.2797115 -59.7511396 -20.0574627 -75.439370
0 25.6126031 -20.9973642 34.0270613 -15.8401054 42.7135675 -18.4852156 -18.8547837 -28.175766
0 68.6761211 -18.9631352 -11.8786873 -32.4802564 68.3234875 -32.6043306 -1.7756017 -39.297599
0 65.7962731 -13.0042172 9.0798253 -13.2126024 1.3086225 -14.6954596 -17.7016557 -17.570786
0 21.8292881 -18.4206442 28.5948693 -14.1985874 36.4516615 -15.4853246 -19.9788737 -18.792386
0 31.6791501 35.1335982 0.4044773 -16.3309124 -4.1910905 -19.4873546 -11.7297527 -15.478114
0 28.2197511 3.2519132 -0.3054693 -11.7679384 8.6610505 -13.6440296 7.0792077 -21.494489
0 46.4504421 -15.3541532 43.4883413 -13.7823384 -3.7972505 -16.5027826 -18.3712367 -22.131024
0 41.7556021 -3.1824432 10.3862483 -15.2842084 27.2399705 -17.0808806 -19.5977607 -24.236529
0 6.2235531 -0.9041842 14.8337093 -2.8056104 -5.0181185 -2.4564816 -5.0132927 -4.859577
0 57.1378821 4.4462412 -20.7605403 -10.8078804 -1.9572265 -10.6017506 -6.6417537 -10.814973
0 20.4985181 0.0000002 -14.9782093 0.0000004 -5.4258505 0.0000006 -0.0944587 0.000000
0 37.2032181 -16.9993722 24.1280203 -12.3389674 20.1036325 -13.9724476 -11.6895807 -26.434505
0 0.0000001 0.0000002 0.0000003 0.0000004 0.0000005 0.0000006 0.0000007 0.000000
0 19.5561761 -21.4729492 68.4687763 -25.2036094 18.2075295 -28.7868126 -14.4077177 -16.361392
0 32.6825791 3.1146612 -11.6284103 -12.5809114 20.1015265 -14.0034876 -5.4509747 -12.234982
0 30.4096391 -15.7829092 -15.9070993 -8.3514664 25.4943895 -7.9290226 1.5631857 -9.496715
0 84.7492351 -10.4932242 -4.0103323 -15.5224424 -7.4827415 -18.2277066 -7.6114377 -21.401355
0 48.5430251 -12.7287952 -10.6216093 -18.3702404 47.1848165 -22.2956856 -0.4758417 -31.235676
0 14.7988661 -6.1159652 4.2105593 -5.4792694 11.3227395 -5.6485416 -4.4046527 -8.683737
0 -16.9265471 -31.3463142 74.8894283 -23.5055674 61.4944865 -25.5141816 -17.3540707 -21.737237
0 -0.4517051 -5.3053842 35.8881443 -7.7216264 4.9092245 -7.3792336 -10.0907237 -9.848695
0 -7.0309941 1.3857352 0.9198993 -8.2568164 34.2671865 -1.7156966 -12.1372357 -7.432076
0 26.9324061 -0.9641062 -11.7597583 -7.9967984 20.4651745 -11.7789836 -6.4248777 -8.473058
average: 0.151098901099