0 5.8786441 -12.8047442 -7.6619133 -13.3363564 65.2593825 -13.6552186 -4.0828417 -19.596954
0 7.9637481 16.4079942 13.0460993 -11.4377674 8.4830265 -11.5437716 -16.8156307 -6.103698
0 76.7936131 -43.6002562 3.0713863 -25.2302564 67.3099965 -26.0475786 -10.1143627 -42.182541
0 10.9050061 -7.8106902 0.0759493 -4.8536474 14.3106335 -4.9445196 2.7415447 -10.424276
0 12.0802651 -6.8828562 61.7045333 -15.5034644 -0.7448795 -16.1478766 -0.9088037 -33.596918
0 68.2193251 -31.0464662 10.8114153 -28.7024254 53.5968315 -29.1562696 -6.2260537 -37.496354
0 19.4455001 -12.8451852 8.8071713 -15.9156684 30.3722085 -15.9852976 -11.3985677 -2.480163
0 -31.3757421 19.6884532 4.9030543 -12.3160664 40.7513505 -12.0944146 -2.6242187 -6.932416
0 2.7882401 -17.4818132 11.0560943 -7.6763644 27.5627355 -7.5954716 -7.6528487 -1.000574
0 40.6596521 -27.4898992 20.8067703 -20.1207834 7.3810105 -19.8156676 7.0370617 -8.458147
0 31.2113381 -21.7094942 3.8439443 -11.4281014 3.0249975 -11.4020216 3.1811667 3.278171
0 54.6415301 -25.2288602 38.4033483 -35.8220594 11.8238525 -35.1154976 -19.7290427 11.026727
0 37.4168521 -35.9359922 -6.1321223 -23.3439494 88.7816295 -23.5373486 1.7146467 -38.963715
0 -1.3705041 1.6406802 44.0805733 -22.1052234 41.5141805 -22.5052226 -28.7900707 -12.464411
0 3.8117231 -23.6341932 21.7493343 -13.1639994 48.5659545 -13.1456536 2.8052057 -26.988373
0 -3.8267851 4.9877392 -20.2268923 -12.9592744 77.9385695 -12.8399416 -18.1690987 -14.904316
0 40.4400321 -31.7235932 18.9038203 -21.7575394 54.2225505 -22.1700686 2.4865557 -40.401756
0 11.4937031 -21.9390362 13.9894133 -15.3891944 23.9512615 -15.2677256 7.3038407 -4.142263
0 -19.3653561 -35.4295782 22.1186743 -16.0760194 85.6249825 -16.1883956 -10.0327107 -10.651597
0 -2.1752291 -1.5894862 -28.7758203 -10.9570724 66.2427625 -10.8876866 2.9176467 -14.775115
0 17.2100531 -6.0750812 23.0642803 -14.3690094 26.3658415 -14.1518696 -8.8838887 -23.160325
0 46.5918001 -21.8201242 10.5748133 -12.4400324 14.8567235 -12.6426436 2.0659917 -27.186527
0 28.3639111 -21.5365212 -9.5977763 -13.4801104 58.9010185 -14.0340126 -5.5006387 -23.115873
0 1.2984821 2.4371942 7.8450253 -2.8517914 -7.4837445 -2.8064996 -3.9839257 5.545258
0 -4.0713171 0.0000002 -0.3490863 0.0000004 6.7578845 0.0000006 -1.1120557 -1.225426
0 25.9392511 -24.5487282 -9.1051733 -20.0561884 77.3983195 -19.8933416 -6.5153687 -23.218769
0 22.8396151 -36.8647592 -4.4894993 -24.4736994 90.5944765 -24.3468876 -5.4362107 -17.823037
0 0.0000001 0.0000002 0.0000003 0.0000004 0.0000005 0.0000006 0.0000007 0.000000
0 16.1446131 -7.5518552 -5.8007643 -4.3187294 3.0046835 -4.4838676 -1.5866087 4.592529
0 -7.7170861 -4.7767782 7.4622493 -1.0104944 5.9539005 -1.1508176 3.0620647 -1.823035
0 -1.4789091 -7.2581592 -2.2336943 -3.6136274 11.8293385 -3.3162716 -3.5072467 9.578568
0 -6.5868411 -7.7264112 -18.2031203 -5.5727114 38.1623105 -5.4051556 -3.8790737 9.211000
0 8.8984061 -3.0494002 0.2715193 -0.6925934 -4.8145775 -0.9120466 0.5437277 -0.245034
0 8.5407801 -10.2571752 -3.7276613 -2.0083854 18.6467505 -2.0882456 -4.2485607 -4.857504
0 26.5325171 11.4886862 35.4873893 -37.0858574 70.7678255 -37.4923506 -20.5960487 -49.102163
0 23.4804501 -14.6275982 4.8083843 -23.4467374 76.3489755 -23.2662096 -5.0454657 -38.251799
0 1.7126181 22.0121362 21.1037523 -17.9495624 45.2227185 -17.7960646 -21.6444077 -32.661190
0 7.7001781 -10.9464982 -3.3177243 -1.3849294 8.0667945 -1.1022966 6.7683537 -5.783876
0 26.7599651 -15.3743442 -0.4199333 -12.2623344 10.5413255 -12.5109916 17.8769557 -14.610644
0 44.7705191 -6.6938012 3.2869713 -10.2080524 0.9727495 -10.5788286 -10.1963337 -11.353225
0 33.0846551 -16.6666732 -1.1963613 -8.1894584 -0.6652075 -7.8610656 -11.2102657 12.704372
0 37.3933981 -27.0355482 5.0399013 -11.8204094 3.3669545 -11.8785956 6.5408707 -1.606572
0 -12.6262781 0.0000002 -10.4968343 -1.6737924 28.0269035 -1.8756796 0.4615427 -1.815862
0 59.4759971 -27.3222662 -11.4380883 -13.4035884 -2.7220265 -13.5109946 5.4815167 3.439451
0 17.5477441 -11.9920282 -10.8587053 -11.3590544 55.5454515 -11.5726606 -11.1858227 -16.124926
0 19.8992391 -21.1681552 -9.1299223 -14.1843384 61.6149465 -14.1095916 -11.1561907 -11.765986
0 19.1320221 -8.4172252 6.7401583 -9.1787624 4.2369345 -8.9626696 -1.9961447 -1.554313
0 71.7873121 -23.6043602 -8.1527413 -17.3548994 4.1077805 -17.3753286 5.0872617 -14.495023
0 6.2625871 -5.1419482 30.0718073 -14.6601634 -0.4417885 -15.0459126 -12.8180597 11.773478
0 -19.8043931 -7.0722872 2.2710853 -4.7854574 44.1358995 -5.0148026 -7.1009937 -2.629051
0 70.8348461 -29.8210282 41.6878353 -29.5252204 21.9782195 -29.5970256 -31.3131797 -14.244452
0 41.7325211 2.8149102 -18.4674323 -16.5391944 14.4438925 -16.2866006 1.2481987 -8.946291
0 25.8273001 -15.0660862 8.3047123 -6.5316474 7.1773345 -6.6542396 3.9341657 -16.991539
0 11.2110871 3.6695912 -5.1427763 -5.3764734 15.3485135 -5.2148516 -8.1371687 -6.357924
0 11.9606721 -3.5859932 -3.4545283 -11.1428804 36.8293775 -10.8448376 -0.5108307 -19.250979
0 24.4925011 -4.4433822 8.8643443 -14.9636254 8.9984965 -15.1396896 8.3257897 -16.134432
0 42.1045851 -11.1065512 -7.6468903 -15.3053094 27.0009835 -15.1279856 -1.6348197 -18.284014
0 55.4204681 -27.8328002 -16.5618493 -6.0957264 5.2177265 -6.2347896 2.1238547 -6.036885
0 45.0448571 -24.7574932 -8.3174453 -15.1475054 43.4655835 -15.3542776 -2.2438257 -22.689896
0 15.3938901 -12.8558042 -10.9446583 -7.7426574 36.9384405 -7.9566456 1.1401327 -13.972699
0 5.1161341 -0.5485502 18.2827063 -2.8517914 -12.7630265 -2.8064996 -5.5848317 1.155856
0 -1.9086651 -27.2950322 -10.5695743 -16.8856304 101.2245935 -17.5534696 -0.8192267 -26.192998
0 82.2936621 -27.8445712 -32.3348563 -15.5412644 17.8808185 -15.3790816 4.9897257 -14.064434
0 -12.6021611 5.9140732 2.3242303 -10.4140174 43.2800005 -10.8149916 -16.0857457 -1.601390
0 29.0542171 29.5759682 -22.1958653 -21.4843724 46.6772435 -21.6222156 -15.4271897 -24.577786
0 8.9903041 -11.9790952 20.1991713 -13.1238054 -3.1191645 -13.4844436 -2.0919417 14.608971
0 77.9570201 -33.2352502 1.5630223 -27.6968994 54.6127405 -27.7219686 -11.0064607 -34.472207
0 30.1156491 -8.1161272 -2.1192083 -9.4263264 -21.8638695 -9.4754146 18.4803627 2.404933
0 1.1593501 1.2742652 9.2616553 -3.8728174 -7.3843965 -3.9801076 -2.9957777 6.537827
0 43.4292331 37.2333392 -73.2271013 -21.1154034 46.4048335 -20.7815116 8.5233617 -20.466749
0 -1.6263141 -11.2566702 33.4688813 -29.8612234 63.8113015 -29.2636916 -5.0241717 -20.248113
0 9.4977551 -6.3010362 15.2581763 -18.5550524 21.3888665 -18.7355966 -1.1772137 -1.375899
0 -11.6414531 -0.2474232 7.5476663 -6.3939624 34.0845455 -6.7618716 -3.3577747 -13.229727
0 6.2479451 -16.1893752 0.7099533 -8.4854564 35.8081675 -8.7322716 6.6783407 -16.037303
0 -16.9775681 5.9335432 49.3685243 -8.9029054 13.8802745 -9.6822846 -6.2895637 -27.330019
0 6.5392061 13.3543542 2.6868673 -15.3151804 -4.0361195 -15.0435556 20.8168527 -9.002423
0 5.6520821 8.3018632 17.1304323 -8.4496454 9.6956005 -8.3353766 -1.3797567 -22.615199
0 62.1287041 -35.7349472 -6.9401333 -16.2620514 55.1353225 -16.9905746 -0.4329987 -40.903323
0 -22.3238541 -18.3215682 6.1537313 -20.5003814 99.8186125 -20.2788516 -14.8542097 -9.693479
0 3.1973891 21.5501182 -11.7345103 -11.6814504 55.7054965 -12.1712826 -21.4622947 -23.403468
0 97.6988071 -19.4166842 10.7255663 -25.7727994 28.5842135 -26.2028546 -14.5664967 -51.049755
0 58.3290491 -27.4132292 8.0384843 -17.8773634 13.9839685 -18.0282226 8.6327267 -25.665411
0 64.5141221 -20.9019162 -20.3890753 -24.5459224 47.2058235 -24.2590746 -4.9068087 -16.717150
0 4.9810811 4.6831312 0.2588803 -7.0475234 2.0775925 -6.7479206 -8.6988407 10.493598
0 -4.8036811 -4.8209652 -9.3606983 -6.5467044 -3.7579365 -6.1227696 -8.2270257 43.639778
0 54.2622201 25.4531572 30.9406743 -19.7434934 -20.2317855 -20.3347896 -19.7933917 -30.552594
0 63.5213201 35.8418342 12.6866513 -18.2034854 -22.1063845 -18.8237456 -24.9960977 -27.920096
0 68.2619541 -29.3761682 20.8163353 -13.6120244 17.0712215 -14.4453876 -17.5893737 -31.126558
0 93.5265251 -45.7345842 1.8525933 -30.5706764 40.2818395 -30.8481646 9.3410067 -37.848538
0 0.0000001 0.0000002 0.0000003 0.0000004 0.0000005 0.0000006 0.0000007 0.000000
0 72.1125151 -47.9848562 -30.4592153 -12.3980014 70.1736355 -12.1956806 -9.9599837 -29.288415
0 16.2404701 2.6060462 -0.1074513 -4.8810424 -6.3952765 -4.8660886 2.2689757 -4.865634
0 -1.8839261 23.9899732 -9.5830613 -6.8688894 1.4538305 -6.9717306 -0.3003417 0.164145
0 118.5052651 -36.9659892 14.4406973 -36.6811414 68.3093865 -37.1600836 -30.6301577 -59.817976
0 135.6130991 -34.6360442 -23.9156533 -29.8305584 29.4463305 -29.8847016 -6.1000807 -40.692394
0 0.2137361 8.7416402 -3.9979683 -11.0475984 32.3602785 -11.3427696 1.9825707 -16.909889
0 4.2001971 -6.4521462 -1.4800003 -7.7717364 5.1785685 -7.5095836 -2.0719627 15.906662
0 14.9783581 -1.0478282 -7.8053113 -1.9766394 -0.1716645 -1.8954586 -1.5422517 -0.539207
0 25.7307211 -13.2125782 -34.4103813 -11.3438904 -20.5873795 -10.6985386 -5.4862357 70.008281
0 68.4707981 -2.2226562 36.8287223 -28.5977534 6.7404205 -29.7936296 -31.0577577 -20.368147
0 38.9825061 -21.8471962 32.9768183 -10.9636014 9.2480575 -11.5160896 -9.1448167 -27.735678
0 101.3578501 -45.3296682 -31.9530753 -31.4446264 71.9712375 -31.4058596 8.8198847 -42.015742
0 33.2635371 -15.1185552 23.1573973 -17.4875854 14.0555975 -18.1517836 -3.9705467 -15.748059
0 21.5678601 18.1969692 2.0720133 -15.9776674 6.3844395 -15.6900586 -10.1643897 -6.389167
0 0.0000001 0.0000002 0.0000003 0.0000004 0.0000005 0.0000006 0.0000007 0.000000
0 -0.5258841 -5.6654062 -3.1713653 -1.1172914 14.8712885 -1.0161606 1.6250137 -5.000195
0 -6.2987091 -21.8668172 17.8749923 -10.2064574 42.2567235 -10.4251606 7.3859297 -18.720500
0 61.5045221 -17.2751592 25.4517193 -18.8807094 -1.8872275 -19.2813626 -3.5261457 -26.105637
0 17.8107551 -24.6896162 -21.3818983 -13.3549864 73.2773065 -13.4155366 4.0547037 -22.300726
0 -4.6499881 -13.7881132 3.2959643 -8.5988354 26.4000535 -8.2624296 5.4243827 0.178966
0 -23.7268711 -9.9417192 0.1113133 -6.1297054 35.6632315 -5.8238196 8.6599247 1.187645
0 40.4795531 55.7710152 8.9964503 -18.5614134 -26.9245005 -18.2737426 -13.4742527 -28.013113
0 -14.0452501 9.6673432 64.3024183 -27.4548844 15.8273725 -26.8984206 -23.9437007 2.545117
0 16.6043961 13.8494572 34.9333973 -15.0172764 -21.0671575 -15.6362306 -14.5397097 0.873122
0 27.5510381 27.5824582 29.0037343 -23.8605304 -10.0188675 -24.3805196 -12.5839317 -13.293384
0 20.5676101 5.3705752 4.7085583 -13.3045734 21.1181205 -13.5844326 -6.9170997 -17.958758
0 0.0000001 0.0000002 0.0000003 0.0000004 0.0000005 0.0000006 0.0000007 0.000000
0 63.6985281 11.2153452 24.7300053 -19.0507264 -25.6564215 -19.9301806 -12.4425277 -22.564026
0 75.6998481 -35.8427162 23.8724063 -23.6635334 7.0199715 -24.3410586 -8.1700227 -14.574897
0 89.4293581 -37.6696672 24.9458863 -27.3875444 -11.3663455 -27.5668126 -11.9857367 1.600861
0 52.6935861 -44.3247742 0.4504823 -39.9062904 159.0020095 -40.5591116 -26.4734767 -60.882422
0 30.4520311 37.2050762 -6.6772403 -12.8547444 9.7416395 -13.1913946 -20.4263077 -24.249061
0 61.1201321 -34.8197052 39.7507713 -18.9751174 11.9048615 -19.6755436 -4.9585997 -34.346799
0 -18.1932861 -7.2146502 3.7535363 -8.6284234 61.9355775 -9.2583296 -11.1052937 -11.289131
0 21.4363061 -16.5213522 20.6834393 -15.5473864 13.0074145 -15.6092756 -10.5730807 3.123932
0 11.7579701 41.0128312 16.4498253 -16.4293684 -8.1531925 -16.5827606 -8.7690467 -19.286262
0 18.8841461 -14.0839072 -16.8822493 -13.4480454 40.8665115 -13.3995266 -7.1331417 5.196211
0 -5.7993391 20.4981612 -20.4474373 -5.1854934 33.3115225 -5.1355136 -8.7577287 -8.484172
0 -7.6774411 6.9339632 17.9815873 -28.0085574 106.2097295 -27.9793496 -28.7960127 -38.663918
0 -31.5641361 23.2057202 2.7789363 -3.5329894 12.7821315 -3.3543296 7.4482087 -7.763540
0 33.7905861 -19.0565392 -13.4831813 -9.9218624 47.4553175 -9.6851376 -15.1742047 -13.924981
0 35.0673491 -7.9999772 18.8312493 -10.9076444 20.2424965 -10.9429996 -17.5463267 -26.744150
0 -5.4456981 1.0427572 8.5581893 -7.1895834 30.0639065 -7.1531986 -3.4656807 -16.410691
0 72.4825671 -49.3225462 36.2367503 -37.6041124 89.7765705 -38.1700966 -29.7003407 -43.698792
0 -4.6766541 -10.2483562 28.8981653 -10.5388404 -3.9549435 -10.5553156 6.6326677 4.443279
0 40.3691441 -6.3755922 -1.6410903 -19.5052774 33.6092615 -19.6181046 -6.9921227 -19.846218
0 17.7319511 -13.0702892 4.3884193 -5.8295704 -4.5518705 -5.4315026 14.2604837 -7.497621
0 133.9053991 -28.3632132 20.6999053 -19.8112814 -39.4686475 -20.6887296 -12.6985267 -33.574908
0 27.6632271 -16.1527162 9.4721633 -9.7721644 -2.5448395 -9.3900396 -1.8854837 2.609850
0 29.0734801 -18.5234092 14.7565003 -8.1350154 -14.1950655 -8.3185356 2.2530377 3.089009
0 -2.3983661 -6.5753842 -4.6765773 -5.4345804 40.8064505 -5.3019416 -7.2802147 -9.139388
0 38.8107421 18.4074342 61.7343623 -26.3478974 15.6138195 -26.7701136 -29.3454557 -52.102889
0 37.7575401 -3.5116712 -5.7114063 -8.8153304 20.7699275 -8.8806716 -12.9254567 -18.682934
0 113.6759691 -54.2830592 36.6808463 -31.2236664 36.9767785 -31.5593086 -36.2139757 -34.053587
0 -14.5879551 33.0169732 69.4158973 -31.0147284 39.5664755 -32.0413496 -27.7570717 -36.598240
0 -5.3085311 -0.4913432 5.8401653 0.0000004 0.5418135 0.0000006 -0.5821057 0.000000
0 10.1583421 -5.4673102 -14.8612623 -13.5986944 65.9886155 -13.5393896 -10.3215817 -18.358721
0 0.8141901 16.3077552 -1.6407653 -6.1381474 -4.9146855 -6.1786596 -1.8434407 3.593751
0 22.6948111 -11.3041622 33.5851673 -13.5572704 -6.1780565 -13.4642086 -18.3485937 6.572308
0 53.4771981 -8.9575482 -8.7963253 -40.6451474 85.3002425 -39.5570196 -44.8025877 3.981187
0 -19.7856581 17.6232432 13.2975163 -3.9242924 5.1528035 -3.5872326 1.8308417 -10.607221
0 21.4941611 -29.9956672 59.6772533 -31.6762354 27.3699155 -31.5902606 -35.7717667 20.492596
0 17.7215651 -8.8066012 30.3673913 -9.9669234 -3.1488665 -10.6581056 -6.6139517 -8.894510
0 -3.0792081 -17.7452132 -5.3105023 -10.4348784 64.9463585 -11.1851666 -2.6542847 -14.537108
0 18.4289521 -9.8535572 -8.9989763 -4.8621184 14.1102625 -4.6067856 -4.8687277 0.650947
0 29.3312171 -12.1549502 36.1496883 -20.7598934 47.7552505 -21.0454356 -25.1945877 -34.081289
0 0.0000001 0.0000002 0.0000003 0.0000004 0.0000005 0.0000006 0.0000007 0.000000
0 0.9621841 5.9507502 -40.6469233 -7.4259554 48.9872755 -7.7128616 14.7422297 -14.856697
0 -9.5019041 -3.4881172 -5.6500073 -2.0280344 31.4662565 -1.9152336 -3.5334857 -5.349476
0 -18.1796291 -1.3530242 6.5231553 -0.6936494 10.4379255 -0.4639496 7.3040697 -3.574897
0 19.9072991 -8.8548762 -5.1862393 -4.5745674 -0.1722165 -4.8181536 4.3757447 -0.676991
0 50.4379471 -18.7867812 -9.0946803 -7.5878934 -15.0884315 -7.8235226 2.2838847 5.659475
0 26.2222901 -8.0585262 -15.1409543 -5.9727294 10.1155505 -6.1166176 -0.2141907 -0.834825
0 44.3113931 -44.3518362 51.3316213 -31.3328404 76.2306145 -32.1704846 -5.2595997 -58.758866
0 -4.1472921 41.2387702 -9.0349683 -8.7002894 -12.6929015 -8.7891576 -0.1627267 2.288563
0 -6.8640851 1.2742652 13.2234123 -3.8728174 -8.8321825 -3.9801076 2.5136877 6.537827
0 -3.1371731 46.6352732 1.4624083 -16.3423494 24.2333045 -16.3541236 -14.0051227 -22.492215
0 -12.7924081 0.6882062 25.7858703 -3.2827204 -5.9082785 -3.2979476 -4.4394517 3.246727
0 1.0266471 -9.8673152 -11.7961133 -8.2411154 43.5255505 -8.2375396 7.4584447 -13.868559
0 23.0351501 -23.8677662 -20.6866533 -24.8185404 105.4425935 -25.5419716 -3.0618577 -30.500954
0 5.5421911 -3.0872672 2.2073683 -2.0083854 4.9340005 -2.0882456 1.0158707 -6.515532
0 31.6151221 -7.8581672 -25.9768583 -16.2608654 53.6666965 -16.1273116 4.0262867 -23.084903
0 16.5974691 7.0489672 -1.3770663 -4.2749464 -6.9406905 -4.3342016 -4.0366227 -2.682912
0 46.7460361 -7.4404082 -0.7241863 -3.1275944 -13.4096925 -3.1202636 -7.1324377 -11.791458
0 6.9732061 -1.4935632 -21.5819973 -0.4982494 -10.5996325 -0.3348316 -0.7358537 28.270919
0 57.7684001 -15.5360472 -19.3949293 -10.4073714 6.9626915 -10.0613396 0.4461707 -9.777574
0 37.0154401 -7.0152532 -6.7075503 -21.8069464 48.4300045 -22.0577466 5.0176677 -32.875612
0 53.5089991 -24.9790412 12.7461983 -10.5154754 -15.8484905 -11.0206446 -1.4740397 -2.417509
0 4.3388651 0.3377612 0.0376313 -4.8517594 -12.8140205 -4.6572616 13.1975587 4.411226
0 5.4004811 -13.3221932 31.5501723 -9.5006774 14.1279495 -9.9570516 -5.1625447 -13.136136
0 -5.1079321 -0.4682522 -15.9694253 -1.9590844 26.3329725 -2.0888846 -0.3718277 -0.367567
0 77.6826781 -5.0733972 22.9831603 -23.9572444 36.9131505 -24.4666856 -35.7823067 -48.299355
0 50.8391941 -24.9790412 10.6485513 -10.5154754 -16.1540245 -11.0206446 3.5989497 -2.417509
0 13.4074781 -7.0372002 -10.7217873 -5.9717334 22.5652805 -6.2937846 3.5888367 -9.537091
0 109.4194321 -19.9176042 43.3870163 -25.4104874 9.2345425 -26.0555856 -32.6091387 -58.048176
0 -11.3132311 1.1771422 18.4475533 -16.3756514 32.5311505 -15.8048486 -23.8894087 15.227290
0 44.2624461 -14.7727542 17.0961693 -14.6028574 -9.8905805 -14.7623606 1.6008497 -8.930912
0 -26.5005871 -24.7774452 3.5666043 -33.4551384 166.9624355 -32.9985476 -34.8562667 -17.941055
0 44.3754291 -14.6653422 -3.7439383 -8.8750714 -13.1225375 -8.7617586 7.8052277 -3.012010
0 8.1598191 -12.1784912 9.5185373 -6.4099424 10.8129385 -6.0623506 -4.0029047 0.162393
0 35.2392241 -4.5486942 -9.4119973 -13.1220774 27.3011895 -13.2419036 -8.0468487 -14.168893
0 22.5996861 -8.6451062 -10.7875923 -6.1213664 11.4886575 -6.2845376 -1.3537857 -0.895956
0 23.2676181 -5.4494442 -5.8005973 -12.2543244 38.7306445 -12.1318806 -7.5141457 -18.847871
0 -5.2768231 4.4722162 -1.6502563 -4.8925554 23.6371295 -5.0503856 -2.5453867 -8.693938
0 54.8074811 -22.5418472 20.5912233 -13.3672674 -23.3322335 -13.8271436 -5.4579647 3.127748
0 -22.1628931 -3.2797142 -3.0965723 -6.3165574 34.5024485 -6.3170876 -3.4766437 10.147018
0 27.5638571 -16.5269022 -0.0679583 -6.2754154 -12.8085835 -6.4857056 5.2199717 9.380735
0 -3.8494881 -14.7024932 -5.1674513 -8.4381464 31.0342035 -7.6851906 -7.8825507 16.691114
0 35.3927111 -11.8176582 -5.2891633 -14.4055964 38.5011025 -14.0924006 -19.0870087 -9.201990
0 11.5828461 5.4931302 -2.9714243 -4.5505764 -3.7307065 -4.9114176 1.7710607 -2.682912
0 63.9173801 -35.4003742 43.7500673 -10.7948794 -17.2549305 -10.8030716 -2.0328337 -31.381361
0 12.2747451 10.3331822 11.0416633 -8.8084964 1.5480345 -9.0515326 0.3167977 -17.654392
0 -14.8887161 -15.9788162 30.3531843 -8.1554554 45.8381435 -8.4872976 -11.7741757 -16.906865
0 2.0231051 -4.4585942 -11.6208803 -12.8067224 69.6373735 -12.9472806 -12.6085237 -17.218477
0 115.2458821 46.1569652 -2.6494763 -44.3661914 -10.4128365 -44.3438146 -23.1051557 -36.525373
0 11.9506551 -0.4091972 -2.0394573 -0.8841234 -3.8878065 -0.9320286 -2.1397867 -1.658258
0 15.2110391 -18.3625632 40.2026753 -10.3969804 -7.2876575 -11.8284786 -9.0688217 1.530783
0 27.5638571 -16.5269022 -0.0679583 -6.2754154 -12.8085835 -6.4857056 5.2199717 9.380735
0 67.1345931 -32.0446832 13.0041633 -13.4350304 9.9139955 -13.7626136 -1.4394787 -29.370947
0 -5.1079321 -0.4682522 -15.9694253 -1.9590844 26.3329725 -2.0888846 -0.3718277 -0.367567
0 15.4710351 -11.0185442 31.2823193 -12.1198084 15.7883445 -12.2457706 -11.7204907 -15.437085
0 180.4561721 -31.2772502 -33.3319483 -41.5009574 -7.6280985 -41.8560686 12.0954347 -36.957282
0 -2.3794411 -10.1276732 8.7283183 -4.0627374 21.8107475 -4.2792006 -2.8425797 -6.847435
0 51.4469691 -36.4392972 21.9082383 -27.1681674 69.4396835 -27.1249696 -28.1171857 -23.945272
0 26.8687431 -12.0172592 -14.6486053 -15.5777284 56.1234565 -15.5080386 1.7213307 -26.961898
0 53.7224151 -37.0939212 38.8189673 -30.8097374 35.3391795 -30.8052306 -21.1905127 -7.981162
0 25.4963441 -11.4204312 -5.4089873 -10.5490584 34.6695335 -10.5575626 -7.8081657 -14.421673
0 -7.7843051 -13.1755512 2.6025133 -12.3960004 -4.2053365 -12.3476436 -11.7035837 59.009906
0 16.7195661 -9.6894562 -4.5607083 -0.6912804 0.0000005 -0.6383476 -0.4397147 -0.700063
0 42.2793081 -9.4956982 29.9855513 -28.1403954 40.4725145 -28.5425236 -17.4300117 -29.128743
0 13.9969861 -14.3361742 -2.9224653 -15.0691104 67.0175655 -15.1662476 -9.0660967 -24.454458
0 43.5601461 5.0913852 -14.3085423 -13.1491524 5.9839865 -12.9208706 -5.6793707 -8.577582
0 -15.1838231 14.7557152 -11.5811223 -0.6102234 21.0973075 -0.7897826 -4.4215787 -3.266493
0 6.3572731 -52.4909372 56.6916163 -34.1879804 88.2711165 -34.1392126 -24.4534787 -6.048395
0 1.5096231 -1.9965072 14.8244583 -1.8596004 -1.3864825 -1.8328306 -2.9669357 -6.291727
0 0.0000001 0.0000002 0.0000003 0.0000004 0.0000005 0.0000006 0.0000007 0.000000
0 2.0496971 -0.6729542 -5.8105873 -1.1611014 -1.0835195 -1.0181406 -2.1507577 9.847360
0 53.2703601 4.6821882 -17.2591503 -13.9503554 4.3498665 -13.7899896 -7.5850927 -9.717826
0 25.6307251 -14.7453712 -2.8642743 -15.9532334 61.4016625 -16.0982756 -11.2585167 -26.112716
0 56.6008841 -30.5895642 18.6878633 -13.8711374 29.4317005 -14.7880296 -10.5805597 -34.891158
0 27.2436241 -6.0149452 20.6591823 -7.0918524 -10.5236505 -7.3414386 -10.6779357 -6.252987
0 0.0000001 0.0000002 0.0000003 0.0000004 0.0000005 0.0000006 0.0000007 0.000000
0 10.1873181 -8.8945572 10.8878873 -7.8323294 15.2238755 -7.9494476 -4.4961957 -7.126551
0 -2.9007201 -13.4993192 33.2343073 -6.6463584 6.4958195 -6.5905896 5.0073127 -15.100452
0 29.1581391 -14.9838252 46.7566913 -15.2926474 -11.6745395 -15.1661676 -1.2520947 -17.545556
0 -9.1630341 -18.8004052 33.7849243 -4.0267484 -0.2010995 -4.7649456 -0.3818317 3.553137
0 39.1445621 -2.7812052 6.0989423 -14.9753444 7.5065235 -14.9355086 -3.2059127 -16.852057
0 46.9413221 -26.5937302 -3.3991963 -17.9321654 53.9804035 -17.5580906 -20.9387357 -14.499810
0 55.0554091 -49.3828652 -1.8880613 -25.6780384 53.3050255 -25.3005136 3.4005557 -9.511516
0 0.5085341 6.2618662 26.8255483 -10.5233864 -5.6395675 -10.7797726 -10.9483247 4.295101
0 -7.8734491 26.2052802 1.5183663 -6.4349594 -8.4047285 -6.5906056 -2.4271187 4.007213
0 -5.1257461 -0.0064702 19.8878453 -4.3037464 -9.2989735 -4.4715556 -3.2191827 6.537827
0 19.2027711 -8.0141132 -12.0430323 -14.8247694 60.8697305 -14.6715156 -8.2333577 -22.285714
0 87.2410381 -23.6880942 -6.7301203 -35.0461094 44.1200295 -35.2077926 0.7937587 -31.482708
0 3.2191061 0.8060132 5.0370893 -4.2967084 -8.1956245 -4.3332536 1.4352847 6.328094
0 13.3715191 -1.4174422 -9.0946303 -3.4111174 8.3531405 -3.3060866 -4.7637637 0.268378
0 8.1257091 3.6995252 -11.0851833 -5.8232214 24.6543375 -5.5905656 -7.5220747 -6.458528
0 46.4596991 -20.3923942 20.3273923 -10.5081544 18.6285595 -10.9851126 -15.8094507 -27.720539
0 77.9036061 15.5218252 4.5178173 -25.3742904 25.1434095 -25.3798166 -23.3948177 -48.937737
0 -12.5220831 -1.9965072 30.4113013 -1.8596004 -2.9416195 -1.8328306 -2.9669357 -6.291727
0 19.1619261 2.6160592 5.4443503 -10.5051124 -2.0702305 -10.8564816 -9.9148837 6.124369
0 3.4047571 0.7283152 22.4735913 -3.9663744 -12.5982855 -3.9463306 4.6287077 -10.724379
0 29.9152681 -10.3660362 8.9077063 -6.6491134 -1.7866625 -6.7979136 -10.1353957 -3.087857
0 15.5649791 -42.1363382 -4.1561933 -21.2210614 38.4376955 -20.2045536 -2.7614617 36.476929
0 4.7371461 -14.7132672 3.8363333 -5.6582194 19.2035445 -5.9839506 -6.9492237 5.527637
0 40.6309091 6.0633542 -1.1421333 -9.4602414 -16.6049345 -9.6521256 -9.9684867 0.133656
0 23.2470891 -10.0079762 11.2197983 -4.5156914 2.9264945 -5.1121556 -5.9593157 -11.798244
0 -1.4215511 -21.9627992 17.1915513 -10.2064574 40.8944955 -10.4251606 3.4249977 -17.495074
0 39.5145121 -16.9360992 -2.1074153 -7.1595384 -16.6963895 -7.4177336 3.0801857 7.722477
0 51.0105551 -13.9129332 -24.8668653 -11.4571714 -24.9075955 -10.8178996 7.8467457 27.105163
0 19.9351921 -23.0704142 29.5465663 -16.2442874 53.2228535 -16.9293296 -11.5677457 -34.892835
0 12.3697781 -20.7097622 40.1015083 -14.8747894 -9.4573975 -14.9492986 -16.3059147 23.825874
0 -2.7581601 -8.2350832 5.0753833 -16.8899834 25.4802385 -16.6933746 -10.8226917 24.843671
0 -3.4708061 13.9763122 -14.9606003 -5.4426674 26.4805315 -5.1840876 -3.0080537 -8.390630
0 6.8120711 -9.3990622 1.0350683 -7.9558224 31.7172905 -8.0243336 -2.1844127 -12.000797
0 41.9516261 -15.6768932 4.2522403 -8.9324104 19.1106935 -9.5567076 -12.4429657 -18.705586
0 71.8239161 8.0327372 24.7757353 -22.9336924 -5.5605935 -23.4458736 -22.4435497 -30.248681
0 9.3782201 -17.4158672 -3.8278583 -4.5821044 17.8331135 -4.2345016 -4.3714807 7.220476
0 1.2984821 2.4371942 7.8450253 -2.8517914 -7.4837445 -2.8064996 -3.9839257 5.545258
0 19.9935731 -2.8820992 -2.0797573 -11.6002024 38.7591645 -11.9175206 -13.7305897 -16.542568
0 104.7281441 -39.3727822 4.4908783 -27.6443274 11.6127895 -27.3507406 -4.2906167 -22.173346
0 -16.8493271 -6.0780072 13.1670123 -7.1590684 12.1442825 -6.5867186 -0.1871037 11.548928
0 20.6131271 -16.7693192 -22.1676633 -21.8286284 103.6348105 -20.9043726 -26.1683807 -16.409573
0 22.8740901 -2.2598792 -9.0267223 -1.3124784 -2.2798485 -1.3378176 -2.9360877 -3.721260
0 154.7136131 -21.6212972 2.8162763 -28.9651884 -53.6765825 -29.1854356 -5.1387227 -18.942665
0 59.8471481 -33.3505992 -7.0133243 -27.6649744 55.9845865 -26.7133036 -24.2736507 3.184117
0 -0.8393591 -15.1035432 4.7433193 -13.6200514 67.3923895 -13.5775906 -5.7883417 -23.206823
0 32.8076841 -15.3497722 0.0052453 -15.3913294 30.0451975 -15.1682166 -2.5130587 -14.435752
0 -5.4305871 -3.4881172 -5.3009213 -2.0280344 24.7083725 -1.9152336 -2.4214317 -4.124050
0 77.0681911 -2.5793462 -28.0405623 -19.8034084 35.0551885 -19.1390336 -23.7758817 -18.785153
0 -7.7004631 -8.3041142 23.5735243 -18.1970254 70.7920325 -18.3552886 -23.2948867 -18.513777
0 12.5863541 -2.7463312 7.0061523 -6.5786334 -2.0708515 -6.8165636 -1.2067617 -0.173366
0 28.8637941 -31.3875342 45.2814113 -22.9121244 6.7847345 -22.9637126 -25.2162877 21.549716
0 9.3299701 57.0127082 -40.8075883 -28.5621524 75.7021455 -27.8472246 -36.8269577 -8.000904
0 41.8727751 3.5372972 1.6242153 -13.0902764 15.9317745 -13.2148726 -16.9620787 -19.698836
0 41.4555761 -20.8169002 -4.8439733 -7.1173004 -14.2921335 -7.3220286 6.8969577 6.039801
0 37.9129451 -13.9692512 -14.6703373 -21.0510884 55.4158625 -20.9927916 0.4945227 -23.139858
0 57.9613611 -16.8211542 2.8116273 -14.9574934 -8.0798155 -15.1851966 2.3326817 -8.062011
0 -4.6336941 10.8220762 13.1466773 -11.1867534 33.1368435 -11.2848636 -8.9865637 -21.013725
0 2.6128751 11.4219472 -22.1468883 -14.6653854 74.8045495 -14.5967676 -15.2071187 -22.223210
0 -6.6749931 -17.6847712 23.1878893 -16.2769724 70.4177515 -15.8994406 -8.6168307 -28.452632
0 40.8752101 -13.4704052 37.1704333 -18.8536214 17.3928295 -19.1910986 -30.3209177 -13.602433
0 7.5378701 -10.0896692 -3.1038423 -11.1739714 55.6508625 -11.0199786 -11.5870817 -16.214190
0 48.2077121 5.5499102 -12.7811703 -27.0722804 1.0124475 -26.5732356 42.1435667 -30.486948
0 3.9711921 7.0489672 -9.9016193 -5.9487384 17.2108705 -6.2098806 -3.3300467 -2.840746
0 -4.9162701 12.7671022 19.7173573 -5.3601064 0.4457225 -5.0326696 -2.3196567 -15.301480
0 20.1458041 12.0460222 -7.6332813 -9.4255534 30.2716155 -9.6704536 -15.4517387 -20.282417
0 21.0528101 -13.6075632 -6.5285913 -18.9621954 71.3662685 -18.9113806 -3.1434997 -31.265849
0 5.3962751 20.9940392 -0.9952993 -8.8827464 18.6690295 -8.9153496 -12.8757027 -13.390248
0 76.7107511 -37.2673612 22.0733863 -20.3748994 25.0126885 -21.1612806 -7.7453847 -37.247900
0 38.5829011 -33.2049572 12.5447743 -26.6312274 95.8613965 -26.6324386 -18.2859107 -42.234537
0 -31.1322851 20.1858562 -5.4885293 -5.2838254 31.4867285 -4.9896806 5.4512987 -10.229561
0 55.7815271 -15.9803332 21.3620893 -25.9858244 5.7195785 -26.0405616 -18.4198857 3.563408
0 -3.4431561 11.6400422 6.9734623 -4.4549224 -7.3843965 -4.6052576 -3.9584117 5.232639
0 15.7888641 -19.0476572 15.1818053 -11.3867914 31.8730785 -11.4224736 -12.6401627 -8.346663
0 24.2220901 -25.0061242 37.4372973 -17.7077194 6.7597225 -17.6493466 -9.0268627 0.970942
0 140.3473771 -41.4294232 0.1580333 -23.2933214 7.8390375 -23.7547216 -18.1635767 -41.703407
0 39.7628841 -45.1193582 -19.3683703 -32.1193614 83.5805935 -32.0508486 1.2346107 4.079853
0 7.7001781 -10.9464982 5.1581213 -1.3849294 -0.2180835 -1.1022966 6.5773857 -5.783876
0 1.1593501 1.2742652 9.2616553 -3.8728174 -7.3843965 -3.9801076 -2.9957777 6.537827
0 22.8551651 -16.6104642 17.3210583 -14.2385834 26.6712545 -14.2289726 -20.6260837 -1.143377
0 46.9725031 22.8022082 0.0733603 -16.7430124 -3.6896975 -16.7005366 -9.5873127 -23.127514
0 22.4182621 -1.2652852 45.2772823 -16.7807854 -17.2881375 -17.3844906 -19.0276897 4.050840
0 -5.0271601 -0.4009892 -0.4732803 0.0000004 6.8490785 0.0000006 -0.9476487 -0.000000
0 24.4006431 -10.4539152 9.9764063 -5.2927094 8.2929185 -5.3966746 -7.0430967 -14.483575
0 -26.3235721 -16.9875942 24.7461973 -9.5664744 15.6269575 -9.3229346 0.2207667 21.606654
0 1.0382711 6.7561052 24.2697653 -9.1529814 17.7783815 -9.2353136 -11.2827427 -20.171485
0 63.7440411 7.4831712 -8.5470403 -22.1294474 7.2433955 -22.1666056 -9.9735347 -15.653981
0 1.9755691 -5.1872052 -6.1094043 -8.6380074 47.7231185 -8.6249316 -9.0740247 -12.065114
0 72.5350911 -38.7791782 11.0645433 -18.0135964 16.6817685 -18.5348096 -9.4734067 -15.480411
0 10.2459031 -11.1428122 14.8131533 -13.6246884 39.7956615 -13.9585266 -2.7173537 -23.411335
0 -9.9829951 -14.1101002 14.2083093 -8.9347644 38.1316825 -8.7014886 7.8971777 -18.507819
0 81.0783541 -31.1616212 -6.6464933 -31.2585684 46.9842605 -31.3856476 -9.4300727 -18.180214
0 -9.0789251 -10.0971042 -21.0435713 -3.9355624 35.5344265 -4.3336516 5.6110067 7.343382
0 -0.5522731 -20.5019522 34.0144563 -11.7788474 9.5284085 -11.2963706 -6.9951167 7.581692
0 22.7190681 -0.6895062 -13.0128253 -6.1104024 13.9005205 -5.8504576 -4.0647947 -6.891603
0 10.3288771 -17.5143172 10.2252943 -14.7395644 50.1224125 -14.6237836 18.4265697 -42.225487
0 41.1945321 23.6456562 -49.9125593 -18.5598484 54.2858485 -17.9057066 -9.9776337 -22.770289
0 28.0364881 7.6075452 7.5920573 -12.6638704 -7.8283635 -12.6040466 -9.2098187 -0.929992
0 152.3361681 -13.4084112 29.8272823 -42.3605434 9.9719915 -43.2907696 -40.5631827 -52.512537
0 1.5096231 -1.9965072 14.8244583 -1.8596004 -1.3864825 -1.8328306 -2.9669357 -6.291727
0 66.7224731 -53.9286912 50.3368593 -29.3959154 33.3855495 -29.9717766 8.4369827 -45.585479
0 -12.2540041 -5.4066702 10.6243593 -10.4662094 41.6166835 -10.5121276 -12.4789087 -1.123124
0 1.8029941 13.2668862 27.6560693 -12.6723094 2.4511495 -13.1085676 -2.7738997 -16.622325
0 -12.1475461 -2.2051582 83.8952073 -27.7768914 26.6727955 -27.3274976 -17.2884277 -23.822481
0 94.4860611 -52.0559872 10.6092113 -32.6374994 31.4167945 -32.9949436 18.2027957 -37.026434
0 34.8300941 37.3293412 20.7763473 -29.6300514 15.1925165 -29.9820436 -26.0282117 -22.487992
0 22.1596041 -15.9638502 4.2714043 -9.5639424 5.2578625 -9.3258786 15.0096617 -11.844859
0 45.5609191 -9.5931482 -9.5677623 -14.1333194 22.9542055 -13.9262836 -7.5988017 -13.695810
0 23.2753371 -8.4521392 10.7165093 -4.2400604 -3.3454415 -4.5349406 -1.6210237 -11.798244
0 20.5766091 -1.0744772 6.7478493 -11.6671214 16.3684905 -11.6871706 -6.1354877 -13.128695
0 25.8508761 -12.5847142 -3.5449463 -14.0404144 -8.4901015 -13.9153416 8.5555827 18.169057
0 67.7580441 -35.8305272 -12.6678363 -13.4843324 29.8132785 -13.5159146 1.9983607 -24.071074
0 19.3257701 -12.3281512 39.2448163 -15.1188874 -16.8851665 -14.7709556 5.2774777 -4.744906
0 48.9553651 1.5635842 20.6706523 -22.6432784 14.4134595 -23.2337716 -12.8360337 -26.889976
0 24.2524611 -5.2301622 -5.1408133 -7.3495414 -1.6447495 -7.0547976 -9.6309577 11.798557
0 33.4288221 -20.8070742 -3.7335763 -20.2930314 71.7351685 -20.4884376 -6.7153297 -33.126542
0 99.4719031 -18.5141212 15.7883693 -29.0884754 5.6363635 -29.9593846 -13.6913727 -29.643282
0 46.1254031 -40.9703162 41.5954733 -21.0123304 31.4120385 -21.1321716 -3.3654987 -32.652598
0 72.9759311 2.6391462 7.4600733 -23.2890224 -0.2096265 -22.9105446 -1.0093297 -35.656628
0 14.6913751 -0.7092912 21.6532763 -12.9413464 9.0268055 -12.4892616 -1.8430377 -17.388520
0 57.3776721 -14.2943012 8.6627703 -8.9381524 1.5255225 -9.2601136 -13.2870437 -21.786358
0 44.5113451 -5.4627732 40.1007763 -18.0658204 -0.1591845 -18.4665466 -23.5440507 -18.913746
0 38.4377571 -14.4802402 2.7564443 -10.2557404 10.2468165 -10.3534426 0.8563087 -17.207902
0 6.2915561 -16.8907302 -27.9952413 -13.7629444 92.4584815 -13.5387146 -4.5974397 -21.964968
0 -7.5348831 -5.0837452 -2.9249113 -6.5517484 26.4216155 -6.5904986 -0.9178477 3.182018
0 41.1536021 12.1561892 20.3641483 -14.0811634 -21.9485245 -14.5765856 -16.9881467 -6.079521
0 -11.4616861 9.7283192 11.4008563 -3.7010394 2.4920855 -3.6782366 -0.1555837 -4.624716
0 46.4596991 -20.3923942 20.3273923 -10.5081544 18.6285595 -10.9851126 -15.8094507 -27.720539
0 -10.0677701 -7.3187452 7.5975313 -5.1163674 19.3685515 -4.9170206 11.5605587 -11.106737
0 28.8147871 -20.1912832 18.2594723 -10.6690724 13.0990695 -10.8941056 4.2367487 -22.655617
0 -6.0287251 20.1545512 14.6544043 -7.1034604 -3.2723965 -7.1033896 -9.5810607 -1.719923
0 73.5741281 -26.5255742 12.3771023 -23.9575564 -4.8137615 -23.7866226 -5.9220817 -0.945636
0 23.5556471 -6.7238942 -4.3110763 -16.7551114 19.1227565 -16.4196296 -10.1530757 11.684383
0 13.3561461 -9.8627062 5.8244653 -15.4526764 70.0112885 -15.5586686 -23.6468857 -24.670963
0 61.6700671 -22.0760832 -26.1453163 -22.5781534 37.5570385 -22.1319336 -2.1048717 -4.190749
0 43.3487411 1.9965342 14.3614593 -8.7963564 -12.1035975 -8.7429376 -14.9065637 -15.157282
0 26.9374541 -24.3375922 6.9721163 -11.1290614 2.0648435 -11.4302246 9.0735707 1.848895
0 28.7532481 -8.0114522 35.4836403 -8.9514524 -11.9101335 -9.1742696 -13.6448707 -12.544713
0 12.2802361 -5.2556892 0.7955443 -8.5808284 4.9190935 -8.6463826 5.6917737 -1.203746
0 60.2007141 -24.3249542 0.5317213 -23.2456274 35.8325685 -22.8756266 -6.3483287 -19.770467
0 30.5842821 -8.3775132 -7.6419743 -17.2219404 37.1819475 -16.8400586 -11.3121517 -6.372595
0 88.8341141 -42.2547952 19.3815813 -21.5863964 -4.9212705 -21.9753776 -4.4874987 -12.990359
0 48.2226921 -4.0849742 -13.3753073 -18.1936484 25.1419765 -18.3090016 0.4919487 -19.893686
0 -35.0668261 -14.8357232 43.8577023 -17.2589554 32.4327835 -16.1686906 -13.0821117 20.121818
0 0.1954621 -9.5758492 -18.4908563 -12.4961734 46.1642155 -11.4422226 -6.3771657 12.022587
0 5.4332271 -18.0371292 -0.2478803 -6.8142324 20.6190565 -7.1659636 3.7481687 2.464754
0 152.9419071 -14.8169322 9.6599793 -32.0045684 -27.7665965 -32.7716186 -26.2331627 -29.009010
0 54.1898431 -33.2176952 21.3488283 -23.5525164 11.8785545 -23.4687996 -17.2752337 10.097019
0 -10.2468051 -7.2264652 -4.7809843 -5.5611384 51.7048765 -5.4864966 -9.8099807 -8.593007
0 32.9715991 13.5717742 -14.9246843 -9.8647294 -4.2717375 -9.5909126 -0.1577087 -7.733601
0 -8.4024091 0.1588782 -6.1749183 -10.4549744 28.6428825 -9.9990166 24.4505847 -18.221027
0 55.1083811 -9.8324202 -6.2615533 -14.5738754 -13.9229415 -14.4749266 4.5656947 -0.608361
0 71.6968711 -22.3929462 -38.1865883 -17.5654164 56.4116735 -17.7009136 0.2781927 -32.540873
0 43.3643221 -15.0880122 -24.5380293 -3.1335944 13.7326015 -3.1077176 -1.5454447 -9.684125
0 41.8191691 0.9639092 -1.6171803 -14.1503894 25.3967335 -14.4779716 -13.6077737 -24.326493
0 94.7271951 -32.2821202 48.1699523 -24.3542044 11.2896245 -24.9388926 -19.3052497 -53.306301
0 56.2120141 -23.8341502 -21.4582823 -11.4568414 -28.7760455 -11.5957626 6.0550397 34.854028
0 37.9571751 32.0830712 20.4944793 -16.5194294 -20.0294665 -16.9995336 -19.3570917 -17.629206
0 55.9823861 -22.0658162 -21.3350653 -16.6018284 40.2531965 -16.2175926 -1.0369737 -18.978307
0 22.3043171 -7.9586142 18.1040733 -9.3670214 22.5618525 -9.3940816 -16.1986017 -20.051924
0 27.5638571 -16.5269022 -0.0679583 -6.2754154 -12.8085835 -6.4857056 5.2199717 9.380735
0 -8.8053221 -4.3653642 10.5285343 -18.8705054 63.3830735 -19.4565026 4.2208837 -26.634797
0 45.8218991 21.5104632 -3.0843043 -21.8368604 39.7355465 -21.9654996 -19.6137177 -40.567526
0 36.8869131 -32.1499332 5.6703343 -12.4889934 41.6740005 -12.7125946 1.4074217 -28.287148
0 23.9706621 0.3059252 -16.0584703 -13.4738764 46.7488295 -13.7495536 -12.7857577 -14.957759
0 27.6325131 -6.8980502 -3.1186003 -4.2989374 -12.9876955 -4.2409386 4.5886987 -0.676991
0 25.8652371 -13.2497952 21.9693063 -6.6771164 0.5643565 -6.8281546 -2.5494327 -19.094402
0 25.6947091 -12.5531012 -14.1719523 -16.0209374 44.9014415 -15.4742036 -11.5908957 -0.785060
0 -3.3042811 -5.3338672 20.8425223 -5.3927054 18.7609445 -5.4040936 -9.4078367 -10.760684
0 2.5022931 -15.6637912 -7.0716743 -17.3497984 53.6738005 -16.4438906 -12.3430377 12.696095
0 30.0796891 -14.8485062 -4.7655293 -20.2101464 70.4479345 -20.1562146 -9.6985587 -30.848669
0 33.5521301 -8.1389942 1.5092353 -5.5468884 -17.0789755 -5.4857716 3.1071027 -1.917839
0 31.9164201 -8.9203912 4.3061963 -4.5253534 -3.7051675 -4.7481456 -2.3155837 -12.007978
0 37.2301151 -7.8164452 0.5585913 -10.6176384 21.2896295 -10.8628286 -16.6318067 -13.149617
0 28.3343181 -14.3695322 32.9714783 -12.9411474 -17.7289345 -13.5663126 -13.0424397 10.342566
0 74.9462361 -12.9181272 10.0539853 -9.9046034 -24.2968225 -10.3884096 -15.7843417 -11.707919
0 9.2542771 -5.6878872 11.4703853 -1.9382414 -3.6221635 -1.8981846 -3.3013397 -4.276849
0 0.0000001 0.0000002 0.0000003 0.0000004 0.0000005 0.0000006 0.0000007 0.000000
0 46.7040821 55.1050862 -8.7650383 -23.1491134 23.9344085 -23.0967236 -30.8034127 -39.929292
0 0.0000001 0.0000002 0.0000003 0.0000004 0.0000005 0.0000006 0.0000007 0.000000
0 0.0000001 0.0000002 0.0000003 0.0000004 0.0000005 0.0000006 0.0000007 0.000000
0 -14.4667161 13.4068572 23.3989373 -13.5889184 22.4109175 -13.7132366 -15.8888567 -1.558985
0 52.2064001 -15.5778932 20.8107313 -15.7451204 26.5703055 -16.5244476 -11.9419007 -39.798075
0 47.2310991 -28.8597652 45.9834933 -30.1296214 26.9698735 -30.1630786 -13.0498707 -17.982133
0 1.2984821 2.4371942 7.8450253 -2.8517914 -7.4837445 -2.8064996 -3.9839257 5.545258
0 44.2638771 18.8532202 -13.8685563 -30.1161374 37.6168365 -30.0367956 -10.6170697 -16.095380
0 31.1883191 -26.8723282 2.9410843 -11.8974264 5.0172425 -11.8902206 -2.5884707 14.101799
0 11.6595761 19.4249342 5.9424773 -15.1585504 20.3859195 -15.0905606 -1.9159667 -25.247831
0 44.9309951 -27.9182802 20.1289633 -14.2917944 23.9152575 -14.1739256 -19.0533657 -13.537850
0 -5.1079321 -0.4682522 -15.9694253 -1.9590844 26.3329725 -2.0888846 -0.3718277 -0.367567
0 48.4303581 -22.3723892 17.1950583 -12.9338684 11.8144115 -13.3437396 -16.8201807 -11.969654
0 64.1579941 -7.2666572 11.6961523 -39.7260684 63.9586265 -39.5338976 -36.7155957 -16.570557
0 20.9925591 -11.5869402 -6.0575163 -13.8603374 31.5128035 -14.3968896 1.3294507 -7.933130
0 10.5895891 -26.1071362 45.1637903 -8.5784284 20.8113095 -9.3913566 -6.7392757 -25.748491
0 28.3767761 -8.0996762 0.7963543 -7.7986524 8.3366605 -8.0177276 -8.9662907 -4.627445
0 34.7154151 11.5537412 19.9145573 -16.4471404 6.9441585 -16.8488876 -14.8542747 -24.977570
0 50.8144041 -28.4901372 7.3835493 -16.1843844 9.6996395 -15.9681546 7.8913057 -15.146221
0 5.6855541 -10.1016422 12.1047703 -5.9979334 -8.3282795 -6.3927946 -3.5040997 16.534422
0 81.6703611 -30.5823352 23.4786063 -22.6598504 6.6563865 -23.4258986 0.7091737 -35.846443
0 0.3184721 -11.6210652 31.0424563 -20.4403454 32.1990785 -19.6412836 -17.1388077 5.281495
0 87.2090501 -3.1403412 20.3073393 -23.3194574 8.1745085 -22.8883586 -20.2300707 -46.112671
0 23.3073071 -12.5434122 -1.6081803 -8.8573404 37.8290575 -9.2829556 -11.4569817 -17.387498
0 24.7682491 20.1216182 18.9129583 -10.8552654 -27.3222195 -11.0169886 -0.4197797 -14.188574
0 40.8360971 -23.5938712 24.6875643 -10.9214064 18.6919025 -11.6921666 -11.2384437 -26.769676
0 27.7104911 -21.7451642 14.0733283 -19.2979934 32.7101105 -19.5954846 8.3464677 -22.201754
0 13.7635861 4.3149632 36.6452083 -9.5172474 -0.3404995 -9.5047006 -8.7796027 -26.581710
0 17.2758721 -4.2085012 0.4220263 -11.0063724 34.8668885 -10.8870476 -7.5265407 -18.936325
0 7.7952001 3.2432072 8.2496343 -7.0099014 -12.2655595 -6.9998106 -3.6606967 10.647926
0 11.0033251 -7.2581592 -10.9463813 -3.6136274 9.7268015 -3.3162716 -3.5072467 7.911557
0 6.4717701 4.6218342 9.0478273 -6.8016724 12.5387145 -6.7267976 -4.7456967 -14.405979
0 -1.5107301 -0.0959812 -1.0325263 0.0000004 2.6392375 0.0000006 0.0000007 0.000000
0 -4.2712371 -2.2138512 3.9607333 -5.9008514 17.3239775 -5.8953406 -5.4172087 2.413778
0 55.3999081 -15.9653032 16.3323803 -15.3188594 3.1913215 -15.7649546 -14.9310627 -12.943434
0 45.0195091 -24.6654412 32.1175453 -15.5149654 1.9544685 -15.5257286 6.4883117 -29.873698
0 32.0598791 3.0657992 -46.8325333 -20.8454734 62.4325095 -20.6321596 -0.3926007 -8.855421
0 -13.8551081 41.3199712 11.9843003 -7.1034604 -16.2788115 -7.1033896 -8.4690067 -0.494497
0 15.4699281 -7.1291512 12.8009683 -11.5090114 31.1386835 -11.3316766 -7.4837807 -21.955961
0 44.0960141 -35.1303272 31.3246333 -18.0049594 21.8415055 -19.0037056 5.3206607 -30.443820
0 60.2316061 -30.5752072 19.3565593 -14.1448224 28.8935915 -15.0457976 -17.5893737 -31.126558
0 98.8793631 -15.8602012 -7.7092673 -27.9564694 21.8195645 -28.4569036 -2.7517737 -37.964316
0 34.0121291 -2.5499602 10.0942773 -12.9245664 20.7648435 -13.9196646 -17.4518877 -18.025173
0 0.0000001 0.0000002 0.0000003 0.0000004 0.0000005 0.0000006 0.0000007 0.000000
0 14.2788921 -9.4877692 6.1541463 -13.6964104 -7.0368965 -13.3946756 -0.0767757 23.259489
0 -14.2658871 32.9097002 6.1077323 -16.9830644 11.5875955 -16.7157206 1.7921527 -4.432507
0 -16.1508831 -21.9344502 3.5776363 -26.8631564 125.6956505 -26.5416986 -8.9505187 -28.832578
0 -4.2123701 -25.5121242 30.8764353 -15.5665014 21.3837805 -15.2853076 0.5941307 7.721956
0 8.4805571 -23.0266852 25.7221753 -24.3684044 41.2392335 -24.4266426 -25.4759897 21.855753
0 0.3001201 -25.2041772 19.2172953 -13.7395614 58.4026845 -13.9964236 -3.0159057 -21.964031
0 13.4676281 -1.1438092 -8.8378373 -1.9766394 2.4675745 -1.8954586 -1.5422517 -0.539207
0 37.7938791 -31.0372392 28.8513983 -11.0049504 -3.0970205 -11.2019126 -5.2890197 -5.015138
0 6.1528891 0.8445382 -12.4267803 -7.9767714 34.8296165 -8.1251136 -6.3335827 -6.964795
0 5.2192571 -15.7466822 3.2031833 -7.0421114 12.2532275 -6.8216576 3.4899047 5.444880
0 -4.2395531 -11.1114102 49.9588013 -14.2694814 50.5457415 -14.4939056 -18.7949017 -37.595295
0 42.4388261 -46.6621582 74.7510613 -38.8432034 70.8776865 -39.9981136 -16.3724557 -46.191646
0 0.0307141 -9.2546652 12.5907643 -5.4732274 10.4428565 -5.1491016 -6.4741817 3.286841
0 39.0249351 -52.1536762 55.1817893 -24.2992304 62.7887605 -24.7663816 -5.2595607 -50.516636
0 52.8473071 -2.8568992 21.9201263 -15.2467754 -21.7697555 -14.9082156 7.9283077 -27.914097
0 -16.9179841 -15.7068592 16.2176543 -9.1355454 12.3233945 -8.8314856 0.4441717 21.606654
0 -11.2146141 -21.7990392 15.0219283 -15.3330014 37.8735265 -15.2539126 -13.2803487 23.985459
0 13.9811951 15.6027752 -7.8904623 -13.2612054 26.8337845 -13.2642016 -10.3908877 -11.610999
0 50.8131601 -20.1398502 -0.7619063 -7.1254484 -8.1396705 -7.2893316 1.8207427 -9.177697
0 29.0734801 -18.5234092 14.7565003 -8.1350154 -14.1950655 -8.3185356 2.2530377 3.089009
0 25.4169021 -0.3338152 18.2171283 -22.5833034 10.4872445 -22.2585146 11.6724167 -20.618057
0 7.3250851 -15.2431482 1.4701913 -8.5047534 49.1185775 -9.2109296 -8.8137657 -16.141260
0 -2.5205711 18.2131792 23.8623483 -18.6808324 43.5995545 -18.8543426 -17.2340577 -28.385277
0 8.1030801 16.4745812 17.6156853 -5.8914464 -5.6664875 -5.8252326 -10.3458867 -14.464295
0 24.6575061 -3.5222972 -13.2076583 -21.1496304 67.0001145 -20.9418106 -1.9200887 -30.916138
0 -6.3486171 1.6031082 -2.1761643 -8.1083744 46.5684605 -7.9169946 -13.9347827 -9.686637
0 -24.4971611 1.1801512 32.0712863 -3.5774344 -2.6939235 -3.7618966 2.5751427 -1.296165
0 65.9915781 -8.7414332 2.4468743 -13.6341374 -23.8016085 -13.2303246 -8.9758947 -0.055057
0 -7.9459121 -0.6729542 -4.7317913 -1.1611014 7.7294185 -1.0181406 -2.1507577 9.951236
0 1.2635121 -8.3077762 0.0862763 -13.1298164 32.4191905 -12.8671126 -11.5819067 12.117631
0 33.0047881 -25.2381852 32.3259463 -14.1849174 19.4481135 -14.5916986 -3.7520447 -27.012000
0 6.9775881 3.2432072 17.0745653 -7.0099014 -22.4193905 -6.9998106 -2.7396097 11.873352
0 95.8137211 -3.4719352 8.5589333 -31.6540514 -14.5443875 -32.1374396 14.9352687 -37.500108
0 -1.5107301 -0.0959812 -1.0325263 0.0000004 2.6392375 0.0000006 0.0000007 0.000000
0 16.8576621 -1.5558372 -1.5943583 -0.2756314 -13.5893145 -0.5772166 0.7346957 0.000000
0 -0.2460181 0.4354182 5.0072753 -3.9044404 3.8490815 -3.6682336 -4.3330117 2.859927
0 27.6325131 -6.8980502 -3.1186003 -4.2989374 -12.9876955 -4.2409386 4.5886987 -0.676991
0 60.3155721 -17.5325542 -7.6058403 -12.2669724 5.5725465 -11.8941706 2.6476637 -19.236245
0 19.5560761 -12.4862442 -4.6764393 -12.9369444 41.5845015 -12.8658696 -5.4329757 -12.742105
0 -4.7418481 1.1839542 25.7182363 -9.4433884 27.4282885 -9.9027626 -11.0945947 -19.147887
0 56.0430531 -12.2937762 16.5829303 -13.2345494 -4.0359065 -13.6640526 -9.8545267 -19.543175
0 59.0093241 -0.7354432 22.4833713 -23.2332824 -10.9624185 -24.1257046 -11.9830147 -10.452834
0 3.8104621 -1.4935632 -3.0256143 -0.7022554 2.9288485 -0.5480366 -0.5150757 -0.454767
0 32.2923461 -26.9755482 27.8363843 -12.4563624 -20.1357555 -12.8534756 -6.2888817 18.581291
0 32.3851961 34.9872282 -32.9508953 -16.3078584 19.0203105 -16.6638076 -4.9966427 -15.473532
0 169.2593911 -50.9041192 -30.3937143 -28.2635344 26.0703655 -28.9407066 -16.7481517 -40.079536
0 80.8316921 -58.0114132 62.6667153 -46.5377774 85.6359565 -46.6266486 -50.8416747 -27.116851
0 10.2780081 -26.0065402 -16.4808853 -22.6002324 97.4097305 -21.1444326 -26.7801047 5.324454
0 8.7955461 -1.2409432 -1.2723083 -1.2479514 -1.2580345 -1.2448336 -1.2906287 -1.240848
0 -7.4404881 -9.0418412 4.7014693 -9.1973334 55.8225265 -9.1245196 -10.0448307 -15.674984
0 33.0287171 15.4940042 0.1595263 -10.1151574 -8.0517085 -10.1525076 -9.2557627 -11.107114
0 0.0000001 0.0000002 0.0000003 0.0000004 0.0000005 0.0000006 0.0000007 0.000000
0 -8.2918851 65.1936272 -5.5293373 -13.6029064 5.2737215 -13.4226046 -17.4823997 -12.138220
0 75.7189441 -31.5344822 0.8580813 -22.9124834 13.7163195 -23.4187286 -8.9738717 -3.453781
0 115.4053101 -43.1871812 -39.9586043 -15.7118604 -2.0903775 -15.8156636 2.5354597 -1.177085
0 34.9167871 -26.4042722 63.6860073 -26.6590334 15.4713805 -27.0980806 -30.6593307 -3.253458
0 11.8941461 -10.3624102 -5.2225703 -1.8523814 -1.3640645 -1.6564876 -2.3454367 10.909202
0 47.3557971 9.7301932 -8.0708153 -12.1078454 15.5708175 -12.2038356 -18.0282127 -22.246101
0 53.7732651 -29.7599372 10.1643533 -27.1007214 80.9752255 -27.0120256 -7.2619027 -53.778256
0 98.4489511 -10.8175802 8.5316833 -33.2731554 19.5188055 -33.7241066 -25.1791937 -23.505402
0 43.3161101 18.5391712 42.4656193 -18.3381264 -21.4881445 -17.8994416 -15.2091267 -31.386062
0 22.4355081 -6.3265902 11.1402233 -9.8705024 -18.5768345 -10.1766056 -8.8980207 20.272819
0 10.4510491 -1.5894862 -18.2789873 -9.2832804 38.2158605 -9.0120076 2.4561047 -12.959253
0 -36.9722941 -7.5899192 42.5847413 -2.3782464 13.8239485 -2.2856616 4.7491417 -11.931708
0 19.3476601 -9.2921872 44.0121823 -9.3823814 -8.6065705 -9.6657176 -13.8682747 -12.544713
0 25.3033961 -20.9968232 31.3359403 -12.9208864 6.0658625 -13.3706326 -9.1309387 -6.285920
0 1.3729161 -16.0859842 29.4116563 -11.6747584 15.0707775 -11.6988746 -6.1464187 -0.249316
0 0.0000001 0.0000002 0.0000003 0.0000004 0.0000005 0.0000006 0.0000007 0.000000
0 95.6699931 -55.7006652 20.8812153 -30.0354734 -2.7487355 -29.1263336 -3.3211637 4.381159
0 53.8989131 -24.4785602 47.3972423 -16.8657294 -8.3141185 -17.6113966 -23.9222187 -10.104138
0 17.3381571 -20.3389552 6.0401223 -15.8964324 66.9465515 -16.2568726 -10.3421127 -27.490458
0 14.6400611 27.2035182 13.6264243 -11.3784064 -16.9709705 -11.4375906 -12.5056287 -3.177408
0 -3.3536921 25.7370282 -6.9895943 -6.7202524 -7.6711025 -6.8038106 2.0039437 3.797479
0 25.4862481 -6.8490302 3.9944993 -12.3484344 43.0198915 -12.4519346 -19.3663577 -21.484881
0 29.7981661 17.4771142 9.7174613 -13.4194414 12.9728655 -13.8681026 -21.0067497 -21.671314
0 10.2548571 20.9668582 23.0722893 -13.4862584 -5.9508785 -13.5966966 -5.8349907 -15.425183
0 1.0764541 20.9245472 -27.1611223 -15.3902734 30.4850245 -15.2339566 21.2806567 -15.981329
0 46.7930371 -25.4155292 -2.6140253 -22.4267504 54.8615895 -22.1112986 -10.8146857 -18.272340
0 29.1421361 -8.8945572 11.7058583 -6.1585374 -14.3741775 -6.0737686 1.6217637 -6.968717
0 -4.0963071 -1.1412062 -11.2674713 -1.4463934 5.3104885 -1.2313456 2.4727047 11.399531
0 66.0523851 -1.5375442 -4.2180003 -19.2555424 -6.0770375 -19.0403456 -5.1721367 -10.751777
0 -11.3477141 -27.4142142 36.4028443 -16.0406274 34.7312445 -16.0687606 6.1576917 -6.420462
0 -17.4505791 -6.4442472 18.7086143 -9.3316574 47.3138825 -9.0888806 -4.3354137 -19.371718
0 37.5416021 -9.9457022 6.2041883 -4.6570234 -5.5360085 -4.8697706 -6.6940107 -12.043279
0 17.7933811 -5.0523022 1.6089223 -3.1681384 4.5850395 -3.5974896 -5.6536517 -6.515762
0 54.1859921 -12.7102682 -24.2770453 -13.7324694 17.8764025 -13.3271956 2.1661137 -10.181530
0 -35.6737761 13.6264482 -19.0381273 -7.5545014 73.1287485 -7.1778086 -3.4360517 -13.874931
0 113.5314851 -28.7166192 -1.9532093 -25.1567844 8.6935335 -25.2416796 -6.6762187 -34.480509
0 -18.3527561 -15.3062942 34.1999783 -3.7294734 2.0448915 -4.4291056 1.8973587 3.675401
0 30.5824281 -23.1886832 24.5158903 -15.4687034 48.9890225 -16.1971766 -18.9291477 -30.303630
0 -15.7515981 14.2858832 10.0801423 -8.1510464 21.8933985 -7.6224446 2.2587127 -16.993047
0 -2.0115011 -23.7442132 6.8115163 -13.9459224 41.1716545 -13.3033906 0.6697387 4.352118
0 39.7941101 -10.6446072 -4.1648393 -8.7161644 3.2719255 -8.7442286 -3.9919897 -6.804207
0 41.4702631 -10.6868402 11.3692553 -15.4607124 5.1297495 -15.2405046 -5.9207847 -10.660426
0 47.6009251 -2.3740972 -1.4610303 -31.2474204 81.3794735 -31.7979846 -29.7449497 -32.354918
0 5.1095821 -14.7359112 1.9053253 -10.0708364 56.9936625 -10.5952616 -15.9920917 -12.614470
0 40.0557721 -11.9671582 23.2647513 -7.3804704 -4.9414725 -8.1338626 -12.7328837 -18.164678
0 49.6353361 1.8663802 32.8793003 -28.8461084 52.0412165 -29.7740976 -21.8374087 -55.964619
0 54.8761371 -12.9129952 17.5405813 -11.3907894 -23.5113455 -11.5823766 -6.0892377 -6.929978
0 -7.6131041 -11.3778402 12.1465143 -2.4074064 1.7545785 -2.7362156 0.1757487 10.057726
0 54.5821771 -30.9469632 27.4122993 -22.3325824 -10.9857775 -21.8555816 9.9242377 -5.797810
0 3.6669581 19.6777302 7.9623933 -12.3284624 3.7203915 -12.5026956 -10.2417707 0.045456
0 6.6011291 -6.0617022 0.0418503 -4.4227184 11.5698635 -4.4530716 4.2564897 -7.531840
0 20.0788721 -23.3836202 13.3425533 -19.4918284 70.1925445 -19.6193186 -6.4105127 -34.708689
0 18.3826111 0.0929762 4.1354903 -3.9209574 -14.3072375 -3.9028066 -5.3427007 4.862623
0 10.2804161 -11.8486972 11.8972433 -6.1465704 -9.4512745 -6.5607146 -4.6436937 16.473290
0 47.1294891 -18.4806512 3.2079963 -10.8751804 18.3465795 -11.3589886 -4.1916987 -23.777549
0 25.1105021 9.1627212 -8.1141993 -9.9270494 14.3742245 -10.1262676 -11.4390967 -9.040835
0 83.0329641 -23.7111062 57.8657663 -26.0171634 -25.4674445 -26.3351616 -17.9340777 -21.433780
0 42.5280961 18.7140082 23.2540823 -45.8882424 52.8775505 -46.0559866 -19.6040677 -25.825441
0 79.5388071 -14.1658502 -0.1096163 -19.2385314 1.3159285 -19.2400156 -22.9469077 -5.153817
0 57.9534391 -32.2029062 25.1344873 -35.9116094 35.7522665 -36.1741386 1.5156877 -16.067227
0 44.5238341 0.4500302 13.5104463 -15.0986604 18.9468815 -15.3031176 -22.4730727 -24.556340
0 31.1589301 -17.1900702 26.3185133 -20.7494554 32.5820615 -21.2939296 -3.1964117 -27.629637
0 35.3676401 -8.3498652 9.1363773 -7.9926134 -26.7015305 -7.8837596 3.2294077 3.194343
0 24.3096091 -25.6835842 8.2224453 -11.6625214 28.1736765 -11.7631426 1.7259187 -13.322399
0 55.7253961 -23.0791342 3.4967903 -16.3267764 45.3294975 -16.2425696 -16.7100657 -32.193140
0 68.6643081 -20.9885292 -5.7249153 -14.6777764 26.7333975 -15.0423236 -9.5758697 -29.388294
0 -6.9822831 -10.1276732 -3.7579933 -5.7365294 47.4100935 -6.1548796 -7.6454677 -7.005269
0 28.5031871 -22.2493402 -14.1432843 -19.0629254 79.8062845 -19.3884206 -10.9940367 -22.471467
0 0.0000001 0.0000002 0.0000003 0.0000004 0.0000005 0.0000006 0.0000007 0.000000
0 -7.1918091 0.0000002 -2.4467333 0.0000004 11.9760245 0.0000006 -1.1120557 -1.225426
0 55.4859231 -10.7985462 12.5913313 -23.3200194 18.2443415 -23.0477706 -14.9478087 -14.207450
0 9.4176981 -4.6388332 12.0451343 -5.2756254 -15.1993375 -5.6068516 4.6036447 4.654171
0 3.3489671 5.6417822 25.0398373 -11.6974574 27.5387985 -11.6934346 -11.3040707 -26.874423
0 -4.8751371 -8.8300772 -12.3781693 -7.6082384 65.1960035 -8.0199466 -12.1997437 -11.284692
0 9.0709731 28.2821502 28.0885113 -15.1923654 -10.8065675 -14.9671976 -11.4363967 -13.039107
0 49.8649541 -25.4425422 -4.9335733 -20.6244304 23.2260045 -20.0911406 -7.1761087 5.176837
0 -20.3793361 -11.4007032 -14.8799643 -7.1297504 66.2445745 -6.5640346 -7.2212557 1.330468
0 -8.8355021 5.9680152 -9.7873833 -16.6659074 44.5602945 -16.2571716 -17.5393837 18.557039
0 0.7505871 -4.9307132 5.7520213 -8.9991104 18.3976165 -9.4378576 -8.3555357 6.822991
0 -4.2712371 -5.7988052 -0.5244663 -5.9008514 25.3941305 -5.8953406 -5.4172087 2.413778
average: 0.155531135531