0 4.0199411 -13.0235822 17.1347453 -11.0289734 32.4377675 -10.8524786 -9.7808807 -8.906541
0 11.3978291 -6.7961042 -15.7202203 -3.8717304 -9.0042305 -4.0085836 -3.0127477 31.015784
0 30.6643311 0.3459942 29.4901233 -23.4407354 28.7065105 -23.4896316 -28.0205517 -14.256043
0 -4.6140091 12.4342282 -1.2808363 -2.0526734 2.6916955 -1.9175956 -2.9430807 -2.317729
0 43.9598661 8.5690932 5.6290733 -15.0265614 -16.3575835 -15.2191006 -13.8347237 2.279936
0 42.8553291 -18.8121392 52.3544233 -16.3930924 7.9510385 -16.9295166 -20.7302267 -30.295813
0 4.1905001 -19.7119822 19.0546773 -12.1299274 30.0009855 -12.4854736 -6.1957797 -2.723002
0 2.0156941 -4.6410182 27.5625983 -8.4170014 16.9575455 -8.8186896 -11.2289897 -13.430137
0 5.8528521 -13.0300532 49.6156123 -7.9886504 -3.1424435 -8.1276906 -14.6820267 -8.497602
0 5.7180581 15.1498082 51.7470263 -18.6161604 20.4557575 -18.8746546 -21.5767137 -34.003122
0 9.3197821 -1.6765122 10.0629713 -6.4182604 12.2890845 -6.3165916 -8.8507607 -8.409714
0 50.2653041 -8.3374182 48.3362943 -23.5709004 -0.1153565 -24.2301116 -27.6422957 -14.705514
0 20.7442461 -7.0793442 24.2608103 -11.5521894 13.5926505 -11.1342286 -19.8533937 -8.978554
0 -13.6309401 19.5042652 32.5920003 -7.6015324 0.4360615 -7.5458796 -14.2644597 -9.489517
0 -1.1749181 -10.0257552 53.3616463 -14.0526454 -10.8292115 -14.0865516 2.6069797 -5.799544
0 13.7830021 -2.1144392 3.1260223 -6.8536954 16.7627005 -6.8702706 -8.7176227 -9.115698
0 -23.6211441 54.4937232 39.6320883 -16.8197744 -4.2602505 -17.0944796 -20.5527367 -11.777429
0 -23.4214741 17.7240142 17.5527193 -12.3688464 16.4750605 -12.7905606 -1.4780057 -1.692906
0 -11.9534431 -43.6753122 55.3071323 -11.9985674 26.2608205 -11.8182866 -19.0129157 16.890569
0 1.0294281 -1.1475542 40.6520293 -19.1921164 11.0585145 -19.1112826 0.3328367 -13.621855
0 14.3585601 10.5622442 45.6245203 -17.3814724 13.5659075 -18.1686366 -15.5441867 -33.016936
0 32.0774971 4.2316952 15.9968513 -9.3042344 -0.1059905 -9.6320676 -15.0775607 -18.186192
0 8.5285481 16.3230632 -12.4049213 -2.5265534 2.8534245 -2.8233336 -2.8048427 -7.145385
0 4.3175771 -3.3193322 -0.9982443 0.0000004 0.0000005 0.0000006 0.0000007 0.000000
0 -12.2821001 -19.5135202 27.3395953 -6.8623484 22.7828095 -7.4539156 -12.9598997 8.949377
0 -11.7721211 -48.6557142 65.4065153 -19.3364524 48.4475155 -19.7695866 -20.4369077 6.116750
0 0.4839821 12.7704702 -4.4719453 -8.6857334 27.8274345 -8.2986056 -7.3425317 -12.283073
0 2.3897951 -3.9232512 7.4157433 -0.6877054 -3.8258585 -0.6564826 -0.6530947 -0.059149
0 26.6540731 -14.9934192 2.3931143 -1.4876404 -19.0925925 -1.4031536 -3.5401467 11.469765
0 -0.0137371 -9.3671522 -26.7339953 -1.7733874 37.6883475 -2.2506036 -3.2102177 5.660745
0 -12.6203761 9.2486062 16.0916533 -3.0751294 2.1216385 -2.7424426 -3.1059177 -5.918034
0 7.0001011 -12.2109642 -8.1879583 -1.7721404 21.6475025 -1.8104006 -2.5130947 -2.153047
0 13.8270631 -8.3556202 7.6430443 -0.4058914 -9.3177755 -0.4013746 -0.5556487 -2.433800
0 -13.3658071 -0.9201012 2.0636703 -8.2351894 4.6569205 -7.8997926 0.4461387 23.254160
0 10.3206121 -1.3879602 36.8093483 -22.1629314 9.1950065 -21.6402996 -15.6812237 4.547446
0 14.6524701 40.4635842 6.5974523 -12.3077444 -18.7270495 -12.0751796 0.1327757 -18.736310
0 10.5866451 -43.7625932 -8.2402213 -13.4095644 71.6346825 -13.4480126 -13.1873037 9.826365
0 -1.9883321 -1.9963872 3.9682253 -3.4392484 17.9886945 -3.5086856 -6.8455607 -4.178705
0 2.2813141 8.2051212 8.1915433 -10.1351644 5.7912075 -10.2734116 10.8161487 -14.876760
0 26.9658231 -15.6446422 -8.3546533 -2.8003364 10.4824885 -2.7856466 -8.5375847 0.674549
0 1.1242691 -5.6053522 43.6320483 -11.1217544 -0.6609965 -10.8195426 -3.4900717 -13.058603
0 13.6343451 15.7893962 -6.8497513 -7.6262624 -8.4229715 -7.4588606 10.0222167 -9.088113
0 41.1789211 -38.2940802 -11.5524393 -12.6191844 36.9951715 -12.3743706 -9.3387067 6.004684
0 7.0988131 -44.6064702 71.8716663 -14.2656044 17.2906725 -14.0945986 -7.0833877 -16.211093
0 -15.9500441 21.1074012 17.0028543 -10.9404744 6.1706695 -10.9109606 -7.7951377 1.315692
0 -40.7661331 -13.4270282 64.5676133 -9.7899474 -0.9874035 -10.1457126 -9.3524437 19.901055
0 0.5285881 14.3074152 24.8226363 -9.5775954 8.4488055 -10.0095766 -13.1901917 -15.330083
0 33.8899101 -19.1823962 27.3420083 -13.5902534 4.6332105 -13.8598396 -15.5528657 -3.679774
0 45.3186671 -12.9704852 -46.6241023 -5.4572464 15.3955125 -5.7120116 -12.1818607 22.231524
0 41.9370451 59.8682612 27.1398903 -23.5043554 -0.8992875 -24.0745696 -25.8200157 -54.646966
0 29.0066011 -41.9581032 19.9562703 -11.8921834 32.4490995 -11.8810736 -11.4811087 -4.199504
0 -19.5953901 -10.2982342 69.1637303 -17.7876274 16.4007005 -17.9055566 -0.3561037 -19.621521
0 13.3849231 -10.6547652 36.5800803 -8.8751284 7.0494605 -9.1680126 -13.2004537 -15.116105
0 -1.9236151 -3.4346452 17.7863203 -4.5803734 1.9678685 -4.5616196 3.0102857 -8.264220
0 -0.1643001 6.8199952 31.4521083 -10.7943924 11.5152675 -11.0307146 -11.0488927 -16.749072
0 43.4070361 1.4185412 -22.3231643 -6.7348374 -1.0297905 -6.7025196 -12.6635347 4.628266
0 12.3987211 -4.1005272 40.2293293 -12.3692924 3.4610165 -12.1282776 -7.2030217 -20.287947
0 17.0619021 -6.6581892 -2.9498913 -8.5311674 34.3309905 -8.4413266 -13.9345387 -10.877781
0 7.3537381 -0.9446392 8.2364043 -10.7779924 24.8243605 -11.1314096 -5.9021627 -11.658300
0 24.4200471 11.8512852 -16.1521743 -2.5265534 -4.8190435 -2.8233336 -2.8048427 -7.145385
0 22.2565611 -28.1388012 33.9979883 -16.8059504 24.2758375 -16.9985706 -2.2363717 -16.350691
0 -11.0308401 4.1531242 35.2269673 -16.0195604 35.5684695 -15.5559786 -20.5605137 -11.781668
0 26.3450221 -37.0000552 19.4845413 -16.7722344 57.3966695 -16.5813226 -9.6682887 -23.204334
0 -25.2431281 11.3452952 16.7098323 -13.3853984 13.7977375 -13.4010926 2.1969697 7.979784
0 48.6247891 -6.1002552 -1.7082413 -17.0878714 21.8386135 -17.4120796 -14.0278507 -14.127106
0 -9.5706651 24.1853862 18.6729913 -10.0233494 -10.3796515 -9.8688436 -3.4473617 0.431491
0 22.7477441 0.1289472 42.3324913 -18.5779444 11.9727695 -18.4343726 -5.6140107 -34.555625
0 15.0657491 -6.5677602 -14.5531583 -0.1303564 -6.0172145 -0.0778676 -1.0210147 13.301620
0 84.0408611 -42.6558232 39.8955233 -19.4609274 -3.1278925 -19.5407606 -7.5465687 -31.604414
0 14.7327151 10.3674722 14.4417233 -5.2935954 -13.5780325 -5.3590006 -4.5409057 -10.770379
0 23.7227151 -24.4549872 77.5130133 -18.7111084 8.5712545 -18.6116866 -19.0796237 -28.949577
0 -7.3045661 -28.0167352 72.6604703 -15.1081884 23.2651165 -15.0833596 -9.0470567 -21.365681
0 13.0958951 -21.7382962 2.7806143 -3.2840344 19.1796645 -3.3315676 -8.6884537 1.986176
0 25.6528291 -10.5139832 -16.4366973 -5.6615634 9.6918685 -5.5806926 2.9549267 -0.106689
0 12.2704981 -12.3261952 21.1685633 -10.8137474 13.5930005 -11.0129386 -3.2422517 -9.636928
0 22.0243731 -34.3095562 37.4073313 -9.3494144 -6.2140535 -9.5380026 0.3706997 -0.391379
0 62.0935891 -6.0585772 -17.1827453 -19.2819574 43.2374155 -19.8609036 -15.8216307 -27.125191
0 43.2248661 -26.0625212 91.8538843 -21.0747694 -4.2387215 -21.7378676 -32.1540417 -29.810826
0 63.0835671 -16.0581612 35.6362463 -17.1700344 -15.4201175 -17.0181526 -6.8993027 -26.154049
0 11.2581491 14.4233902 39.1493833 -17.1548614 4.0568895 -17.1703086 -7.4566657 -27.105977
0 37.8635431 15.4093782 10.8544673 -19.7197014 1.6451005 -19.9968106 -11.5740487 -14.481929
0 27.8422641 -11.0757622 31.4376813 -11.3628524 9.9879685 -11.2030316 -17.5096737 -18.116597
0 -0.9728681 12.1483682 29.2138243 -14.8599744 3.8069875 -14.7935106 -8.5868117 -5.956016
0 5.0242281 21.0998912 8.6327333 -5.6016824 -4.6152165 -5.5657756 -5.9107597 -13.063418
0 -2.8104001 15.3069212 -9.1075493 -6.3730654 29.9997695 -6.4369806 -8.0298277 -12.548869
0 57.0107871 6.2908112 -41.1673053 -9.5890784 5.7441815 -9.4553076 -13.2193707 4.385280
0 12.5166501 5.4017392 12.2931823 -12.0996904 26.9827775 -12.4045796 -15.3177557 -17.372325
0 17.5154111 14.4534402 16.8403693 -6.7960654 -6.6888635 -7.2212216 -10.5029437 -17.600130
0 41.5261511 15.3823302 -46.7730613 -14.7656834 56.9544975 -14.4997826 -25.0374097 -12.787043
0 0.0000001 0.0000002 0.0000003 0.0000004 0.0000005 0.0000006 0.0000007 0.000000
0 -28.5607481 -15.1821002 42.4987383 -13.5254424 57.7942315 -13.2689956 -19.9540057 -9.801677
0 10.9222981 -14.1107402 15.0910603 -4.3655874 8.8616295 -4.3989966 -5.9076807 -6.091985
0 9.9053711 -38.7473232 6.0696493 -5.8721344 27.7651815 -5.9883746 -9.0837247 15.951354
0 21.7378331 15.0061582 53.3116773 -26.2743484 -12.6390305 -26.7614116 -10.1900807 -14.190800
0 5.6332951 -6.2851572 2.9061963 -6.3692044 24.1550815 -6.2990406 -11.9988047 -1.742368
0 11.4213061 -17.2412722 2.2222633 -4.7270954 17.5972085 -4.7571376 -8.7568117 4.241536
0 9.7888231 10.3810352 48.0664203 -19.7559954 14.8916075 -19.6282016 -12.1780267 -31.565661
0 24.5529581 -6.1279092 -6.7617343 -0.9033224 -7.4146305 -0.9218406 -1.2667767 -1.156747
0 20.9931881 1.7755062 11.1225643 -9.3832284 14.7605125 -9.4583046 -11.5671897 -18.243048
0 16.4766991 32.1553962 56.0762073 -26.3843434 8.2493745 -26.7382766 -17.7977647 -42.037295
0 32.5043321 -3.5127232 -1.7752703 -10.4049554 10.1853975 -10.8843186 -4.6049377 -11.507526
0 40.8681031 -12.6070042 53.0863863 -24.0153914 28.0082365 -23.4346026 -26.8934817 -35.012246
0 49.5657161 -24.9089702 -2.9554703 -14.3655044 10.7444215 -14.4664466 -8.2214687 4.607721
0 0.0000001 0.0000002 0.0000003 0.0000004 0.0000005 0.0000006 0.0000007 0.000000
0 8.1519121 -10.5601432 14.2895233 0.0000004 -9.8360375 0.0000006 -1.4218907 -0.623365
0 7.9677841 -8.5560802 11.9290533 -9.1791814 25.1184075 -9.1565556 -10.8501707 -7.273259
0 0.4041051 -4.2125012 -4.3494093 -4.7481674 29.5611965 -4.9025726 -11.5936427 -0.159011
0 38.6468391 -34.2537502 33.8007483 -16.2463664 40.3987285 -16.4194566 -24.3443267 -21.582418
0 6.8289751 -35.1970372 65.6432543 -10.8035404 11.1538275 -10.7233196 -21.7267337 -5.175427
0 -16.3574621 17.5976612 12.1512403 -5.1278024 4.0961775 -4.6600376 2.4767667 -10.176544
0 25.5471321 9.4818372 8.8792793 -10.6755764 -21.9050525 -10.3655406 13.5053937 -14.467474
0 46.5932841 -9.9137852 -5.6730363 -13.0517074 18.6434765 -12.9836896 -17.9350587 -5.679486
0 32.7876561 -31.0045442 -12.0717313 -9.0606414 16.3368255 -8.8320806 -0.2020257 12.046539
0 28.2523371 15.3372672 -4.5048973 -20.9858304 44.6457845 -21.8960346 -8.9458047 -31.902821
0 28.9877191 4.6519742 0.0676633 -5.6181774 -5.8436195 -5.7576596 -5.2581587 -11.229744
0 57.8031461 -27.2986002 19.3720643 -15.7205224 15.8577695 -15.9354776 -18.0086647 -16.069717
0 0.0000001 0.0000002 0.0000003 0.0000004 0.0000005 0.0000006 0.0000007 0.000000
0 40.2476231 12.1695822 31.7185403 -20.5473494 16.5702005 -21.0115816 -22.4681967 -36.678817
0 -20.2012851 -19.0227552 54.1487343 -23.8904984 47.1820975 -23.6540756 16.4326987 -30.994920
0 46.4660601 -28.7482112 19.5372393 -22.8948864 51.8785105 -23.2167766 -23.2958597 -19.726079
0 4.3058731 2.2683232 27.4299293 -21.7911014 7.3426205 -22.1068986 -16.6297497 19.181002
0 41.6695531 -14.3790462 50.9350613 -15.0760654 -2.3780095 -15.0052786 -20.0652837 -25.700933
0 -23.2854461 -3.6224212 49.7750293 -14.1165324 8.5299625 -14.3561016 -13.4237147 10.499223
0 -5.7465131 -5.7964452 31.1377653 -7.0714614 9.0991065 -6.7975946 -0.9315947 -13.893263
0 -10.4675051 7.2960412 56.5336213 -17.1140224 18.3492415 -17.3191656 -6.8839067 -30.394304
0 28.3845381 -11.1140692 -8.5112503 -8.3981554 12.6091405 -8.4297736 -9.7342937 5.193861
0 -29.7108571 3.6863112 35.7600853 -10.8866294 18.8398035 -10.6429836 6.5623447 -13.608076
0 11.0953841 -8.7154042 14.3309503 -5.1944284 1.0386335 -5.1602436 1.6568237 -9.051714
0 18.8047611 -32.0458492 1.5762483 -22.6568004 69.6751345 -23.0154436 -28.4229047 16.084852
0 -0.2411511 -18.7293772 30.0874783 -3.7975234 7.6959765 -3.9290746 -4.1723037 -6.914024
0 14.4868981 -12.5363342 53.9761423 -12.0712124 -6.8191905 -12.0825146 -3.5934717 -21.360319
0 8.2182601 -16.6153122 22.8781363 -3.6641914 6.1201105 -3.7143486 -5.4863967 -7.736257
0 3.9946291 11.5334422 1.9384983 -9.3722104 -6.2741845 -9.6794816 -10.8313277 18.690637
0 46.5717991 8.0188722 91.7980463 -32.2822554 -21.4189605 -33.0726976 -35.4366037 -24.178201
0 19.2308841 11.8228002 -15.8156483 -2.7118534 -14.0942015 -2.6963466 -6.0961627 10.360526
0 23.7810771 40.5959242 -23.7478843 -8.4405674 -16.2928685 -8.6562296 -8.4942587 1.254805
0 7.7352701 -40.1084692 64.9391323 -9.4647024 13.1827405 -9.6920636 -14.1368007 -12.455108
0 35.1511831 17.1244442 5.1035843 -16.7281334 27.1958775 -16.7571146 -22.1174997 -28.972346
0 3.4034511 -7.9556372 21.9468813 -10.2933094 36.0819225 -10.3980466 -17.6442267 -15.141038
0 0.7724731 -20.2318482 45.2732663 -1.8460324 -15.8922145 -1.7858096 -2.4223857 -3.867450
0 42.8387321 5.3907432 -20.4821203 -14.6819554 2.7122395 -15.0798436 -14.1087747 13.410978
0 8.3631331 -1.4394532 42.1610853 -13.9861914 11.4025285 -13.7274776 -13.6114207 -19.162206
0 2.5111461 7.3452382 24.6157173 -9.2952284 3.5388795 -9.3974386 -0.9810977 -18.337217
0 3.6269421 27.5027972 104.7239233 -29.6251654 -11.7058895 -29.7291926 -28.4349417 -36.358473
0 48.4221911 -60.4839702 27.7715243 -19.7261664 25.7128295 -19.4905936 -20.3519797 18.146162
0 13.0750951 -4.5238942 -4.9789723 -0.4189984 -0.5718785 -0.6233656 -0.4416477 -1.516341
0 -8.9763831 10.1283322 27.4196853 -9.0204544 -12.0218215 -9.0001026 -0.2855737 1.756317
0 30.5310991 -17.4416632 -8.0425223 -2.2104934 -5.0367965 -2.2439646 -6.3357277 10.780066
0 1.5571431 15.3089012 95.6702703 -22.6819094 -19.1086225 -21.9466576 -18.1359347 -30.663190
0 -1.0637611 -13.7552072 13.5032443 -4.3729454 13.9546785 -4.5367986 -5.2635397 1.534330
0 9.5498271 0.5739132 66.1994183 -14.9576874 -24.1210895 -14.9960666 -8.1189777 -14.129342
0 81.4799981 38.2136302 -22.1594753 -22.1115104 7.7710085 -23.0076896 -28.5394087 -31.646552
0 32.9559321 -6.6617802 1.2498123 -6.9253484 -3.9187935 -7.0797836 -10.3271097 0.707068
0 1.8061901 4.2543332 15.0685983 -13.9091944 32.7303335 -13.6383836 -16.8479387 -9.463939
0 9.1740331 21.6594022 -30.0789303 -3.5255634 22.1314375 -3.7282306 -6.8288817 -8.803268
0 25.1663811 -12.4543902 22.5535903 -12.6529134 14.7660715 -12.7868626 -8.9691817 -15.622697
0 -2.8306321 7.2519522 -1.6164013 -0.5840414 -0.5508055 -0.5064676 -0.2512507 -0.912355
0 -8.2230221 -12.5354372 31.5952243 -1.4149774 -5.0212765 -1.3252866 -1.8667377 -1.208490
0 -4.7266931 -10.8181922 20.3084203 -2.4402394 6.4997415 -2.6037886 -3.0750617 -3.144187
0 -4.8126011 -28.9049512 34.9267083 -10.3465394 25.4741325 -10.4760876 6.4146617 -12.275324
0 21.4230081 -26.4271902 7.0675253 -8.0610134 33.8232045 -8.0156136 -11.4343767 -8.375546
0 -15.1690551 -22.4368082 21.3038973 -9.9745944 47.5157715 -9.9404376 -1.7828587 -9.515917
0 6.6908871 -0.5669792 23.7816483 -10.4688984 13.5569005 -10.4212346 -8.8672117 -13.705113
0 17.4823061 28.6243942 57.4823433 -18.4940054 -30.2832985 -18.3451146 -23.9124967 -12.554128
0 28.7924601 -23.6040052 0.5669553 -3.5677774 -0.1364265 -3.5692506 -7.4329697 8.951011
0 10.6900851 -7.2218872 -17.5108913 -0.1303564 1.9703115 -0.0778676 -1.0210147 13.301620
0 17.1644661 23.1056222 -16.3448783 -2.6569104 -5.1403245 -2.8760366 -4.0074357 -9.244505
0 20.3258881 -3.7625402 7.3425663 -6.8803884 -23.5298365 -7.0115526 5.8821267 7.633735
0 15.5485111 21.6258342 -4.1580393 -7.9542784 8.8853295 -8.3747826 -7.4493177 -18.123256
0 3.4335961 18.6835372 28.9638383 -25.1562024 36.1253285 -25.0093106 -26.2730397 -10.767748
0 30.8939761 -11.5471472 -5.1638183 -1.3448014 -21.1876005 -1.3315296 12.6773497 -2.996429
0 36.0916871 12.2764582 -1.7465503 -11.4820284 -23.8221165 -11.4831686 -0.0769357 0.242650
0 17.6098351 1.1675122 -8.8911363 0.0000004 -9.8862105 0.0000006 0.0000007 0.000000
0 -4.7634091 -13.3298662 20.3012203 -2.1134434 5.8214195 -2.0877436 -1.9592817 -1.868897
0 0.7484021 -5.4462682 -12.4405513 -1.3554244 22.6396375 -1.3776726 -2.3703177 -0.397806
0 7.3574061 36.0350182 -4.0917603 -7.9666874 -18.9881965 -7.7504906 -10.0543877 5.459095
0 0.9307111 -5.6004872 30.4859453 -12.6211564 20.5250025 -12.6829526 -2.7508297 -18.286234
0 39.5199201 13.7305282 -3.1516373 -9.3732474 -0.4093075 -9.7008476 -9.8649657 -20.750443
0 21.8892351 -16.9708562 -8.9296963 -2.2104934 -3.9948485 -2.2691296 2.6236207 9.862166
0 -1.9584511 -6.4713472 46.7245473 -11.5803984 5.2090835 -11.7924056 -2.3587917 -17.772237
0 -5.2717891 3.4401732 25.7586713 -9.3257144 6.4427005 -9.3403436 -1.2008787 -10.502820
0 30.9851911 -7.2152272 78.3566923 -16.9245474 -25.0352765 -17.0177736 -8.6036057 -34.545453
0 2.2679571 -7.0555762 38.5303013 -12.6463204 12.9079625 -12.7421016 -2.7508297 -18.511395
0 7.0015791 12.3308722 -4.0480103 -5.1940784 9.2643735 -4.9958806 -8.5150107 -5.843846
0 28.5687361 44.6122932 -2.8975773 -12.7267544 -3.6142025 -13.1951896 -18.8099927 -21.937317
0 37.5216481 -21.4107992 7.7223583 -7.6884054 1.9241135 -7.6223936 -11.7906937 1.344171
0 48.9435721 -18.6599112 91.7873783 -29.3882074 17.6153065 -29.6960566 -25.8742217 -54.727861
0 -8.7408611 14.5714902 64.8519443 -18.4255494 -6.8315795 -19.0223256 -21.7510077 -4.652110
0 31.0234091 -33.2896562 32.9538793 -9.2098754 14.9383885 -9.3012786 -12.9901167 -14.124751
0 3.0551141 -13.5955012 34.7299153 -4.9771154 3.5669165 -4.8034466 -8.0148517 -9.961032
0 46.6374941 -11.6392912 16.9795703 -11.5057214 -11.9114205 -11.6414026 -8.7387147 -8.180517
0 6.9765341 -6.1157532 24.5059703 -11.6210764 23.1335665 -11.6307966 -10.1499947 -15.098452
0 5.6399031 4.8748862 17.3654083 -7.0389374 -0.4564795 -6.8805896 -0.4884437 -13.015749
0 12.4707521 10.7225762 14.3337713 -15.1477094 24.1141865 -15.5062856 -5.5556717 -25.431619
0 11.1160601 -9.1189032 17.7225293 -5.6674774 8.3735415 -5.7889406 -7.1846727 -9.452136
0 -2.8422381 -21.7771432 -5.2784333 -5.9392364 16.8485775 -5.9523116 11.1293017 13.811481
0 -3.5040501 -16.3803702 23.6565483 -7.9063014 18.9539915 -7.8471346 1.2405537 -8.213237
0 -8.0950221 -0.5171812 32.3814543 -4.9821754 2.1157425 -4.4719506 -6.4195137 -10.011356
0 -7.2785981 9.3418932 42.3237713 -11.7863164 6.2113225 -11.6334126 -3.8357647 -23.342896
0 24.5202731 -4.6976252 -6.8962633 -1.7259474 -5.9487625 -1.6403216 -2.5130947 -1.098261
0 37.5696311 -11.1108582 -2.4962113 -10.0794524 19.4768045 -10.1397106 -5.3973387 -17.822865
0 5.8917301 -10.1345182 39.4307513 -8.1522764 5.4082815 -8.3272016 -9.6931607 -14.423606
0 -13.8684771 11.7082552 22.1435983 -8.4417144 -5.7823905 -8.4769206 0.2639507 2.453698
0 64.3890181 5.6532562 -7.5896893 -19.9496934 3.8026745 -19.5110846 -16.9606697 -9.833814
0 -18.0127651 -10.5387822 49.3032783 -3.9060654 -2.3488335 -3.5612616 -4.7214047 -6.214168
0 0.0000001 0.0000002 0.0000003 0.0000004 0.0000005 0.0000006 0.0000007 0.000000
0 5.8326011 -3.9226442 18.2542273 -11.2541394 5.1429665 -11.1541536 -2.5398317 -0.359028
0 -3.5040501 -16.3803702 23.6565483 -7.9063014 18.9539915 -7.8471346 1.2405537 -8.213237
0 -0.7660021 -20.9063222 64.7918773 -14.6475374 28.0339045 -14.7844156 -19.2644527 -22.457051
0 -4.7246471 4.4924352 28.6227043 -9.3257144 10.5050265 -9.3403436 -9.7266417 -10.502820
0 4.6852801 15.8335812 34.2899443 -12.6477954 -9.3587295 -13.3070096 -10.7735867 -8.721685
0 1.7305691 -19.6434932 -3.0655363 -2.6699804 31.8196085 -2.7329436 -7.5885317 2.150304
0 8.8013021 44.8253132 56.0337233 -26.1965354 -7.3307955 -26.8182126 -21.3317327 -27.983065
0 10.3733041 2.6584202 35.0592003 -13.9456164 -22.5779955 -14.6148386 -2.3827167 5.430243
0 9.9141991 8.8811272 26.6189153 -9.0916104 -6.7141905 -8.7981846 -4.8534147 -15.956843
0 18.7412021 46.9030422 55.9274593 -27.9605524 22.0351535 -28.8045566 -31.7449547 -55.096791
0 -0.2481721 -23.7638892 5.7918063 -7.9860834 29.7929655 -7.9710566 9.8749777 -5.490551
0 -3.2679941 9.3177712 -10.2430503 -9.0058934 24.6036385 -9.0043116 -1.1528737 -1.247289
0 -2.8816931 12.4914862 -11.0790843 -1.6787384 2.4129285 -1.6663676 5.8638437 -3.462374
0 66.8590791 -28.4214102 -11.7159963 -14.5332674 -0.8426095 -14.3286946 -14.7808487 17.763743
0 29.6200111 -16.3778732 20.2389913 -8.9459614 1.6790475 -8.9606156 -2.8973957 -14.356205
0 15.0975081 -8.0893362 -12.4870833 -1.2536244 12.3685025 -1.4492826 -1.9967477 -2.189938
0 30.7325981 52.8593502 -9.6732283 -12.2590504 -7.1160325 -12.7184606 -12.4557337 -29.369445
0 18.8721591 -18.8248282 76.4499613 -19.4401354 5.0976795 -19.7723066 -34.5502387 -7.832293
0 3.8201001 7.1712462 3.5584483 -2.0812094 0.0739475 -2.3854036 -6.5115617 -3.645569
0 0.0000001 0.0000002 0.0000003 0.0000004 0.0000005 0.0000006 0.0000007 0.000000
0 -7.2325971 10.6493202 -3.6514193 -2.4881084 11.9046365 -2.4712746 -3.0634827 -3.647078
0 32.2533961 -16.3778732 20.2389913 -8.9459614 -0.9543395 -8.9606156 -2.8973957 -14.356205
0 18.4190971 -16.4873652 20.8985293 -9.8392734 18.0424745 -9.6662346 -9.0260287 -12.341201
0 15.9748021 27.1029462 -9.3227773 -7.2414094 5.1601955 -7.6591526 -6.7962247 -17.218382
0 0.0000001 0.0000002 0.0000003 0.0000004 0.0000005 0.0000006 0.0000007 0.000000
0 -2.5518961 -3.9835482 3.1265013 -0.9506584 8.3065175 -0.9142736 -2.0892707 -0.943372
0 15.6683861 -2.8581552 21.8488463 -14.2988414 35.2542585 -14.4948036 -20.3878597 -20.731833
0 -3.8666641 8.8153872 5.3225163 -2.0526734 -1.0401615 -1.9175956 -2.9430807 -2.317729
0 23.6471131 35.6831862 12.9737793 -14.2494994 7.0638305 -15.0627386 -26.8413007 -23.214374
0 -24.1958831 -2.5691402 24.0276993 -3.5407134 4.6991935 -3.4481386 7.1482337 -2.121252
0 67.4762651 -51.4767602 -6.6302913 -8.1089114 -8.5754065 -8.2346976 9.3288467 6.220954
0 -4.8651831 -13.4684142 42.0316743 -12.5355194 30.8597095 -12.6315706 -14.3440287 -15.046673
0 6.1626101 -18.6670852 -12.0838323 -7.6754554 26.8986365 -7.6683396 1.5276787 11.505787
0 13.3271111 -12.7301012 4.2123383 -2.8449244 -6.2845615 -2.7284396 -3.2154987 10.264075
0 7.4967241 -25.7344472 26.3795533 -5.2830524 12.5354735 -5.1633206 -10.0962627 -0.134669
0 12.2351171 0.6841922 -16.1695593 -0.7143974 -6.5680195 -0.5843346 -1.2722647 12.389264
0 -8.8716441 -2.7766862 44.7694673 -12.3329624 3.9150165 -12.4541906 -8.4949857 -3.754017
0 34.4908591 -1.8009772 0.4777123 -17.9043164 27.5776735 -17.5242106 -20.0826417 -5.234103
0 30.7119591 -10.1897122 -13.4061763 -2.7945344 -4.8518415 -2.7504316 -6.5869767 9.867710
0 20.1943541 3.8661532 -24.5512713 -2.7895074 10.9831645 -3.0811246 4.0312057 -8.652974
0 0.2026511 -3.4346452 29.4566943 -5.7226404 -7.0037845 -5.7136286 0.8477117 -8.632358
0 35.9389891 -22.6534602 37.2675153 -26.4724084 47.7160465 -26.7788276 -24.7102997 -20.307555
0 -3.7045191 7.0724742 -3.3701543 -2.0812094 15.2465055 -2.3854036 -6.5115617 -4.266134
0 -7.4619441 10.0242892 59.7369343 -12.0495964 -7.2107805 -11.8618156 -6.1763107 -25.000778
0 1.7985331 13.2559562 14.5762703 -10.5122184 12.9803285 -10.8194956 -0.9409107 -20.338462
0 -0.4706361 -12.3945802 37.6716103 -3.2224034 -8.6090845 -3.3181056 -6.7671107 -2.889692
0 -2.0505801 31.4350052 -0.8361613 -8.8252464 10.9818025 -8.7722346 -7.8023087 -14.130278
0 -31.1123741 -10.3768992 78.6042233 -20.3463564 42.2879225 -19.9821806 -4.9311297 -34.143209
0 -24.7686931 0.4390412 17.9508543 -5.3493814 -1.0853515 -5.4458436 7.3449787 10.914395
0 26.9401931 -8.4438892 -16.5024333 -0.8432264 -11.0797865 -0.7934986 -1.6741077 12.396745
0 -4.5371131 -4.0233092 4.9551483 -4.7226534 22.8005945 -4.6505386 -10.2780717 0.455940
0 -3.9279081 -29.1909802 -4.0871223 -10.7310854 73.5232985 -10.8533666 -3.8284967 -10.904340
0 2.7251491 16.8353592 -0.4843563 -5.0176414 8.8113695 -5.0593086 -5.6595097 -12.151063
0 32.0659181 1.2048652 -23.0383923 -9.2802624 26.0575485 -9.7757896 -1.5997207 -15.634169
0 36.3657421 -14.9242052 26.8176493 -14.6258694 13.7653365 -14.8729596 -12.8067207 -19.718974
0 5.5457681 1.6610822 17.3392473 -9.6733424 -0.6235495 -9.5098706 -0.6374627 -4.101877
0 20.4467281 -3.1813942 13.7200213 -14.8956994 -7.5572925 -14.7335696 16.0578987 -9.856694
0 -6.0695321 -13.8377412 41.7280903 -7.8027774 0.2466575 -7.8797256 4.7689397 -11.153912
0 -11.9448611 15.1429002 4.3572783 -3.8613414 -7.7502585 -3.9153006 -2.7463367 10.717918
0 46.4509011 8.6355252 -19.0672243 -9.2364824 -10.0730655 -9.1656656 -10.6996027 3.155611
0 -8.7901121 6.1987832 10.8849013 -3.9065464 13.2591615 -3.6739396 -4.5979337 -9.374316
0 18.2511601 16.7811982 -13.1870213 -10.9124784 6.9593175 -11.1851576 -0.6690057 -6.038014
0 11.5400411 16.3230632 -16.1521743 -2.5265534 3.5891845 -2.8233336 -2.8048427 -7.145385
0 30.5284391 -31.5673582 -13.1700813 -5.6890984 41.1652645 -5.7067616 -11.2995007 -4.260907
0 10.9735041 -10.0919742 71.2198133 -23.8846334 35.8695095 -23.5486756 -21.9955727 -38.541975
0 6.2592781 5.7526812 19.2866283 -7.4578804 9.7929935 -7.6630966 -8.7345707 -17.236032
0 -5.7331491 -27.9644472 103.5326253 -12.9208594 -15.5018875 -12.3925966 -6.7713047 -22.248383
0 -3.3455951 -6.9668922 14.3576043 -1.4005744 0.9977815 -1.3721136 -1.3061877 -0.964023
0 -2.0985851 -9.8624552 85.3711673 -15.5038514 -11.5265945 -15.4186456 -17.1056707 -13.855368
0 -1.9711321 -11.6698182 21.2397633 -9.6384864 29.3268935 -9.7054526 -8.3494507 -9.232319
0 22.3125111 -11.6006292 36.0990863 -13.9237694 14.8054065 -14.0542246 -8.3249537 -25.313426
0 3.7083501 8.7326012 10.8066263 -14.5898644 32.9848865 -14.7031326 -11.6786427 -15.260828
0 -8.2230221 -12.5354372 31.5952243 -1.4149774 -5.0212765 -1.3252866 -1.8667377 -1.208490
0 36.4763821 2.4279092 40.6207943 -12.4991854 -19.9744025 -12.3490436 -10.4546867 -24.247770
0 -17.6170111 34.9425182 -12.2492143 -8.1936034 -23.7201825 -8.9295896 -4.9633927 40.730473
0 28.3495121 -14.6124852 2.3883403 -6.0176504 4.7759395 -6.2696886 -14.6502057 6.036235
0 4.6263611 19.7968532 19.8896323 -19.1280424 29.7469585 -19.2520716 -13.9680517 -21.711643
0 22.7543661 8.5127502 15.7245813 -9.2952284 -8.9807175 -9.3974386 -0.9810977 -18.337217
0 3.0446721 -22.9188412 21.9206983 -8.6420304 24.9436565 -8.5236286 -1.6112917 -8.213237
0 3.3773931 26.4323852 19.6922703 -18.1734914 47.3824495 -18.6406716 -24.3629217 -35.707417
0 31.0426621 -54.4101912 39.2625893 -15.6229504 50.3918765 -15.3883626 -18.6666537 -16.608972
0 29.5284781 11.2425872 -1.6374193 -11.3584664 6.6700825 -11.4367276 -6.2960267 -16.712508
0 -1.2683431 30.5117272 1.0365903 -12.1698994 17.6487305 -12.2582466 -14.6026517 -8.897909
0 11.9414961 -30.3747692 25.8508223 -13.1805114 38.9562515 -13.1312996 -5.5197277 -14.542265
0 8.7230701 -40.6350822 68.5642133 -12.5929314 11.2895325 -12.6519446 -10.7845297 -11.912330
0 14.2120761 45.9507532 -30.0477733 -14.5374754 10.7047785 -15.6874586 -10.2857257 -0.309175
0 69.9333301 -60.3088542 48.2136693 -19.8381624 2.9319875 -19.9097776 -6.2281997 -14.793996
0 13.4724691 15.0107812 -3.3269823 -6.1033114 -2.4580595 -6.0222386 -2.9595317 -7.613129
0 3.5758271 2.1166252 -2.9927453 0.0000004 -2.6997085 0.0000006 0.0000007 0.000000
0 1.5952061 -24.9683872 18.3716143 -6.1038634 25.4459395 -6.2695426 -6.8912127 -1.179755
0 15.5301451 2.0644792 21.1603473 -9.9092834 2.6096445 -9.9960626 -2.3345597 -19.124711
0 12.4114901 12.5953362 15.6989433 -11.8391884 -24.2782955 -11.7260446 9.9982187 -2.860460
0 8.6497541 -12.2367982 12.9760173 -8.2390274 13.3602545 -8.1349506 -1.6912877 -4.683964
0 47.6614651 -14.5100872 23.9442843 -19.2380204 2.8858685 -19.7905846 -7.7956937 -13.157234
0 -5.1862241 -6.2844942 77.6897023 -21.0087544 -8.4080815 -21.2925166 -12.7412817 -2.768350
0 72.5806181 27.8491282 -60.5180773 -13.1203744 15.1680395 -13.8548876 -20.3667047 -7.737743
0 15.0657491 -6.5677602 -14.5531583 -0.1303564 -6.0172145 -0.0778676 -1.0210147 13.301620
0 53.4512671 -18.5370262 -18.9112653 -7.2574914 -8.9501195 -7.1711216 -1.5526697 8.928423
0 16.1738771 1.4210062 26.9333663 -10.9041794 -23.6555365 -10.9139266 4.4944227 -3.549030
0 33.4347071 -25.9366652 36.2725563 -13.6922444 13.0720675 -13.8710646 -26.1711537 -3.108206
0 66.1936611 -3.2721372 22.9804053 -22.2422484 21.2185915 -22.2553376 -23.5541577 -39.068778
0 65.8983731 -26.3401342 -24.1479483 -17.0811844 2.6059735 -17.1330896 -6.1662157 22.364220
0 -7.2077691 -5.9087432 -4.4374833 -3.4854414 36.7972525 -3.6787646 -6.8455607 -5.233491
0 30.9893671 -8.0908292 -23.1779513 -0.1303564 -11.0827925 -0.0778676 -1.7311917 13.301620
0 54.4277841 -31.1512992 -14.0144213 -9.1613024 -4.0417565 -8.9474796 7.3625427 5.525927
0 28.8079721 20.9129072 -14.7647343 -13.4126864 11.4726015 -14.1939256 -7.6222137 -11.199925
0 7.4213791 34.5146162 22.2835963 -16.6246704 -21.2768865 -16.5253096 -17.8421607 8.049433
0 10.0112091 -6.7318282 6.8059123 -1.3017594 -5.3854085 -1.2551066 -1.2963797 -0.846642
0 6.8357791 3.9750862 4.1312293 -4.7148554 9.5498635 -4.8358186 -4.2449227 -10.696362
0 -28.7954751 20.8576322 33.4473903 -11.5274164 16.8328275 -11.8121186 -1.5863377 -17.416502
0 1.0196271 -21.2575462 4.4551253 -7.8360744 36.7926635 -8.2609176 -17.1131807 12.200299
0 42.8288741 -8.2689172 17.1391773 -18.0389374 18.2137905 -17.9161896 -17.8677127 -16.090085
0 1.7235121 -19.5926732 16.4207073 -7.2503534 25.8086245 -7.2945626 -4.3247067 -5.490551
0 53.1803941 -35.8305362 -1.5214903 -8.4732174 17.2484195 -8.6387066 -11.1953187 -4.769549
0 1.5175831 -3.0851362 40.4067413 -8.9657574 -11.9951765 -9.1916536 -12.8264247 4.139822
0 22.7261731 1.1675122 -11.4885323 0.0000004 -12.4051545 0.0000006 0.0000007 0.000000
0 46.8713581 24.0106222 2.4136683 -21.3365344 10.6196185 -21.4429316 -22.5454607 -18.590340
0 -18.4930741 -4.4397822 47.6567463 -11.7241604 11.3085125 -11.6364736 -0.4158347 -12.255935
0 28.2010581 30.2595242 -10.1177993 -9.8257394 11.5590175 -10.0498026 -14.2620547 -25.764206
0 -2.8010151 -5.5013372 12.8854853 -5.3161034 14.0768625 -5.2381136 0.1584417 -8.264220
0 50.7977531 -27.5017502 82.1873653 -18.3229164 -50.8957835 -18.4385916 10.6569927 -28.483070
0 69.7937551 -23.4913552 14.0719753 -10.6781234 -30.4526345 -10.6688676 10.8158307 -19.390580
0 73.3556281 31.1843742 22.7286853 -36.5134944 45.8733625 -37.4377386 -35.5304457 -63.660374
0 7.8778821 4.8298862 2.4618943 -2.0812094 -0.5459215 -2.3854036 -6.5115617 -3.645569
0 15.3156181 0.3039772 -3.3931133 -2.2115664 -9.6751235 -2.4632706 -7.5325757 9.656050
0 18.0698401 4.6175692 32.7489013 -24.0549494 17.1134545 -24.0325556 -5.4603007 -19.001961
0 17.9588091 20.3007602 30.0565253 -10.1378314 -17.8775565 -10.6384436 -11.8562517 -17.806010
0 30.8403541 24.0920252 -3.5468693 -16.8553444 11.4562375 -17.1166116 -1.6466007 -27.223195
0 34.7954631 -5.2006142 5.0725253 -18.5610984 13.9618945 -19.4212846 -21.7222537 11.075370
0 25.8962251 -36.8503902 60.6100033 -34.3162144 56.1911915 -34.5117616 -4.8510217 -32.168033
0 80.0935051 -69.2020542 -24.7202913 -20.7557784 48.1259825 -20.7198786 -27.8653527 35.043863
0 5.0010821 -29.7729722 16.8688063 -12.9054904 46.1990465 -13.1021676 -8.0668207 -4.221485
0 3.1386221 9.3247942 14.8737543 -4.7400204 -3.4126445 -4.8949676 -3.9913827 -10.298158
0 12.2908541 11.3282342 -5.5725673 -3.8838374 2.8624615 -4.1486196 -3.9020847 -8.974440
0 16.9084051 21.2348302 13.3185573 -11.8217824 1.8493035 -12.2207716 -3.7859397 -25.482602
0 32.7047441 5.5073012 11.6478963 -14.6739714 25.9826855 -14.8806336 -19.0567507 -27.231271
0 2.1532541 35.5165362 -24.2536603 -6.9257054 22.5762055 -6.5794256 -11.9555747 -10.531632
0 39.6883051 25.8066362 4.4872233 -15.1779244 10.7956445 -15.9504456 -19.4236517 -30.225785
0 64.8589111 -76.4958052 23.8780653 -12.5691074 25.3566375 -12.5995046 -22.0857157 9.656517
0 21.4133421 4.2146822 -5.9658503 -6.1698194 13.6819425 -6.2688706 -6.7376597 -14.167766
0 52.0135001 -19.1293982 12.8589133 -20.5368774 13.7823855 -20.6077316 -26.1957907 7.814997
0 6.6951521 39.5817292 -19.0398853 -18.0339834 60.9907965 -18.8696906 -36.6105217 -14.713601
0 18.3956641 -24.8816082 11.4243203 -12.6149504 46.8949675 -12.5984546 -14.0028857 -12.617054
0 41.9372011 -44.7425612 58.4338053 -18.3361334 25.8649155 -18.2369416 -19.0321897 -25.888101
0 38.7042821 0.8956792 27.4937583 -7.5293864 -21.1814535 -8.3913456 -12.9471127 -17.044423
0 -2.1034281 0.1586942 45.4892863 -6.0064644 -12.1952535 -6.0746316 -5.6521727 -13.616035
0 27.4423581 21.8815652 8.2053323 -10.4613964 -33.7097625 -10.9552696 -13.7410367 11.338208
0 4.6817811 -4.2101902 21.5267113 -4.5387004 -5.6657805 -4.4850666 -0.0356747 -7.273083
0 -4.2208631 11.3854212 35.2050423 -11.3796284 -12.3834995 -11.2628256 -9.2399477 1.896300
0 34.9969071 -36.0988902 -9.8367293 -8.7820834 19.2866315 -8.6530296 -0.2284767 9.315668
0 6.4933711 -4.8234032 6.3698783 -0.4189984 -5.0394945 -0.6233656 -0.4416477 -1.516341
0 -0.6217951 9.4823272 -0.6845383 -8.6887114 9.6010155 -8.5853136 0.4677107 -0.970695
0 -5.0766651 -0.9008632 67.1627313 -10.9600734 -6.4852325 -10.9969236 -11.3884897 -21.354484
0 -9.3407021 1.6160362 19.0275843 -4.4929124 9.1914355 -4.5213836 -6.0181417 -5.461916
0 -5.0456191 21.4595132 21.1945143 -6.7926934 -4.4528055 -6.8125626 -6.9344627 -12.615887
0 26.6711651 -11.9382472 -23.1354573 -2.0630634 -2.2941675 -2.0108776 -3.2094927 17.980137
0 56.1130641 29.3608042 9.2654883 -18.4982624 -10.9020465 -19.1498686 -7.1079547 -39.081224
0 25.1630371 45.1153662 -9.6694193 -9.8217024 -10.2524935 -9.6765796 -12.3311877 -18.527023
0 13.8483881 -41.0816812 43.5622743 -14.9502534 34.3421855 -14.7230316 -16.1830517 -4.814834
0 45.0858681 -7.8205992 4.3938333 -5.6182254 -5.7503765 -5.7697996 -10.1149667 -14.405736
0 22.2598611 3.7836432 -48.6840063 -4.4775314 25.6772645 -4.3537386 -8.7232567 14.517763
0 -9.8895691 14.4166512 19.7536283 -12.4470814 17.5926185 -12.2360036 -4.2589297 -12.931314
0 16.7834101 34.2741922 -2.0170763 -9.3226184 4.4983825 -10.0445546 -13.3077857 -20.863951
0 8.0805341 -3.7838752 5.1723143 -4.2631664 -0.9379555 -4.1615596 -8.5686307 8.462337
0 19.8081351 -6.8030032 42.4071783 -19.6197084 33.4791425 -19.4173566 -15.2008517 -34.653536
0 -7.0491681 63.9097612 -35.9247123 -13.9497164 44.1784765 -14.4081546 -10.8492517 -25.907237
0 8.1727051 -25.7123802 63.9912133 -18.0099074 26.5029405 -18.2317256 -10.8514397 -25.861406
0 -31.2478591 47.1989832 80.8904193 -16.9004474 -5.4893895 -17.1111986 -23.0948627 -34.245646
0 -21.5031021 0.5586642 53.2024273 -9.5625494 7.3127555 -9.0335696 -2.6990507 -18.275577
0 -3.0019251 0.0000002 8.6497193 0.0000004 -5.1896225 0.0000006 -0.4581737 -0.000000
0 -24.9711541 8.6748172 20.2247713 -6.2810914 9.3209435 -6.0222156 3.5520597 -4.498130
0 52.5411071 -42.0962182 38.1084033 -24.1988054 54.9705815 -24.7744726 -30.1715697 -24.379026
0 16.5538481 15.3178652 51.4084613 -23.0618454 14.4389585 -23.7314346 -22.4282697 -28.497582
0 -0.7252601 -16.5585932 41.1385693 -4.5254044 -21.5457015 -4.6032626 -3.2429647 10.062616
0 2.9486741 -20.3546192 25.4051873 -9.6816904 31.4250005 -9.6371096 -5.7492397 -14.356205
0 27.1870121 27.9992092 -6.7877043 -4.9107234 -34.0334735 -4.7375196 8.6513297 -13.368131
0 34.0536391 17.0786232 21.2050533 -15.5655304 -0.9089505 -15.1183116 -18.3195387 -22.424985
0 24.5492451 -11.5740422 -1.9404053 -3.4850374 10.8431615 -3.4723686 -8.9306837 -5.989872
0 -7.3308521 2.7086722 5.6381143 -1.8086684 -10.4419535 -1.9977056 0.1967457 13.035647
0 55.5584241 -29.1173572 39.5856103 -4.8191814 -44.2630405 -4.5192956 -7.8754007 -4.549758
0 45.1225201 -14.9894432 67.2455993 -16.9134944 -6.0474685 -17.4054786 -27.0717217 -29.940515
0 7.2892351 -30.4911102 46.6707293 -13.4141554 24.8464995 -13.3981386 -6.8297027 -14.673359
0 45.0051901 17.0343072 -5.7478743 -9.0045834 -7.9708765 -9.3858126 -8.4491147 -21.481237
0 8.5879311 -18.5915152 19.0181083 -12.5759774 27.5408915 -12.7976596 -4.9995647 -6.182214
0 6.8880341 0.9301882 37.1453783 -10.1369224 -1.7626505 -10.1784116 -2.9667967 -19.918823
0 45.9467561 -0.0762322 10.7883383 -17.5690314 20.1048045 -17.8585166 -22.3407767 -18.995343
0 32.7004881 -12.6125862 70.1968633 -22.9776804 13.7298905 -23.1589856 -27.4334367 -30.444550
0 -4.2656461 1.9424932 20.3727163 -9.5281924 0.2799655 -9.5138326 -0.0267377 0.739233
0 7.3364201 -11.9615092 6.9554623 -8.5677924 38.6338615 -8.5605976 -17.6792807 -6.156565
0 28.8771711 -24.2902982 9.5244443 -8.9763004 17.2264765 -8.9348836 -6.8378007 -6.588812
0 13.9337911 -14.1107402 11.3438073 -4.3655874 9.5973895 -4.3989966 -5.9076807 -6.091985
0 -3.6375271 -7.0052012 41.4954213 -8.5556684 9.0685325 -8.8117196 -8.3726307 -14.181207
0 -11.5740531 5.0610442 37.2583203 -13.6722704 10.3720295 -13.4838186 -6.5868237 -7.374429
0 -0.4180251 9.8799172 9.1965623 -3.8898774 -13.4607325 -4.3831086 -6.3148177 9.390078
0 0.6940741 17.5843142 21.7265793 -10.9002784 -12.7761905 -10.7958896 -3.2347797 -2.297831
0 10.5997331 -15.3948062 13.0723663 -4.3655874 12.4869555 -4.3989966 -5.9076807 -6.091985
0 14.0711921 -30.9460932 32.7767233 -9.6391154 16.9611115 -9.5627636 -1.3216517 -12.339404
0 7.0870031 -2.8197312 27.7262023 -6.7949924 2.9939015 -7.0019156 -8.5959177 -12.594551
0 37.1811411 -9.0033302 -0.5889503 -2.6335564 -30.2178165 -3.0224456 -0.8005507 9.085506
0 13.6027101 18.2655562 -11.5631943 -10.9124784 8.4995835 -11.1851576 -0.6690057 -6.038014
0 49.3325601 5.2799872 -0.5310193 -6.6902704 -30.5608755 -6.8202676 -8.1602427 -1.849873
0 -0.5482441 0.5367022 9.3973553 -0.5787404 -7.0369885 -0.5231826 -0.5495237 -0.697381
0 -0.5071201 0.0000002 11.6703743 -1.1422674 -6.3382675 -1.1520086 -2.1625757 -0.368138
0 0.0000001 0.0000002 0.0000003 0.0000004 0.0000005 0.0000006 0.0000007 0.000000
0 -4.8830821 7.2019672 0.0000003 0.0000004 -2.3188845 0.0000006 0.0000007 0.000000
0 7.6532441 -13.6780192 10.1311103 -6.7529954 9.5807215 -6.9198836 -6.2604587 6.246281
0 25.6723191 5.0091342 10.7813333 -6.1599084 -14.4583545 -6.2113166 0.4501407 -15.083347
0 31.3246171 -3.4715802 44.8097343 -17.1256394 -22.4850555 -17.5579236 -3.8332267 -11.660929
0 95.5790411 46.6651092 4.0919983 -25.5651044 -22.3698335 -26.3686956 -18.2179757 -53.814538
0 8.5285481 16.3230632 -12.4049213 -2.5265534 2.8534245 -2.8233336 -2.8048427 -7.145385
0 33.8839831 66.4009292 -20.0616633 -20.9040194 23.1799115 -21.2621586 -25.5096077 -35.727372
0 7.5241051 -21.2791652 45.9997013 -10.9336364 11.5700295 -10.5623506 -3.6489507 -18.669736
0 30.8327451 54.3724112 -15.8021173 -13.2392694 6.2279775 -13.4749486 -20.9644577 -27.952340
0 -4.7246471 4.4924352 28.6227043 -9.3257144 10.5050265 -9.3403436 -9.7266417 -10.502820
0 34.5704951 -9.7220572 -33.0691893 -5.3268894 21.4127255 -5.6341436 -11.1608477 8.929904
0 14.6075541 4.3129912 -12.0100063 -15.1676884 44.6046225 -15.9369806 -0.3202227 -20.090272
0 -16.5790571 52.2515532 76.7783713 -25.1987704 -13.6427125 -25.3058356 -17.5160827 -30.787465
0 28.4223731 -25.0011582 38.0282403 -12.6614054 -2.6805495 -12.3620596 3.0620997 -16.807540
0 35.5946691 -16.5491062 -3.3388453 -10.0496924 14.0488985 -10.1392376 -0.6064707 -8.960218
0 34.8502131 -13.9400002 -25.0395163 -6.3487114 34.8502545 -6.7658386 -11.2179827 -6.388419
0 58.8608611 -44.1714212 -25.7157713 -6.7907134 6.2757475 -6.7909806 1.4797727 16.852502
0 -8.7021881 -10.5639772 27.7181953 -4.8600824 -12.3292725 -4.6214486 2.5518117 10.806960
0 30.2710511 26.2531132 5.9127013 -14.7316034 12.8546885 -14.5606716 -18.7310817 -27.268198
0 -9.3121651 4.5713992 61.5711523 -19.0091004 19.2099485 -18.5454526 -29.4451437 -9.040641
0 -3.6074501 20.5456102 54.2942743 -13.8388444 -14.2965055 -14.2821796 -17.9040547 -10.910850
0 18.2697811 26.5999582 -40.3497543 -12.5001414 49.5131135 -12.9364336 -23.2519567 -5.344572
0 0.5756551 -5.7283582 12.0822083 -12.8964464 3.2076915 -12.9859736 5.8266587 9.918565
0 49.1669431 -25.0515012 -43.1364793 -4.6766144 -9.8283725 -4.5476806 21.8421887 16.231513
0 15.2226761 -13.0745562 15.9809733 -7.8158904 19.5563895 -8.0292846 -11.8820217 -9.958288
0 6.0620781 18.6453192 -5.1639713 -7.8464454 4.9119985 -7.4415886 -11.6886867 2.521294
0 -7.2573721 0.5887642 31.9095213 -8.3976414 13.6438985 -8.6041456 -2.3765897 -19.506436
0 29.1590141 0.4044692 -19.3171563 -4.7370464 4.3537265 -5.0672986 -8.4303917 3.634681
0 14.7077101 -27.2872392 22.5762933 -7.8644074 17.7170415 -7.8931866 -5.6781687 -6.278044
0 -2.0798751 -11.8088722 12.3590253 -3.6432664 9.1633395 -3.4455376 -3.9328177 3.388003
0 32.0819811 7.9506742 9.6378283 -7.4406514 -4.1531085 -8.0419936 -18.5221937 -11.512541
0 13.0750951 -4.5238942 -4.9789723 -0.4189984 -0.5718785 -0.6233656 -0.4416477 -1.516341
0 14.5630391 -21.9514372 10.1357873 -2.5835764 -3.6971005 -2.4121576 -4.1906737 10.136117
0 33.2884431 14.4748192 -19.5356573 -14.6684614 27.6264895 -15.3843956 -2.0462567 -23.754983
0 9.8992901 9.0574092 52.4296113 -16.7968314 12.9360745 -17.2936086 -24.5913397 -25.640605
0 18.7286811 -9.5047762 -21.3583343 -2.0630634 1.4377235 -2.0108776 -3.2094927 17.980137
0 8.0715861 -0.5610712 21.1409243 -7.0389374 -1.2277205 -6.8805896 -0.4884437 -13.015749
0 6.6098271 71.8766362 -12.2520563 -8.6979284 -25.2737445 -8.9829516 -9.6179627 -13.661821
0 57.5100751 -60.0559922 -21.3974023 -16.6838064 44.5081945 -16.8402766 19.0828297 -6.123625
0 12.5166501 5.4017392 12.2931823 -12.0996904 26.9827775 -12.4045796 -15.3177557 -17.372325
0 55.2815011 -12.9922542 14.9918583 -23.9486564 16.4138525 -24.0426626 -13.5343537 -12.169287
0 46.3344051 -9.8342352 -19.6706153 -13.4035684 47.8377065 -13.8406016 -19.0759207 -18.347171
0 0.0000001 0.0000002 0.0000003 0.0000004 0.0000005 0.0000006 0.0000007 0.000000
0 7.3190751 32.1954702 -26.5994823 -10.3072634 43.3360845 -11.0965786 -14.4796697 -20.367637
0 -15.3914081 -42.8385442 93.5403533 -18.4491484 9.5440775 -18.5458506 -18.5427327 10.683252
0 -25.0562511 23.7851072 41.8894803 -15.6111764 17.9801305 -15.9175186 -3.6899727 -23.379801
0 58.0223581 -25.9377322 27.2419093 -23.7204454 47.5674475 -23.8913726 -18.9509197 -40.331249
0 9.4207331 -7.1031522 66.4052273 -15.6252214 -15.9844775 -15.2524436 -18.9274177 -2.933250
0 -11.8679651 -1.3146372 10.5932623 -6.5313204 12.3586415 -6.6482436 -10.0813277 13.491588
0 37.6280531 -10.6518032 -11.7407063 -1.3223204 -7.9865095 -1.5452056 -1.7084237 -2.673088
0 -7.5754431 21.2570052 19.3482893 -14.8001104 28.1682105 -15.1391566 -7.0430747 -24.215721
0 8.9207351 -17.2330622 18.3739063 -3.1664384 3.6240345 -3.2176416 -4.3798307 -2.921702
0 10.7211781 -13.1807662 -12.5411273 -3.7221134 38.4419015 -3.8893006 -7.6393247 -8.190450
0 -8.6125221 43.8476062 92.6076273 -42.6407414 45.9274675 -43.2457946 -21.1850197 -66.698627
0 -5.9696431 9.1679002 21.2665023 -4.5722974 2.7463915 -4.6213776 -9.3662297 -8.651247
0 38.6039141 89.2177102 3.3434763 -30.1533774 -0.7389245 -31.1915696 -31.6424697 -37.438762
0 -8.8960951 -15.2458992 55.3597783 -15.7776974 32.8051465 -15.5398496 -24.8246127 -7.880775
0 16.4273911 -19.1527562 26.7756143 -14.1891174 37.2320715 -14.4481066 -18.0144457 -14.630652
0 -12.3911701 2.2364092 26.9062593 -10.9985934 25.5808285 -11.1363996 -1.8629317 -18.334403
0 -20.1908171 0.6770082 14.4453503 -11.6824204 18.8540845 -11.4096846 4.7635417 4.542938
0 10.5853001 8.2143712 -14.5174553 -11.1887864 35.8858915 -11.3685246 -6.6054257 -11.005370
0 27.4026901 -3.9828272 0.5569343 -9.1717534 25.0977395 -9.3296166 -18.7028347 -11.870333
0 24.1338591 27.6929012 -21.4309823 -11.7772174 5.3545165 -11.5051176 -16.7091807 4.241218
0 2.5606391 8.3392042 42.9909043 -13.9590904 5.2156275 -13.8236636 -11.3307437 -19.992877
0 24.0605131 -10.6642342 -3.2774773 -4.9070834 4.7636625 -4.9867526 -4.6219027 -0.366728
0 30.0858651 21.0605552 27.4877693 -14.4153304 -5.8004345 -14.9170806 -22.6702947 -20.831051
0 12.3751251 2.6543072 2.0293603 -4.5926564 1.2894535 -4.8415956 -9.2495627 0.335567
0 -0.2647851 -30.3516902 5.9661553 -15.6268344 73.6251345 -15.7961976 -7.0917217 -10.460064
0 -6.2177991 -7.9651342 23.3406993 -6.6519944 -18.3982395 -6.8171166 18.8223807 3.887203
0 3.6255391 5.5048712 8.2696083 -4.9667924 9.1633725 -5.4271226 -5.8799037 -10.289572
0 44.6875651 21.1988652 -6.3268793 -9.8245854 -3.5646905 -10.4470376 -12.9066837 -22.816554
0 2.4690501 39.7876062 -31.0171633 -8.9015164 17.7436905 -9.4619416 -9.9302297 -0.689496
0 -10.3547471 35.7862082 40.7800143 -14.3294714 -12.1813035 -14.8300006 -18.2448177 -6.625885
0 24.0167911 -32.8239832 32.3316153 -11.3125694 16.6139165 -11.3499576 -1.1029047 -16.372908
0 44.5695751 -4.7493642 -22.1947053 -5.1560444 1.1945575 -5.7158276 -9.1486327 1.200439
0 79.3144231 -43.9918752 59.2375153 -29.1994374 24.8894795 -29.6507406 -33.1956747 -27.403692
0 13.0750951 -4.5238942 -4.9789723 -0.4189984 -0.5718785 -0.6233656 -0.4416477 -1.516341
0 6.9104381 -5.8651372 1.9948733 -1.7259474 3.9374495 -1.6403216 -2.5130947 -1.098261
0 9.6234821 12.8375982 -17.8520973 -2.5265534 11.5680365 -2.8233336 -3.0583827 -7.768750
0 11.2269641 -14.7648662 4.9094093 -4.3655874 19.3927405 -4.3989966 -5.9076807 -6.091985
0 10.1143991 -33.7034122 19.3426323 -11.6414544 50.2633005 -11.9455926 -10.2323867 -12.197487
0 21.9229001 -39.1048102 -7.5977533 -7.8162714 51.8882585 -8.0091316 -14.1963767 2.913183
0 56.4342831 -33.5595552 9.8878733 -12.6091234 1.4859115 -12.9646466 -7.1014797 -1.573262
0 8.8289081 1.6356932 17.2122203 -16.8953054 50.1129315 -16.9069686 -17.7997077 -26.187774
0 49.6691991 -23.3409822 9.0967103 -18.0693034 37.0816645 -18.3577476 -25.2197687 -10.859775
0 -2.0655241 -0.9896882 18.6145893 -0.5840414 -13.3052635 -0.5064676 -0.2512507 -0.912355
0 -2.7738081 1.4719872 27.1157913 -14.7023654 35.7715075 -15.0683556 -9.2623907 -22.552368
0 65.4868551 -44.8807602 4.5205083 -11.1083234 23.7106435 -11.0827806 -17.8546867 -8.791459
0 32.5669751 -11.9659152 48.9551963 -33.0624844 79.6132935 -33.3109736 -28.7590407 -54.037052
0 6.3140251 -30.7600362 96.7896463 -15.0266824 -2.1337735 -14.2057666 -12.0371667 -28.940248
0 0.0000001 0.0000002 0.0000003 0.0000004 0.0000005 0.0000006 0.0000007 0.000000
0 13.3859771 -21.0353252 9.4601923 -7.3264334 14.9839785 -7.6062636 -6.7890857 4.926959
0 13.5669111 -24.1040462 15.5859243 -7.8750804 24.2510675 -8.1110736 -6.0298607 -7.283843
0 19.0433551 -9.7242382 -16.3312053 -3.7749414 7.9515555 -3.6314046 -7.6330857 14.099963
0 3.4064091 -7.2425842 14.7163593 -1.1664054 -6.6670135 -1.1597686 -1.8278497 -0.059149
0 7.0418181 9.8609622 46.1139103 -8.5019104 -24.7891375 -8.4499466 -12.1998317 -9.075865
0 10.2716691 2.6178302 37.2582763 -18.8947514 27.2312295 -18.7874506 -11.3195957 -28.377208
0 23.0129981 -5.4029982 -22.6085893 -16.6545554 89.0147275 -15.8792396 -31.1071987 -20.375150
0 -2.5373161 5.9122622 -19.8965093 -2.5110674 30.5540795 -2.4415076 -5.7434627 -3.336478
0 -6.2357381 4.3015972 35.3048313 -10.0080984 7.6267585 -10.1130686 -1.6341907 -19.242092
0 1.8061901 4.2543332 4.9125783 -12.5519104 37.8980505 -12.3130976 -15.7506967 -8.255450
0 15.7724911 8.4394282 50.8102403 -16.5640114 -13.3528175 -16.2811786 -2.6250777 -26.199077
0 47.4793981 -4.6699842 36.1223343 -17.9119314 -37.4910205 -18.6087206 -18.7826297 13.862555
0 53.8844991 -1.4391542 -9.4153263 -8.2006644 -13.7085425 -8.2263996 -13.4878087 0.593391
0 21.8266461 -2.1475852 -21.3579603 -8.4920684 17.1500805 -8.7109096 0.0816537 1.650142
0 -7.1249061 -0.3512512 39.5640343 -9.8554504 7.7364385 -9.7973196 -6.6999057 -13.471641
0 5.9310921 -15.3756132 24.9815323 -3.0542934 0.3105045 -3.2024126 -3.7183467 -5.872463
0 13.5183251 -1.8594552 21.4103393 -14.7804304 28.3244105 -15.3220146 -4.3568497 -26.934325
0 11.5410461 10.6471572 46.3093563 -14.4774224 4.9103095 -14.6624186 -17.1041397 -27.163890
0 -6.0477581 33.2760832 8.7997493 -7.7713434 -7.9610995 -7.7794666 -1.6976397 -10.818526
0 2.3897951 -3.9232512 7.4157433 -0.6877054 -3.8258585 -0.6564826 -0.6530947 -0.059149
0 29.2824151 54.9487592 -8.6199213 -26.0505374 63.5446375 -26.2389606 -40.9546297 -45.911768
0 34.7525291 14.9799182 29.2621673 -15.6714914 4.8836625 -15.9625456 -21.7442887 -30.499952
0 6.0634321 -22.4247502 47.5486293 -12.5923444 17.8759235 -12.3002166 -11.4355747 -12.735104
0 33.8800681 -8.3372642 -21.8867163 -2.4437894 -12.8063355 -2.3531036 -3.7651407 17.712279
0 31.8039531 -23.6040052 -3.1802983 -3.5677774 0.5993345 -3.5692506 -7.4329697 8.951011
0 28.7527151 22.8536492 -8.3199473 -12.7508724 4.4025215 -12.7910676 -9.1393917 -13.007608
0 16.9813431 12.1090012 -27.4090373 -4.1157364 -3.1469355 -3.9284726 -6.1525727 15.662408
0 33.5144041 -7.5319882 39.4356583 -18.7273944 33.0951095 -18.3418256 -32.8687057 -28.575262
0 17.3229841 -26.7680552 9.7395403 -16.8671644 32.5775115 -17.1702136 -0.3724107 1.537807
0 15.6022081 5.1856242 4.2054013 -24.0924024 83.7641995 -24.2132546 -22.6895607 -37.762216
0 15.2954441 -6.9394942 23.2650093 -6.8275234 5.3134885 -7.1266246 -12.9748907 -10.005412
0 0.8807321 4.7631782 18.2747213 -4.5682444 -2.6301785 -4.6373716 -7.1609387 -4.921902
0 77.3032911 -45.0834502 39.0856163 -12.1285034 -25.4151675 -12.0382556 -13.8433057 -7.880230
0 -36.4649711 16.0910362 52.2489173 -17.3753204 19.5329935 -17.5986446 -12.6893997 -3.744613
0 17.0401741 8.1572202 8.2829613 -4.7148554 -8.5497315 -4.8358186 -5.3069527 -10.072997
0 17.2020721 -12.1064592 7.6285583 -2.1318384 -1.9498355 -2.0416956 -3.0687427 -3.532061
0 7.4570131 6.2830542 31.4684513 -15.8865354 13.5152955 -16.0495346 -10.4596637 -16.328082
0 23.5249111 -37.1474872 38.1412033 -13.3115484 23.7569385 -13.3596116 -0.5328517 -21.071555
0 13.2904691 -32.5168452 43.2411283 -10.9795554 19.1964055 -11.0532926 -5.7380277 -15.440280
0 28.6310281 -17.7269762 56.8170253 -21.1978364 27.8326575 -21.2300296 -16.9482797 -36.177590
0 -24.1485791 -2.5691402 31.5847113 -4.6829804 1.9198645 -4.6001466 4.9856587 -2.489390
0 28.8702591 -5.6170022 26.3043923 -8.6553614 -24.5942785 -8.8752196 -6.8633797 -0.569411
0 -9.7635311 -11.0465352 20.5102763 -6.1816124 3.5127255 -6.5345046 -5.0667947 14.569977
0 6.6029391 -11.4020682 16.9819213 -6.1742554 -0.8445635 -6.3967016 -5.7109357 6.943663
0 36.4033351 -33.7348512 12.2371143 -10.8603764 18.7671875 -10.9239026 -8.5050107 -3.383499
0 -4.6140091 12.4342282 -1.2808363 -2.0526734 2.6916955 -1.9175956 -2.9430807 -2.317729
0 13.6722211 52.7708462 16.9588423 -29.0511654 14.3901595 -29.8102186 -18.9440017 -19.986683
0 -7.8210901 0.3939142 19.9926743 -11.9392424 15.6592375 -12.0781736 -11.1950197 6.987698
0 5.9490621 6.4815272 19.5257953 -6.0166154 -3.6414455 -6.0909246 -5.2877607 -10.919639
0 46.9593901 -44.5543052 38.7572293 -16.1914744 10.8822695 -16.2300906 -21.5788317 1.955809
0 26.8971001 12.9922072 5.7682833 -11.6069964 14.0218245 -12.0581476 -12.7039047 -23.310367
0 -10.9671541 -7.5895512 24.0010903 -4.3587754 2.0586875 -4.1573236 5.2925467 -4.279521
0 33.7445061 4.2740562 -12.6703843 -9.6591104 23.1739855 -10.2280776 -14.5914407 -14.043536
0 -4.6140091 12.4342282 -1.2808363 -2.0526734 2.6916955 -1.9175956 -2.9430807 -2.317729
0 8.9391901 -3.1402622 23.3725843 -8.8009984 1.3328865 -8.8250626 -11.0707987 -1.807543
0 8.0962261 -3.3990102 17.7155973 -11.7615904 24.2062255 -11.5311266 -10.7665157 -12.559809
0 16.6211501 11.7991692 2.4790663 -4.4685444 -6.2274755 -4.9409326 -5.9647117 -9.297721
0 -3.7410101 -8.8373912 -0.8715003 -3.6710704 3.3393885 -3.5260056 6.1272197 11.180367
0 10.8664851 13.6277442 5.8786603 -9.5317184 13.1524005 -9.3524096 -11.0309637 -13.610200
0 21.1973961 -9.8386592 4.7524793 -6.3063204 -3.2634285 -6.2019406 9.0229557 -9.362481
0 81.3951531 41.4249312 -0.6086163 -28.2660334 23.3926205 -29.7701616 -30.8536607 -56.714233
0 39.3337951 52.8728052 -17.0141593 -14.0756444 -4.5622255 -14.3225356 -15.4369657 -26.795069
0 57.5847291 15.6204332 41.4778403 -35.1907174 32.5009575 -35.7181396 -18.5361487 -57.738955
0 1.6337461 5.2785462 19.7148823 -10.0309584 15.6478735 -10.0739316 -3.8329417 -18.337217
0 36.2801881 -2.5636992 21.4978273 -9.9640734 -10.5654775 -10.0566036 -2.9729217 -21.655241
0 41.7174781 -7.1060812 -24.4642953 -7.3115734 10.7138045 -7.0473746 -15.5079917 9.006031
0 22.5190211 -9.1881172 -15.0582313 -8.7800494 37.1019635 -9.1083856 -12.6425157 -4.843688
0 13.0684521 -44.6036852 38.0089013 -10.9249684 33.5867265 -11.0441646 -21.9581387 3.866876
0 16.7975551 -14.6051842 32.6629633 -12.1256414 23.7840435 -12.7809986 -19.4228127 -14.309928
0 -7.0661491 -1.8388142 36.2446333 -12.5213804 15.8958235 -12.8424086 -13.0734967 -4.798210
0 -10.2133251 10.8166602 24.5756703 -13.2583994 16.4353045 -13.2756996 -13.8358497 -1.244361
0 0.0000001 0.0000002 0.0000003 0.0000004 0.0000005 0.0000006 0.0000007 0.000000
0 22.8851651 31.7990682 11.9437253 -11.8137064 -0.5016425 -12.2805296 -16.1624537 -25.869629
0 -2.4584471 0.0000002 8.3627543 -0.3807264 -4.3578485 -0.3422266 -0.5556487 -0.267858
0 13.0877291 -16.2228502 23.5247993 -17.1691264 40.0199645 -16.9089116 -12.2831537 -14.048454
0 23.6520111 -23.8504232 -6.0709443 -4.6721704 16.8109855 -4.5607796 -10.9904877 9.681804
0 2.0448191 -0.2666522 22.6039963 -10.8964684 2.4458245 -11.3703226 -9.0581767 4.496980
0 -3.9549351 -2.5862782 8.3737293 -5.3432824 -13.7069315 -5.6357326 -2.1196047 24.973034
0 37.2447681 -31.0639042 -10.7198103 -8.6968164 19.3166245 -8.8361796 -12.3873147 15.142630
0 -11.7885851 -12.2876272 50.4728593 -3.9060654 -6.0529675 -3.5612616 -4.7214047 -8.154950
0 5.4458721 2.1398712 32.3113363 -19.0397694 48.7529115 -19.4558286 -15.0600297 -35.094361
0 21.2569621 -14.9905162 -10.2567493 -2.6699804 13.9545455 -2.7329436 -7.3349917 2.773669
0 2.8671001 -20.5700762 1.0605363 -4.0769614 2.6797825 -3.9273806 13.8437947 8.123203
0 7.9366161 -17.6165112 19.0514263 -1.5453334 -15.6284235 -1.4031536 -2.8877517 12.093130
average: 0.15045991046