2 13.850890 17.980987 16.777105 -13.401986 7.904300 -12.825967 -17.447308 -12.838020
1 22.647239 4.437659 -10.111933 -7.362297 5.762176 -7.143035 -1.476802 -6.753007
3 43.462614 4.009927 64.415148 -26.693394 -25.363500 -25.930683 -8.313309 -25.586801
3 11.264268 12.280614 27.698247 -6.808192 -20.486329 -6.933965 -10.117411 -6.897231
3 -2.059566 -2.859947 20.017454 -10.915426 16.030405 -10.476579 1.085001 -10.821341
3 30.268598 33.543000 71.441685 -22.926969 -47.821116 -22.621214 -19.166065 -22.717916
3 -21.111246 8.301357 65.351170 -16.384401 6.206246 -15.895066 -10.961857 -15.506201
5 -9.972245 -5.420143 -0.754193 -8.882152 34.058917 -9.226083 9.219805 -9.023906
2 1.669560 22.478277 1.822704 -8.391437 4.397122 -8.364767 -5.679998 -7.931462
5 -11.748280 7.135546 43.297187 -28.288860 73.051010 -28.192076 -27.214756 -28.039768
3 11.713138 0.988557 45.386869 -10.240315 -14.137052 -10.284209 -13.151313 -10.275674
5 13.083104 10.307260 32.610038 -27.175036 32.644468 -26.680504 -8.099615 -26.689714
3 21.480419 28.295596 114.153806 -25.257799 -65.265291 -25.210421 -22.713369 -25.482937
1 23.871266 23.413145 -7.498786 -14.878096 4.188059 -14.355609 -1.326051 -13.413930
3 -19.495398 21.736959 114.528602 -18.672120 -49.259632 -18.371647 -11.964307 -18.502452
3 -4.691246 -13.450629 32.365884 -4.330338 2.434281 -4.138035 -3.969391 -4.220526
3 -7.828022 57.648248 85.529088 -27.893491 -30.044732 -27.117396 -23.182652 -27.111038
3 -4.266168 15.573134 37.485377 -16.703120 12.162754 -16.514860 -11.210698 -16.526415
5 10.112228 5.723665 8.581459 -17.194538 28.722659 -16.612791 -3.296043 -16.036641
1 36.715478 19.919775 -11.825287 -17.990813 -7.579532 -16.837455 14.478122 -16.880286
5 -16.279527 2.773751 16.551571 -19.926028 61.442564 -19.188386 -6.110542 -19.263401
1 31.899792 15.099635 23.658129 -19.951276 3.256705 -19.583291 -14.670877 -19.708815
1 50.162961 14.523257 25.257188 -17.888187 -23.280676 -17.792159 -12.793035 -18.189346
1 11.667310 -1.715228 -9.656730 -2.780341 11.090138 -2.807231 -2.967142 -2.830777
2 21.236400 28.590477 -12.597392 -7.812367 -13.398428 -7.636241 -1.522839 -6.859611
2 -16.728984 34.141171 -13.421789 -12.196559 18.686899 -11.351327 12.122750 -11.252163
3 21.567500 3.392241 90.964045 -19.541005 -51.105597 -19.815453 -5.924990 -19.536738
5 -1.908967 -1.049413 0.000000 0.000000 2.958380 0.000000 0.000000 0.000000
3 3.676768 -13.390041 31.961407 -9.282960 11.159012 -9.066293 -6.365490 -8.692405
7 1.870831 0.366576 -10.188189 -2.062090 4.049413 -2.198952 10.191064 -2.028653
5 0.142344 5.567796 4.131088 -5.234429 12.962162 -5.273931 -7.179809 -5.115220
1 22.987893 8.693775 -15.082961 -9.416874 5.516298 -8.941647 5.162150 -8.918633
1 17.041739 -11.561013 1.483419 -3.410842 8.947081 -3.083005 -6.379257 -3.038121
1 51.622658 10.947527 46.728203 -17.994889 -35.594903 -18.191613 -19.476733 -18.040248
3 93.284831 -3.149207 134.819597 -47.599825 -49.522986 -47.299585 -32.707707 -47.825113
3 31.250224 22.166271 39.223601 -21.626677 -9.232097 -21.544098 -18.449594 -21.787629
1 59.601279 -7.541247 -22.131279 -12.628957 2.386590 -12.631849 5.370183 -12.424718
5 -12.811502 0.552231 -8.018165 -4.209534 25.948421 -4.233421 7.038951 -4.266980
3 13.158652 -24.641415 125.908665 -27.120624 -5.823747 -26.777922 -27.934591 -26.769012
3 2.454619 7.954437 21.847560 -3.576958 -21.730302 -3.373344 -0.674189 -2.901822
5 11.210668 2.311083 0.697583 -11.550825 26.874415 -11.660670 -5.988998 -11.893255
3 -2.630911 -1.825158 88.038957 -14.079889 -23.153094 -13.906726 -18.372824 -14.070353
3 34.495215 5.624105 80.311997 -22.451930 -27.840521 -21.961377 -26.519057 -21.658432
3 -18.165802 -10.573604 71.727315 -10.364377 -10.552202 -10.050357 -1.547906 -10.473067
1 24.768688 22.245923 7.494342 -10.610073 -28.410022 -10.261221 5.422050 -10.649685
5 8.066241 16.569955 -20.661859 -11.680452 21.743830 -10.970178 8.591041 -11.658579
3 2.309174 -0.401886 15.509573 -7.110679 3.175603 -6.945266 0.681792 -7.218311
3 -4.426624 1.169071 64.168788 -13.975574 -8.833535 -13.612620 -11.011050 -13.478454
1 35.617937 19.798479 5.158745 -13.394086 -0.493231 -13.286765 -20.552352 -12.848729
1 22.020983 1.147872 -10.466907 -3.274982 -7.948424 -3.003751 4.575048 -3.049838
5 30.863997 -1.792403 46.594694 -37.184703 67.678630 -36.721419 -32.332705 -37.106089
5 -7.841340 5.686340 -1.455868 -15.117955 53.232198 -14.663941 -4.817157 -15.022275
1 24.759406 4.321472 -15.485445 -11.039588 9.236008 -10.192054 8.669295 -10.269096
5 -4.634135 13.985927 -20.305906 -2.125650 17.433216 -1.910938 -0.312075 -2.130439
3 0.481678 14.696693 48.331017 -15.746923 -9.058188 -15.015387 -8.514302 -15.174585
3 29.128654 17.827080 54.870191 -18.636544 -24.714806 -18.448379 -21.654244 -18.371950
3 21.451030 7.535206 40.381995 -15.525521 -8.857215 -15.298169 -14.074932 -15.612392
5 27.084749 -28.682204 6.934373 -9.342229 27.235167 -8.800555 -5.294041 -9.135259
1 13.167443 2.318622 8.757507 -12.350915 9.586838 -11.438652 1.408370 -11.449212
2 22.402534 33.186680 -16.100006 -6.032933 -26.234756 -5.663220 4.525799 -6.084096
5 23.221533 -31.851081 9.220026 -18.138162 58.974787 -17.616130 -6.351018 -17.459952
3 39.794661 14.373686 64.313502 -23.628814 -31.479005 -22.925604 -17.469098 -22.979326
1 20.314926 -12.931840 17.830529 -13.502842 19.899133 -12.882121 -5.681986 -13.045798
1 28.757377 -2.931665 1.666101 -8.806481 -10.409345 -8.298818 8.266106 -8.243273
3 7.770246 9.047356 72.483220 -26.476036 11.309970 -26.087666 -22.140892 -25.906195
3 22.337199 25.349330 50.402112 -15.932147 -27.921606 -15.951933 -22.293588 -15.989364
3 39.807345 7.518005 91.208679 -30.142927 -20.049602 -29.680262 -28.461136 -30.200099
1 29.065252 -2.015430 1.113192 -13.240224 18.035341 -12.536468 -8.002818 -12.418846
5 4.199380 3.309252 5.792895 -4.432714 9.594964 -4.410045 -9.787070 -4.266663
2 -1.773976 12.676118 1.441744 -6.342635 8.511991 -6.041546 -2.348388 -6.123307
3 -9.457118 17.325168 48.259092 -21.770692 -3.005544 -21.460679 11.996051 -21.886277
3 37.582445 -23.069552 74.192045 -21.363257 -19.885407 -21.593844 -4.319517 -21.542912
3 14.275210 -3.857284 26.565371 -8.452157 -3.286971 -8.327300 -8.992600 -7.924268
3 14.522312 9.309238 36.503566 -8.922577 -23.482692 -8.861233 -10.235556 -8.833058
5 -0.421020 -2.775949 -0.399040 -14.449837 47.121985 -13.947102 -1.301859 -13.827178
3 -12.495797 -8.407334 80.868319 -15.764646 -12.297770 -15.375836 -1.165497 -15.361437
5 -2.401580 -13.092766 10.356311 -16.593003 54.830497 -16.091354 -0.961757 -16.046347
3 4.091505 -10.828034 82.739631 -36.319648 53.452675 -35.370411 -22.673454 -35.092263
2 -14.858704 44.269304 18.056945 -16.879192 6.501829 -16.293893 -4.075030 -16.721256
5 -6.535813 17.714876 5.575204 -17.922689 43.370027 -17.061561 -7.683346 -17.456697
3 10.694773 -6.766354 52.265697 -24.318791 30.486331 -23.638636 -15.111997 -23.611020
3 69.399237 -0.543367 88.527833 -26.023180 -58.330977 -25.878777 -21.117286 -26.033480
3 29.549125 19.256713 39.407819 -21.060085 -6.274202 -20.592284 -19.761099 -20.525985
1 42.733260 13.166928 -3.337252 -14.302017 6.483887 -14.546813 -15.885472 -14.312520
5 3.866477 4.257277 4.381579 -8.429095 22.007711 -8.509485 -8.802151 -8.772313
3 17.625127 3.218828 24.581677 -21.702765 19.958905 -21.164165 -0.735267 -21.782339
1 28.032086 -14.417985 14.633199 -15.674898 18.157940 -15.336883 -0.050965 -15.342493
3 -5.738982 -20.734848 43.118731 -14.369407 39.908938 -13.556336 -14.781907 -13.846188
3 68.051128 21.046072 168.988783 -40.853016 -99.124057 -40.941501 -35.913527 -41.253877
1 0.000000 0.000000 0.000000 0.000000 0.000000 0.000000 0.000000 0.000000
7 -45.928168 9.533381 20.076722 -10.593348 9.549001 -9.860358 38.174866 -10.952098
3 0.448870 -7.214741 18.523176 -3.432123 1.183264 -3.350244 -2.779760 -3.378443
1 25.100953 -7.486154 6.780484 -12.069814 1.790668 -11.982832 9.797696 -11.931002
2 -19.688307 39.350120 22.444771 -31.681890 17.534710 -30.616740 -16.614455 19.271794
8 4.262453 -0.535925 33.861465 -43.260541 12.271740 -42.905483 -20.078742 56.385039
3 12.655900 5.491371 41.141677 -10.542302 -19.431520 -10.329686 -8.733289 -10.252150
3 5.288832 0.259192 137.962555 -32.095760 -28.466491 -31.775950 -18.918181 -32.254193
5 0.000000 -2.038658 -0.417277 0.000000 2.583006 0.000000 -0.127071 0.000000
5 8.232434 -1.903292 8.962317 -10.389811 26.408179 -10.402197 -10.565234 -10.342395
3 3.180217 4.230780 46.612815 -22.144786 5.161128 -21.856300 7.689212 -22.873064
3 -10.326733 -3.656719 63.136946 -12.994609 -2.973506 -12.272454 -8.823818 -12.089105
3 27.201742 16.649959 126.790773 -35.910219 -42.110470 -35.245409 -21.452615 -35.923757
3 11.962522 -2.142102 61.054402 -18.092898 -3.222813 -17.593283 -14.682137 -17.283692
1 24.700241 1.418049 5.452186 -12.429632 15.030471 -12.238542 -9.721875 -12.210898
1 0.000000 0.000000 0.000000 0.000000 0.000000 0.000000 0.000000 0.000000
1 38.317540 -1.224247 2.557596 -8.873872 -11.111411 -8.527602 -2.684862 -8.453141
3 20.718252 9.377366 33.115671 -10.326334 -19.432386 -10.292625 -13.176824 -9.983121
3 9.995432 4.453410 56.764461 -16.805502 0.023828 -16.332412 -21.179784 -16.919433
3 8.195026 13.493446 15.338473 -14.725595 2.922168 -14.279127 3.383624 -14.328016
3 -15.216324 3.552715 48.309575 -13.282838 19.299850 -13.191361 -16.275878 -13.195738
1 37.673936 -3.147777 -11.115983 -10.104195 2.033731 -9.723297 3.768224 -9.384636
1 39.124962 -19.527071 -15.562649 -13.909325 14.708061 -13.950309 23.103186 -13.986852
5 17.348674 6.302611 -27.326365 -31.488990 115.002629 -31.197498 -17.070488 -31.570572
1 55.763092 -11.498462 31.967600 -16.071921 -15.610668 -15.599122 -13.101170 -15.849348
5 -7.279980 -0.781221 8.661959 -4.649657 16.281307 -4.345106 -3.403105 -4.484197
1 92.223424 -24.514987 -29.548385 -16.761380 7.219488 -16.334470 4.077217 -16.360907
1 0.000000 0.000000 0.000000 0.000000 0.000000 0.000000 0.000000 0.000000
3 5.357493 -22.598559 54.139885 -21.674250 40.080362 -20.748316 -13.600237 -20.956378
3 -5.600813 4.253830 62.705555 -16.797141 -1.610398 -16.343744 -9.991406 -16.615881
3 8.769290 5.450090 51.310995 -24.652622 33.866904 -24.167036 -26.621298 -23.956324
3 49.508277 64.872997 76.754367 -39.838194 -38.612216 -38.662046 -35.821998 -38.201186
3 7.432279 -18.986170 49.028011 -15.071087 9.986538 -14.753054 -2.950742 -14.685771
3 78.895886 -35.355290 82.676805 -28.275497 -19.046580 -27.714227 -23.458746 -27.722350
5 -12.335815 20.640286 -15.268826 -6.302997 30.817035 -6.155661 -5.130407 -6.263614
5 -19.217728 11.063389 20.777053 -20.318559 66.544693 -20.143123 -17.885622 -20.820102
3 8.653962 -7.781441 48.855779 -16.606578 9.053128 -16.430487 -9.410524 -16.333839
3 -2.711613 29.107701 37.550763 -11.063571 -18.008880 -10.990933 -11.982822 -11.900642
5 -8.822096 8.780100 5.513700 -6.368649 17.740057 -6.118194 -4.468498 -6.256421
1 67.819441 -10.773106 -18.795149 -15.625764 -12.456936 -15.436117 20.096963 -14.829331
5 -27.020911 -8.631608 0.376691 -7.352512 52.882670 -7.427709 4.543511 -7.370132
2 -16.319278 29.884980 -38.393799 -5.619066 28.148746 -5.017795 12.535073 -5.218860
5 -3.802767 11.553338 -22.831308 -9.159509 49.340980 -8.602194 -6.969980 -9.528560
2 -30.265464 23.347830 21.591032 -14.564075 13.571908 -13.856886 13.753943 -13.578286
3 -5.806367 32.342939 57.797225 -33.887045 23.131286 -32.321015 -8.608228 -32.648794
3 19.142287 17.213538 19.190815 -11.655622 -7.857552 -11.631204 -13.007407 -11.394854
3 13.417336 27.890059 70.208623 -21.206798 -31.497513 -21.374627 -16.346790 -21.090286
5 -3.349408 -0.464330 11.311731 -11.125712 28.532596 -10.717624 -3.522266 -10.664987
3 -3.767767 -6.785434 32.741031 -13.833542 15.557823 -13.228145 2.783224 -13.467189
3 -16.977756 -11.550663 78.481636 -14.620428 7.283863 -14.291194 -13.881784 -14.443672
3 -10.797590 -17.997722 92.481163 -11.573590 -19.288161 -11.151017 -10.463855 -11.209226
3 9.756273 -0.835547 16.437945 -4.748787 -14.816161 -4.652198 3.786242 -4.927767
3 30.101341 -5.605605 97.692289 -31.379849 -15.549633 -31.391493 -12.684826 -31.182222
5 -11.914115 15.243364 -11.226670 -6.775307 31.131517 -6.256044 -3.588109 -6.614636
3 -42.506803 -5.902706 77.048666 -27.140565 63.892624 -25.375157 -14.509918 -25.506139
1 69.365815 -20.938674 35.189942 -31.097452 9.417738 -30.706528 -0.978617 -30.252221
1 19.274965 -6.178707 -2.483921 -2.460840 -0.956389 -2.460601 -2.420847 -2.313660
2 -9.958499 29.584479 6.816529 -9.236979 6.233152 -8.823070 -5.763605 -8.852007
1 42.272026 12.944646 -10.452002 -11.994542 -1.261430 -11.707782 -7.636207 -12.164709
5 23.502839 6.992045 -10.680476 -14.387686 37.085145 -14.204289 -14.028650 -14.278926
2 -40.757233 100.963283 5.858858 -31.779316 41.410869 -31.329794 -11.470913 -32.895754
1 41.834723 5.929084 26.499919 -19.978298 -17.008816 -19.923080 2.239268 -19.592797
5 35.119158 16.321162 28.549171 -34.933004 46.022019 -34.317452 -22.604213 -34.156840
5 3.789674 4.515482 10.019205 -11.046916 21.315027 -10.448324 -7.657669 -10.486479
1 40.506008 5.142932 26.616105 -14.551318 -17.477340 -13.918780 -12.560185 -13.757420
1 15.083401 6.231121 -14.637489 -3.189506 -0.473043 -3.188269 3.520605 -3.346819
2 -5.333648 24.200412 -10.078601 -10.095883 16.627436 -9.569850 3.903793 -9.653658
1 0.000000 0.000000 0.000000 0.000000 0.000000 0.000000 0.000000 0.000000
1 39.916215 -5.958113 33.441405 -19.651790 -22.317505 -18.833176 12.174806 -18.771840
3 -13.624941 6.429257 6.643127 -0.898216 -3.181040 -0.787791 6.428694 -1.009091
3 -14.191861 5.302248 34.864878 -9.973851 11.372353 -10.223280 -6.896963 -10.253523
3 9.385561 -25.035752 59.768641 -12.557372 7.219983 -12.098036 -14.332117 -12.350907
3 -7.606087 -3.377079 64.372450 -8.218125 -18.384061 -8.289067 -9.240113 -9.257916
1 32.013734 -11.440572 2.360105 -6.782378 -4.734841 -6.368540 1.380775 -6.428281
3 7.585176 32.609059 99.205124 -32.463147 -30.025764 -31.630236 -13.690248 -31.589960
1 18.338065 13.570193 5.992300 -10.489704 -8.943045 -10.364738 2.674698 -10.777769
3 3.813381 3.785244 21.988904 -5.330929 -5.429588 -5.197837 -8.520430 -5.108746
3 28.777720 -13.060759 33.387327 -23.760503 13.770663 -23.373070 7.214319 -22.955692
1 20.229820 0.394859 -1.647480 -5.346160 1.813938 -5.427560 -4.672917 -5.344502
1 24.747065 7.577878 -5.801851 -8.679286 8.719557 -8.531708 -8.895043 -9.136609
3 41.326105 18.983737 57.638108 -25.989369 -39.324365 -25.135935 -2.685772 -24.812505
1 18.215821 7.001370 14.702692 -5.077216 -22.673286 -5.105474 -1.270363 -5.793545
3 35.982852 18.736955 36.893071 -19.669241 -21.045733 -19.335645 -12.477345 -19.084913
2 -1.671301 8.294006 -2.189719 -0.662519 -7.069681 -0.662407 4.657374 -0.695753
1 15.932910 12.346825 -10.798314 -0.512932 -19.680053 -0.705221 5.173344 -1.756557
3 -3.917087 -2.780681 9.001229 -1.471407 3.450515 -1.457532 -1.016677 -1.808361
5 -3.448546 3.209350 -2.176067 -6.659877 20.878345 -6.448872 1.274902 -6.629234
3 -5.574468 32.223707 98.360532 -21.532510 -48.295930 -21.527610 -12.437628 -21.216089
1 44.270869 -27.279791 16.365861 -15.260536 23.930488 -14.688170 -12.581206 -14.757514
1 22.899532 6.606986 -6.626780 -6.397259 -2.197474 -6.103219 -2.179506 -6.002282
3 5.175900 -11.490017 44.929474 -15.556051 21.577118 -15.297143 -13.540052 -15.799228
1 41.048101 1.433829 -29.360954 -6.794908 -6.183947 -6.009059 11.857430 -5.990491
3 10.473775 16.466082 24.686085 -20.686843 10.545071 -19.780162 -1.062979 -20.641029
3 -16.411415 -4.184552 45.180704 -13.362005 27.926899 -13.004066 -12.902742 -13.242822
3 14.283696 -10.861229 28.851917 -11.618118 18.618429 -11.241853 -16.774242 -11.258600
5 -5.740132 18.032421 1.698626 -23.002501 60.348378 -22.292258 -5.601228 -23.443302
3 1.924050 -8.524507 68.598431 -17.906551 15.716798 -17.764513 -24.109714 -17.933989
5 -18.071696 -9.900016 53.081065 -31.689209 64.597315 -30.849390 4.181012 -31.349080
5 -27.398116 35.621237 31.302425 -27.440363 43.943704 -26.776976 -2.289421 -26.962489
3 -7.855454 -20.523012 42.735761 -9.607881 22.157743 -9.359926 -8.150387 -9.396842
1 24.348124 0.281099 5.178763 -9.992464 1.829601 -9.802303 -2.055350 -9.787471
5 -3.511630 12.280598 -27.541341 -22.912842 39.487008 -22.050085 -3.203772 27.452064
1 22.469853 -6.066869 8.056270 -6.707105 -6.765160 -6.353995 1.795288 -6.428281
1 22.520906 14.749947 20.340073 -12.093398 -10.040479 -11.947925 -11.295173 -12.233949
5 3.970050 13.377481 -34.352441 -5.991124 19.086824 -5.319780 14.672980 -5.443991
3 3.215534 -8.147086 45.983519 -13.464037 10.317253 -13.064657 -11.440016 -13.400507
1 39.548528 -2.007252 14.019454 -10.095374 -13.284082 -10.280867 -7.728116 -10.172290
3 -4.989731 -9.788121 46.561012 -6.034038 -8.554427 -5.912321 -5.196840 -6.085533
5 -17.191925 8.726505 2.954918 -11.033003 51.412334 -11.236084 -12.693301 -10.939443
5 -5.222960 15.916111 -13.087907 -13.919535 54.145283 -13.432871 -10.679823 -13.718299
1 15.370437 -3.267007 -0.706300 -4.073361 1.877400 -3.745412 -1.721883 -3.733874
1 53.209045 -24.898585 16.491561 -14.089738 1.136056 -13.851562 -4.093041 -13.903737
5 11.122450 -9.385792 6.488166 -10.537086 14.771148 -10.087940 7.746077 -10.117024
3 28.363459 3.935343 32.319483 -11.688164 -26.753423 -11.217197 -4.052414 -10.907084
2 -9.958499 29.584479 6.816529 -9.236979 6.233152 -8.823070 -5.763605 -8.852007
2 -20.094554 12.567575 11.044387 -5.080494 10.202779 -5.032514 1.535088 -5.142266
1 14.305286 0.000000 -7.996323 -1.168074 -2.179079 -1.197811 -0.596656 -1.167344
3 10.654411 -8.998448 44.393386 -15.435744 10.938498 -14.803767 -11.879366 -14.868970
3 -4.989731 -9.788121 46.561012 -6.034038 -8.554427 -5.912321 -5.196840 -6.085533
5 -17.047482 9.976138 14.572003 -13.408359 26.487758 -13.061899 6.498831 -14.016990
1 33.534090 3.120776 -23.877621 -6.794908 -5.840217 -6.009059 11.857430 -5.990491
5 -16.425807 10.373833 -13.280873 -12.224520 59.698020 -11.744270 -4.793735 -11.602646
3 59.375297 -14.119165 147.831154 -37.156236 -57.082174 -36.762562 -24.909209 -37.177100
2 -3.035069 7.083329 3.229685 -1.748317 -5.516416 -1.659444 3.130858 -1.484626
5 8.395703 9.267272 -4.391755 -20.399560 54.145087 -19.291095 -8.740225 -18.985429
3 23.973588 15.526878 51.555444 -19.241034 -20.813773 -19.154539 -12.484421 -19.362140
5 -9.519751 27.655901 34.169232 -28.693122 45.245137 -27.951852 -12.721875 -28.183672
2 -0.383989 22.641957 -15.263289 -4.566907 10.805803 -4.377033 -4.637165 -4.219376
3 8.900120 4.174695 28.329893 -15.463724 24.090864 -15.481607 -18.804172 -15.746066
5 -4.776795 -4.834413 3.075272 -2.743636 17.169834 -2.659438 -2.590868 -2.639956
3 32.943619 5.876327 45.944371 -25.284087 2.711693 -24.945963 -12.656919 -24.589041
3 20.190366 22.277196 25.088504 -13.841716 -12.677902 -13.607369 -13.710502 -13.718576
1 17.988765 11.649371 -11.610348 -8.102417 6.351182 -7.943029 -0.140195 -8.193329
5 25.570714 0.651053 -3.686103 -14.427089 34.536774 -14.337769 -14.028650 -14.278926
1 37.147460 21.151641 -1.767537 -26.526160 26.056782 -26.384978 -3.835004 -25.842206
3 -8.100341 -9.654815 44.276140 -5.539551 -5.352027 -5.238696 -5.267015 -5.123693
1 0.000000 0.000000 0.000000 0.000000 0.000000 0.000000 0.000000 0.000000
1 3.037492 -2.038658 -3.454769 0.000000 2.583006 0.000000 -0.127071 0.000000
1 17.988765 11.649371 -11.610348 -8.102417 6.351182 -7.943029 -0.140195 -8.193329
3 20.699755 26.585595 30.640732 -19.142905 0.313436 -18.973568 -21.085143 -19.037903
5 2.897148 6.766366 21.637653 -15.515557 27.359864 -14.461869 -14.195873 -14.487731
5 8.205265 0.926659 1.432240 -7.429998 17.576321 -7.152336 -6.243176 -7.314974
3 -2.389286 -2.539917 5.804268 -0.834466 -3.868917 -0.977410 5.664371 -0.858643
3 14.369757 -23.445050 68.466915 -14.226710 -18.153758 -13.624099 0.459026 -13.846078
1 32.982895 -2.474174 24.189821 -8.653290 -17.723023 -8.647727 -11.176007 -8.498494
3 6.573478 -15.221522 133.076655 -23.408743 -30.949400 -22.807446 -24.621578 -22.641439
3 13.836364 -11.505121 27.146372 -5.062756 -9.406432 -5.022678 -4.964999 -5.020750
1 73.106461 -27.435771 16.116926 -16.863694 -9.650613 -16.996683 -1.574358 -16.702266
3 -13.849427 29.624265 31.329935 -13.809695 7.580046 -13.399138 -13.725771 -13.750212
3 -13.254014 8.579107 105.671450 -31.339691 18.223329 -30.387744 -26.952579 -30.539857
1 44.207513 13.732067 17.714248 -12.257796 -26.080214 -12.499784 -12.122985 -12.693048
2 -11.102994 13.512586 4.315797 -2.646533 -8.697456 -2.447235 9.559552 -2.493717
1 18.316268 4.857252 4.886903 -5.489796 -1.936250 -5.439254 -9.946417 -5.248707
2 21.130512 23.817971 14.561916 -17.101327 -6.708080 -16.266662 -3.237251 -16.197079
3 18.083136 50.935782 96.676520 -30.752852 -40.464667 -30.510819 -33.456670 -30.510426
1 32.343181 11.408966 -8.754147 -7.454342 -5.113894 -7.132428 -8.146003 -7.151335
1 23.771088 -11.030533 -4.495699 -5.974472 15.261787 -5.835859 -6.123238 -5.573071
1 49.624298 5.910891 -32.749131 -8.162906 8.061923 -8.059456 -6.355233 -8.270385
3 -28.184901 8.944131 24.801599 -10.197530 24.215563 -9.478003 -0.123375 -9.977484
5 34.013126 -1.829210 -14.687508 -23.780114 34.367792 -22.618879 17.851879 -23.317084
5 -0.859602 4.508320 2.844755 -15.106360 41.654434 -14.473018 -4.328001 -14.240528
1 30.707881 -9.599635 19.865511 -14.224594 1.623083 -14.224114 0.387007 -14.535135
1 32.223553 -11.015321 -15.050675 -5.226054 8.736363 -4.808462 -0.138774 -4.720633
5 -13.022934 15.282196 6.167648 -9.998659 33.550141 -9.631233 -12.518924 -9.828235
5 -21.789913 7.793136 46.940130 -25.875599 69.606850 -25.993817 -25.009698 -25.671086
3 -7.247349 4.552429 20.584096 -4.005233 -7.978174 -3.682667 1.536765 -3.759866
2 21.900955 23.904153 -1.154167 -5.723227 -18.450105 -5.798829 -8.322044 -6.356736
5 5.844671 -13.084257 19.563884 -9.531907 26.095897 -8.885642 -10.671968 -9.330679
3 21.824990 5.825058 29.593766 -12.797603 -4.089898 -12.720116 -15.109053 -12.527144
5 15.059538 2.200404 -13.419509 -6.962620 27.717011 -7.051953 -10.578919 -6.963952
3 -0.733437 -28.016189 45.637087 -11.470938 18.343105 -10.956245 -1.749557 -11.053823
5 34.417295 -4.443973 -6.536567 -16.890771 37.163341 -15.911478 -11.783886 -16.013962
3 36.198421 3.143590 39.005899 -17.842889 -4.330209 -17.888482 -20.429947 -17.856381
5 9.847005 19.113104 13.813049 -17.175050 24.395859 -16.964222 -15.965009 -17.064734
5 -9.745499 33.108812 -32.267447 -9.937495 37.231913 -9.173165 0.215965 -9.433085
3 18.520967 12.182732 19.484537 -8.993455 -16.395681 -8.931571 -7.157265 -8.710262
3 8.771230 -4.454949 16.606324 -9.113795 11.105229 -8.750859 -4.903941 -9.259239
1 107.449122 -2.214039 19.450974 -28.074315 -17.466157 -27.978376 -23.024906 -28.142300
3 15.204293 4.092943 42.408252 -15.367643 1.326084 -15.079374 -17.294044 -15.290511
1 15.485245 0.383598 -9.656730 -2.780341 5.173378 -2.807231 -2.967142 -2.830777
3 27.715945 -4.668752 37.309494 -8.423719 -30.913334 -8.220384 -4.624944 -8.174305
3 -11.401035 16.625847 65.039601 -24.627016 27.053301 -24.180485 -24.216369 -24.293842
5 -6.975581 9.646241 -10.431547 -10.758057 49.363320 -10.904335 -9.225149 -10.714891
2 -37.678503 40.048584 27.562298 -19.751218 27.952409 -19.106267 0.701906 -19.729206
2 3.197075 8.616917 -2.551075 -0.218829 -6.907451 -0.345338 -0.913020 -0.878279
3 53.786118 -7.488849 78.963901 -32.444369 0.916239 -32.241849 -29.247596 -32.243591
5 5.973893 7.962326 21.614323 -20.315029 36.760923 -20.038669 -12.017694 -19.940072
5 -8.499217 16.343876 0.359171 -10.351805 22.039735 -10.064865 0.583236 -10.410130
1 44.660185 7.958722 6.653575 -18.411491 0.494146 -18.332646 -4.428865 -18.593623
7 -17.765931 4.363948 6.643127 -1.238831 -3.635639 -1.191325 14.206640 -1.381990
2 -18.637967 83.456619 -9.316630 -14.633854 5.156802 -14.208038 -15.884922 -15.932007
2 -24.984803 28.024357 -25.883353 -4.171453 8.657337 -3.925987 25.657564 -3.373662
3 30.374713 -12.935255 43.543330 -15.347652 -3.220343 -14.424919 -13.825778 -14.164096
3 0.407454 12.283437 97.922178 -30.521295 15.255283 -30.071516 -35.076009 -30.199527
5 16.377322 37.500515 -7.480292 -29.920683 59.116711 -29.916818 -14.584677 -31.092075
5 -13.585416 23.537370 -13.416389 -7.437826 24.061837 -6.918451 1.069265 -7.310389
3 10.972871 -23.383326 73.902472 -27.976524 50.503179 -27.468638 -29.231825 -27.318208
3 0.469200 16.368399 21.296092 -13.474322 5.975752 -12.834357 -4.974238 -12.826528
1 42.865848 -16.786449 37.023608 -15.815756 4.453849 -15.427605 -20.881318 -15.432175
3 38.222645 -8.108791 57.165795 -16.867141 -31.882472 -16.408465 -5.813591 -16.307975
5 -12.591701 30.321808 -9.749589 -12.179972 39.504665 -11.727279 -11.864921 -11.713011
5 -29.417476 25.423987 -21.278998 -8.572552 48.939258 -8.210555 1.491431 -8.375095
2 11.277887 27.240513 -13.667067 -14.361067 25.741354 -13.657587 -8.834056 -13.739976
2 9.314516 23.172715 -26.647420 -4.999281 12.708741 -4.885689 -3.799592 -4.863992
3 40.553105 7.372642 121.340531 -38.634291 -30.445489 -38.200055 -23.598695 -38.387745
1 29.755750 -4.517736 -0.328152 -4.941002 -5.329654 -4.783766 -5.032835 -4.822605
5 10.091049 -4.294755 -6.632662 -7.898223 26.652379 -8.064737 -1.631743 -8.221307
5 -16.102076 10.037537 14.592937 -11.018307 31.438359 -10.463299 -7.744532 -10.740618
3 41.048178 19.999554 52.065095 -22.143936 -29.736809 -21.908705 -17.368027 -21.955346
1 32.162044 -6.650972 -29.479844 -7.471923 29.018556 -6.987381 -3.472309 -7.118171
5 -20.717993 1.583093 32.452494 -19.209299 51.925001 -18.215299 -9.780117 -18.037879
2 -43.731228 44.361745 39.387456 -20.920267 18.990205 -19.742898 1.665009 -20.010019
5 -42.727556 -5.736433 28.451257 -8.276207 35.363895 -8.154312 9.155770 -8.076415
1 59.242567 23.059911 14.173018 -23.184757 6.915257 -23.356372 -33.828162 -23.021459
1 21.501973 8.660564 -9.178379 -13.404245 19.680876 -13.184084 -0.908257 -13.168447
5 -17.931145 6.033477 7.166606 -10.883171 31.982657 -10.358589 4.140862 -10.150696
3 -13.834868 18.871461 72.388192 -19.330052 -1.989387 -18.903151 -18.815592 -18.386600
5 26.341573 2.050030 21.118846 -23.220606 31.431603 -22.086495 -13.080525 -22.554425
1 58.300903 39.014865 19.170698 -27.838942 -17.020230 -27.033882 -17.840639 -26.752771
5 -12.811502 0.552231 -8.018165 -4.209534 25.948421 -4.233421 7.038951 -4.266980
3 16.944932 -0.258393 18.771019 -5.095121 -10.954215 -4.887662 -9.851191 -4.669370
5 -7.075861 15.865123 -0.787886 -12.601497 36.894008 -12.136610 -8.172393 -11.984883
1 44.041739 5.327719 -31.311818 -11.498037 17.231517 -11.529653 -0.492217 -11.769249
3 14.231653 36.487000 137.993720 -37.080534 -46.954115 -36.793122 -31.405828 -36.478769
3 -6.096928 -4.528730 30.760817 -4.243000 -3.402497 -4.207255 -4.156424 -4.125982
5 -15.080142 -7.900063 3.214620 -7.616539 48.893557 -7.277210 -6.779537 -7.454684
5 -15.815275 12.961595 10.344053 -13.359973 46.845698 -13.466412 -14.087704 -13.421981
3 12.277811 -11.823546 37.330519 -9.563915 -12.793509 -9.295111 2.798583 -8.930829
1 39.694552 -3.036933 11.876096 -13.571644 -19.886361 -13.337495 11.572517 -13.310731
2 -5.445929 21.513176 -17.076221 -3.873967 14.795793 -3.570382 -2.727404 -3.615065
3 -5.713541 -6.735717 50.664950 -14.337335 5.467930 -13.920195 -1.641601 -13.784491
1 23.040878 15.697413 -1.770883 -7.352139 -23.813764 -7.183294 8.284264 -6.902474
2 -1.671301 8.294006 -2.189719 -0.662519 -7.069681 -0.662407 4.657374 -0.695753
3 33.609901 41.435887 78.661474 -30.846999 -34.002789 -30.859756 -27.234666 -30.763050
1 34.845007 10.403576 21.322496 -11.335652 -31.331866 -10.698149 -2.048331 -11.157079
5 31.260581 6.064492 -1.094604 -21.071840 41.438166 -21.023919 -13.876690 -21.696188
2 0.427805 15.114707 -18.492974 -2.818590 13.443226 -2.717589 -2.221836 -2.734750
5 -23.600186 16.673267 33.519809 -24.848985 34.855517 -24.284566 11.920394 -24.235248
5 -2.565511 22.794088 -7.726723 -13.713935 33.785410 -13.089814 -5.952017 -13.531495
1 20.320536 9.569965 -3.527565 -9.667456 3.466652 -9.357627 -1.744889 -9.059614
3 19.619792 22.615483 36.969176 -35.747471 35.588668 -34.938936 -8.196042 -35.910666
3 23.939350 -8.444492 49.229125 -12.433105 -13.204716 -12.109342 -15.272803 -11.704015
3 4.428931 -0.602730 119.110692 -35.812429 3.650100 -35.262093 -20.214132 -35.298334
1 27.531806 4.659102 -6.644992 -13.308550 18.258320 -12.965660 -4.219166 -13.310862
1 40.772811 -9.994472 -0.473774 -13.992319 4.652887 -13.595553 6.179683 -13.549260
5 25.121518 5.245085 -5.173642 -25.178221 48.657860 -24.747317 0.709434 -24.634716
3 13.589493 24.873266 67.029705 -33.972187 5.403993 -32.870841 -9.850127 -34.203299
1 125.106450 -30.461649 -3.140750 -28.348789 -13.147443 -28.115817 5.637997 -27.529997
3 -12.055194 2.980691 47.507675 -13.349669 14.166001 -13.375206 -12.560081 -13.314216
5 9.773185 9.842977 3.339886 -9.446691 10.344678 -9.159781 -5.523569 -9.170685
2 -5.470605 21.767766 5.207648 -7.667502 0.083258 -7.657673 1.320291 -7.583183
5 -5.142620 21.021308 -23.657891 -9.896264 32.182584 -9.466808 4.778003 -9.818312
5 37.657830 -20.704917 3.056933 -17.611453 44.842959 -17.326467 -12.760235 -17.154650
3 26.287638 8.756541 64.677729 -18.584189 -28.830474 -18.576873 -14.890337 -18.840031
2 3.051731 28.798942 27.181630 -19.404201 18.948761 -19.563544 -19.537257 -19.476058
3 28.730885 -16.576259 31.603708 -17.088954 12.079586 -16.781771 -4.971975 -16.995220
1 23.049870 5.916477 10.377971 -11.660705 9.871685 -11.963480 -13.514103 -12.077715
3 18.640135 29.831412 68.819695 -20.452743 -31.930793 -20.353826 -24.164725 -20.389153
1 60.543707 -17.988336 44.028541 -30.347483 24.599455 -28.870149 -23.353393 -28.612342
1 13.791800 10.123445 -2.278060 -7.715255 -2.082178 -7.301665 2.971463 -7.509550
1 56.496691 4.259916 23.969516 -21.569806 -17.929612 -21.073617 -2.533904 -21.619182
3 16.628154 8.293567 37.729401 -16.772796 -4.338378 -16.883699 -7.919357 -16.736889
5 -7.244271 14.748887 7.005848 -8.887260 25.015977 -8.498536 -12.942538 -9.198106
3 -11.024496 11.251274 50.783248 -16.283526 4.560189 -15.395805 -8.783844 -15.107039
1 35.331990 24.120330 21.714079 -13.018204 -34.379210 -12.911987 -7.768941 -13.088056
3 3.071678 23.175682 23.298656 -11.284527 -22.329527 -10.703674 5.552211 -10.780497
5 -7.547788 6.179789 9.135148 -5.784648 10.893611 -5.502224 -1.539767 -5.834119
1 68.395916 -28.791115 56.195688 -20.053325 -15.257345 -20.047611 -20.237525 -20.204681
3 12.817206 8.681885 24.269872 -13.992317 13.972631 -14.024075 -17.787495 -13.937705
3 -28.184901 8.944131 24.801599 -10.197530 24.215563 -9.478003 -0.123375 -9.977484
3 -12.504064 10.637107 26.558011 -9.917546 14.967550 -10.024962 -9.780322 -9.935773
3 12.461502 -1.474661 31.845981 -15.905983 21.548036 -15.724927 -17.094164 -15.655783
1 68.464850 -12.529503 -19.400677 -11.217151 5.557996 -11.355027 -8.345034 -11.175455
1 53.097256 -24.288595 12.809871 -23.797325 40.357918 -23.615663 -10.880459 -23.683000
3 23.340656 18.027802 27.623585 -16.277978 -5.267569 -16.579551 -14.429398 -16.437544
5 -16.527532 18.646260 -23.084254 -7.774392 36.374324 -6.995595 6.512559 -7.151370
8 -2.594465 23.085844 0.777345 -23.403988 16.860640 -23.184063 -17.882691 26.341380
1 35.354613 -14.860089 -18.066027 -8.872341 24.201625 -8.770789 -0.219032 -8.767960
3 3.921397 11.420840 70.918957 -12.842230 -30.902428 -12.846286 -16.687483 -12.982764
3 -1.420529 -8.667393 45.342657 -12.969550 14.054706 -12.391032 -11.510191 -12.438666
3 21.395915 14.864184 28.509668 -12.514435 -17.272263 -12.275799 -10.520153 -12.187116
3 -12.991053 18.652513 47.929972 -23.009924 23.217720 -22.646041 -7.948440 -23.204745
5 15.824326 20.829457 -17.353783 -14.217606 36.522880 -14.079018 -13.033384 -14.492868
3 0.550318 -14.587144 70.813772 -16.075598 -2.211836 -15.900388 -6.533381 -16.055742
3 40.847406 -8.205510 46.396026 -20.446989 -33.160339 -20.076749 14.870017 -20.223858
5 -32.269549 34.767320 31.279741 -25.709385 67.566536 -25.661684 -24.885996 -25.086979
1 0.000000 0.000000 0.000000 0.000000 0.000000 0.000000 0.000000 0.000000
3 14.022936 1.282037 55.528192 -10.158716 -28.741549 -10.149729 -11.431845 -10.351323
3 0.352321 17.824266 80.163378 -30.306587 11.246817 -29.553685 -19.363468 -30.363042
5 -28.666116 10.789593 16.061421 -24.483647 89.249415 -23.684342 -15.667862 -23.598461
3 -19.787304 7.783309 26.673139 -6.135367 -2.288757 -5.734598 5.161386 -5.671807
5 -1.346599 7.456047 0.030202 -6.250713 11.747497 -6.067833 0.544592 -6.113193
3 8.280082 19.190491 41.037784 -8.017757 -39.369982 -8.275249 -4.687261 -8.158105
1 44.561339 -8.964942 34.067372 -18.681035 -1.136781 -18.863930 -12.220830 -18.761193
1 83.440970 16.816180 31.418414 -33.220254 -14.764592 -32.782094 -17.784772 -33.123848
2 -7.579445 7.569729 -5.247472 -0.994152 4.638510 -0.739552 2.889116 -0.536734
3 -0.873141 13.069722 31.694894 -10.766725 -23.264952 -10.285615 11.139767 -10.713952
3 9.614544 15.375458 37.863590 -31.135973 32.428516 -30.263002 -3.039074 -30.844055
3 -8.710613 -8.108856 60.142980 -10.128680 -2.893047 -9.924972 -10.217081 -10.159729
3 4.188026 -15.610848 115.047598 -26.449437 -13.776206 -26.216268 -10.762902 -26.419960
5 -4.063424 12.317838 33.590356 -19.644982 33.624879 -18.856955 -17.967781 -18.999930
5 -8.948087 11.076532 -17.836782 -6.780239 31.735814 -6.256044 3.623443 -6.614636
3 -4.989731 -9.788121 46.561012 -6.034038 -8.554427 -5.912321 -5.196840 -6.085533
5 28.243636 -6.455756 3.620142 -27.401527 81.900513 -27.026588 -26.178768 -26.701650
3 -6.387328 1.848189 44.919701 -12.024902 0.696060 -11.720761 -5.500109 -11.830849
3 19.527009 7.156553 31.892912 -15.925600 -4.506427 -15.929851 -6.359477 -15.855117
2 9.924508 18.246169 -17.782521 -7.947329 16.673193 -7.315794 -4.449287 -7.348940
3 0.448870 -7.214741 18.523176 -3.432123 1.183264 -3.350244 -2.779760 -3.378443
5 -23.414810 19.942293 -2.058226 -8.668856 33.929262 -8.542825 -2.073422 -9.113414
5 -19.466390 20.995275 -1.993122 -10.729272 36.638809 -10.245456 -5.021051 -10.178791
3 -15.272013 -8.759675 40.672679 -7.187240 5.886691 -6.314265 -3.216457 -5.809716
5 8.922835 8.416556 -22.789170 -18.066048 57.970878 -18.107601 1.571967 -17.919416
3 32.224563 26.974605 36.495843 -19.204727 -21.928003 -18.860057 -16.746704 -18.955517
3 19.309564 -12.592420 79.624362 -14.346439 -29.748538 -14.329321 -12.908735 -15.008470
1 20.522104 3.280626 6.160941 -8.542877 -2.962024 -7.860104 -2.578866 -8.019802
3 6.438513 5.309476 28.705466 -8.915661 -14.619616 -8.660637 0.392718 -8.650258
3 13.238907 5.011471 33.253237 -14.464628 7.619395 -14.124459 -16.245197 -14.288726
5 -4.059610 15.683175 16.763644 -12.456654 18.423006 -12.137557 -9.919337 -12.296667
1 1.518746 0.000000 -1.518746 0.000000 0.000000 0.000000 -0.000000 0.000000
1 25.077398 -3.931862 -8.273719 -1.887058 -5.195617 -2.019439 -1.781008 -1.988694
7 11.634098 -13.884781 16.241542 -14.800314 2.698849 -14.529714 27.892845 -15.252522
3 0.000000 -0.000000 0.000000 0.000000 0.000000 0.000000 0.000000 0.000000
3 -10.935886 -0.119620 24.636988 -4.920126 2.407456 -4.663672 -2.004220 -4.400920
1 26.765083 18.735696 -21.294548 -14.349589 20.895511 -14.199740 -1.944048 -14.608364
5 17.504646 -5.838322 5.871446 -20.219856 47.017881 -18.369110 -7.686209 -18.280476
3 47.749771 -1.050708 52.328874 -32.253535 6.929860 -32.002165 -9.294637 -32.407458
1 11.667310 -1.715228 -9.656730 -2.780341 11.090138 -2.807231 -2.967142 -2.830777
3 24.234145 -20.144476 99.441089 -34.439411 -1.666311 -34.809866 1.741582 -34.356746
3 4.751100 -17.914458 70.130934 -14.565672 2.452381 -14.595327 -15.635828 -14.623128
3 26.089697 31.149469 33.426838 -15.226867 -37.431378 -15.367808 -7.338625 -15.301323
3 33.042958 -15.286306 52.958105 -22.105403 8.615260 -21.712897 -13.885684 -21.626030
1 36.598542 9.530372 -6.330315 -9.036646 0.093301 -8.891265 -13.381924 -8.582066
3 -4.155198 -21.131588 84.491387 -21.067618 17.350327 -20.516742 -13.893722 -21.076844
3 -6.401415 26.483042 76.671293 -35.458072 29.071629 -35.325066 -19.511436 -35.529972
3 5.732067 -25.691896 141.948763 -26.577885 -16.037183 -26.350086 -26.547124 -26.476652
1 37.539129 -11.950450 16.026931 -13.773552 11.569131 -13.170236 -13.305369 -12.935585
1 28.151192 2.207152 1.451335 -11.909985 18.495141 -12.124841 -14.167735 -12.102258
1 65.467007 -2.272651 2.878942 -13.247878 -15.549533 -13.301881 -10.479560 -13.494444
3 11.755586 -11.017081 59.919630 -14.972089 -12.446571 -14.601079 -3.798000 -14.840396
3 14.539767 1.355406 29.826831 -7.034629 -12.958329 -6.972122 -11.616161 -7.140761
3 9.427904 40.514812 169.268457 -35.791018 -80.769340 -35.418349 -31.941414 -35.291048
5 -31.534183 23.726360 35.878968 -22.131627 48.818449 -21.789712 -11.764007 -21.204246
1 64.129988 -14.367028 27.556720 -23.030099 -8.223619 -23.044746 -0.032527 -22.988687
1 25.108021 13.168179 -18.277120 -7.441043 -16.509703 -6.833518 17.824557 -7.039373
1 43.569832 -18.324538 -8.454837 -9.153558 9.664132 -9.273377 0.732877 -8.760531
5 15.965010 -4.094416 13.712858 -12.936720 24.070454 -12.615596 -11.540998 -12.560592
3 40.618700 22.765484 112.697435 -26.634815 -60.665435 -26.792193 -35.249332 -26.739841
5 -4.577167 -6.655379 -9.034028 -10.385458 52.524392 -10.190926 -1.496687 -10.184746
2 10.678163 29.741363 18.534500 -12.093398 -15.433363 -11.947925 -7.245388 -12.233949
3 -1.334894 6.839187 33.769263 -13.986224 15.198933 -13.632510 -13.299953 -13.553803
1 9.605866 1.294723 6.829881 -7.467721 9.429701 -7.721905 -4.355424 -7.615121
3 -4.595865 -18.635636 91.792960 -14.747856 -24.053722 -13.867700 -2.159624 -13.732552
1 19.274965 -6.178707 -2.483921 -2.460840 -0.956389 -2.460601 -2.420847 -2.313660
3 -3.152698 12.373073 12.436022 -5.330929 -4.695633 -5.197837 -1.156247 -5.275754
1 44.166866 14.003961 -7.872491 -15.137110 3.890310 -15.037998 -8.395835 -15.617702
3 -27.716277 -4.520448 110.806037 -24.037660 15.701064 -23.532884 -23.291980 -23.407848
5 6.891536 7.332217 -3.416865 -21.763315 60.718619 -20.818850 -8.059408 -20.883934
1 38.220655 -3.132070 -7.070730 -6.777309 1.123667 -6.784522 -8.847376 -6.732315
2 -7.915948 27.151623 -7.818870 -6.003192 5.533223 -5.768898 0.714408 -5.892346
1 81.123920 -0.796843 7.441993 -24.308164 1.421312 -23.271305 -18.628902 -22.982014
3 -20.424808 3.984493 35.579706 -11.710039 23.706148 -10.827272 -9.619509 -10.688719
1 59.884118 21.954473 36.135500 -29.380283 -21.742347 -29.006590 -8.632015 -29.212852
3 25.343001 -5.425708 39.791808 -18.994580 18.696173 -18.320957 -22.605276 -18.484460
1 0.000000 0.000000 0.000000 0.000000 0.000000 0.000000 0.000000 0.000000
1 33.645691 7.327257 26.880768 -21.582242 19.452079 -21.851140 -22.377446 -21.494963
3 -26.348694 -14.418894 69.438794 -21.446967 39.285351 -21.436034 -3.631863 -21.441694
2 -24.465897 50.607224 25.571706 -25.497817 27.921897 -24.698312 -5.076918 -24.361884
3 21.775662 5.906083 44.179091 -25.980550 27.198334 -25.157170 -21.892038 -26.029411
5 27.528110 17.114020 35.511131 -32.954887 55.773184 -32.200945 -38.780784 -31.989829
3 13.138807 16.947095 27.868199 -11.320487 -14.793876 -11.032177 -10.287708 -10.519855
1 19.274965 -8.217365 -2.901198 -2.460840 1.626617 -2.460601 -2.547918 -2.313660
5 -10.044839 -0.380114 19.442177 -14.241448 35.082410 -13.947834 -1.621305 -14.289044
5 -9.124892 -4.767141 2.575473 -4.971577 23.773703 -4.533204 1.790601 -4.742965
1 36.923273 -16.532571 20.726516 -8.933026 -17.279707 -8.953484 2.671085 -8.622087
1 87.215589 16.319112 -19.048476 -19.355575 -20.857158 -19.280902 -5.772378 -19.220213
3 -29.036137 20.711341 187.355059 -53.596724 21.747643 -51.985472 -42.852407 -52.343295
5 -3.038675 15.999644 45.773610 -39.593692 94.374453 -38.808217 -36.275348 -38.431772
3 28.938741 14.256988 86.096716 -26.875511 -31.329862 -26.672693 -17.857248 -26.557129
5 2.282095 0.811398 17.978968 -15.440767 32.302637 -15.461085 -7.217340 -15.255904
5 -17.011707 1.778034 14.244935 -13.359973 53.593415 -13.466412 -12.356311 -13.421981
2 -8.590611 43.642429 28.250231 -15.370591 -14.345466 -15.673977 -2.175268 -15.736747
3 8.061253 15.127213 27.064918 -15.606783 5.014251 -15.501538 -8.514382 -15.644931
3 44.043750 -32.457229 53.758657 -14.673807 -13.868732 -14.072423 -8.685223 -14.044992
3 -18.631764 -23.559084 110.483622 -14.516404 -12.387131 -14.066080 -12.497209 -14.825948
3 40.423945 23.563438 63.452685 -23.096635 -28.575931 -23.128097 -29.692975 -22.946429
1 22.016296 -2.766304 -6.538171 -6.027876 -7.323304 -6.254958 13.619414 -6.725097
3 -5.542612 2.629612 125.562018 -22.530778 -58.652206 -21.677798 1.884415 -21.672645
3 13.946581 -17.285487 35.262794 -7.474982 -8.095474 -7.232134 -2.047992 -7.073303
3 4.256672 6.564072 70.116331 -20.499913 -4.538749 -20.081691 -15.720701 -20.096018
5 -9.247552 17.388824 -32.163490 -3.124734 22.676023 -2.650490 9.788594 -2.667173
5 0.726100 2.277505 -13.458893 -6.580711 34.684144 -6.659613 -4.406817 -6.581716
1 92.904162 -30.658884 -6.042096 -14.979568 5.563350 -14.911725 -16.862843 -15.012395
5 1.518746 -2.038658 -1.936023 0.000000 2.583006 0.000000 -0.127071 0.000000
3 12.144554 9.048560 24.723612 -10.789886 -4.744025 -10.507154 -9.481233 -10.394428
7 12.055581 -8.901962 -7.897135 -7.695268 13.430227 -7.482905 14.231061 -7.739599
1 32.368536 1.549569 -12.680184 -9.968404 14.947485 -9.565137 -7.147454 -9.504412
3 13.914217 -64.518012 193.201838 -43.750676 6.364803 -42.142959 -21.136365 -41.932841
1 19.274965 -6.178707 -2.483921 -2.460840 -0.956389 -2.460601 -2.420847 -2.313660
1 17.041739 -11.561013 1.483419 -3.410842 8.947081 -3.083005 -6.379257 -3.038121
1 15.485245 0.383598 -9.656730 -2.780341 5.173378 -2.807231 -2.967142 -2.830777
3 11.716665 -7.214741 13.564345 -4.600197 -0.995815 -4.548055 -3.376415 -4.545787
3 -4.048860 4.474355 40.866151 -13.256511 -1.929636 -12.716776 -0.639202 -12.749517
3 -9.185020 10.819118 32.207771 -11.549090 9.618180 -11.127881 -9.663587 -11.119490
5 -11.382661 8.787106 10.559768 -18.735813 45.539588 -18.354194 1.745975 -18.159771
1 33.679226 -3.751032 32.421142 -16.187662 -10.743761 -15.901899 -3.291617 -16.224394
3 23.522714 -10.464932 36.353655 -21.916037 32.180048 -21.244135 -17.364938 -21.066375
3 1.902056 0.162513 6.317562 -1.928674 2.003690 -1.821825 -4.835337 -1.799986
3 -20.352673 -19.832579 110.565081 -18.613136 0.353090 -17.939022 -16.087109 -18.093649
3 -9.651531 -16.284269 47.622255 -13.356751 15.847515 -13.233494 2.172898 -13.116622
5 32.295096 -8.211810 15.718265 -26.633487 37.772965 -25.148804 0.489133 -26.281355
5 18.488165 23.445785 45.290776 -49.116613 79.917063 -47.667406 -23.423961 -46.933804
2 -1.388551 38.971717 12.386998 -21.618168 30.802442 -21.649700 -15.526246 -21.978490
3 12.270465 2.527835 15.115972 -7.756772 -3.149310 -7.506523 -3.898390 -7.603278
2 9.314516 25.211373 -26.230143 -4.999281 10.125735 -4.885689 -3.672521 -4.863992
1 51.694501 8.435419 -12.733417 -11.677431 -2.611042 -11.600359 -9.031677 -12.475993
5 -9.709130 -10.206913 -5.864616 -2.966881 38.153636 -2.932104 -3.503503 -2.970488
1 33.517109 21.023578 -13.135341 -7.880666 -29.041747 -8.489479 13.344595 -9.338046
3 27.473654 -18.291548 129.880346 -29.618937 -27.921951 -29.408277 -21.999675 -30.113608
1 44.603965 -31.331325 16.190188 -18.730395 29.056700 -18.122623 -3.802301 -17.864211
3 35.488991 6.352045 71.632632 -33.701312 24.348247 -32.965962 -38.610523 -32.544115
5 -0.811673 -6.873071 -3.774675 -2.090099 19.752840 -1.986267 -2.181409 -2.035645
1 40.506008 5.142932 26.616105 -14.551318 -17.477340 -13.918780 -12.560185 -13.757420
3 29.228326 17.056034 165.225887 -36.167023 -73.982488 -35.787065 -29.436254 -36.137410
3 -2.548862 20.450165 22.627462 -23.138329 17.168111 -21.670574 8.316684 -21.204658
1 67.137531 -12.977752 -23.265917 -7.927657 -10.244293 -8.209043 3.306109 -7.818977
3 35.002549 -0.503926 37.151175 -13.007852 -13.157202 -13.032303 -19.169250 -13.283190
2 9.134054 23.987655 -1.346714 -11.762752 3.702850 -11.088827 -1.370339 -11.255925
5 -19.327764 -7.129422 25.789661 -10.924272 41.813471 -10.700592 -8.937163 -10.583919
3 -1.003687 -0.679832 38.080421 -12.969550 15.358014 -12.391032 -13.955665 -12.438666
3 16.484487 -3.416019 41.279854 -19.845278 21.512986 -19.650119 -16.153473 -20.212436
5 -4.634135 13.985927 -20.305906 -2.125650 17.433216 -1.910938 -0.312075 -2.130439
5 -1.908967 -1.049413 0.000000 0.000000 2.958380 0.000000 0.000000 0.000000
3 13.428262 -16.214368 113.066575 -37.863698 33.863096 -37.035019 -32.603530 -36.641310
3 52.160416 -30.301037 63.141393 -27.819153 27.780804 -26.666172 -31.729490 -26.566760
1 37.232104 10.716183 26.571923 -17.252558 -3.730821 -16.690374 -20.089759 -16.756697
1 52.400714 1.746116 -14.692079 -8.912789 -11.141631 -9.085330 -1.414279 -8.900720
3 7.801392 1.250921 8.476221 -7.859302 -0.249142 -7.692279 5.858018 -7.585830
5 -19.493560 22.813092 -16.474142 -7.769460 35.770027 -6.995595 -0.698993 -7.151370
1 36.108155 1.623430 -15.396706 -10.522590 -0.287555 -10.004702 8.659368 -10.179399
3 0.566515 1.617717 84.606390 -24.490997 -2.020157 -24.288777 -11.531467 -24.459221
1 30.107057 -9.459439 1.904134 -12.992770 -6.622419 -12.387224 21.536844 -12.086182
3 -20.392852 -10.548790 99.564384 -25.269171 13.530575 -24.296920 -7.691817 -24.895406
3 -6.406942 -16.425296 60.938671 -8.971674 -3.051735 -8.588940 -8.991947 -8.502136
1 8.913017 1.440807 4.414317 -3.893220 -3.456792 -3.514998 -0.352981 -3.550150
1 13.547578 7.804013 -0.954502 -14.156656 9.545441 -13.634718 11.484861 -13.636018
3 8.217941 30.293934 35.348018 -22.474523 5.901348 -22.170740 -13.174237 -21.941739
5 -27.563043 34.946044 -32.822550 -7.679269 40.813329 -7.422764 7.094258 -7.366004
5 -9.572463 -0.187776 7.435225 -4.649657 19.080009 -4.345106 -3.276034 -4.484197
1 47.073794 11.527949 44.269630 -26.299637 -9.992240 -26.035723 -14.631008 -25.912763
1 19.062961 -4.727204 17.281664 -11.348993 10.405452 -11.062240 -8.441202 -11.170437
5 -41.349127 -9.832882 50.437054 -19.677734 78.648414 -19.318765 -19.013055 -19.893903
3 41.218154 16.756758 54.455131 -25.708256 -10.898770 -25.358296 -24.122712 -26.342004
3 9.695374 -10.817395 25.553915 -5.403371 -11.148679 -5.426212 2.940018 -5.393650
3 31.255149 -12.925687 46.516403 -19.677496 5.784047 -18.841857 -13.318292 -18.792268
5 -6.389461 13.109603 -10.682664 -7.363246 23.789232 -7.617825 2.294440 -7.140078
2 -27.523497 53.914943 -12.884004 -13.294487 5.093628 -13.333289 21.154002 -13.127293
5 0.901849 -2.279577 5.279381 -5.594350 14.752252 -5.287606 -2.689429 -5.082521
3 2.255081 8.028824 32.369907 -6.117177 -15.838573 -6.172580 -8.340647 -6.184834
1 36.666142 35.008379 6.209779 -32.861844 34.753314 -31.800653 -15.750994 -32.224118
2 9.488754 14.179542 -12.484694 -6.358068 -6.401937 -5.806280 12.826781 -5.444098
3 -13.266258 -3.164630 44.640261 -8.892657 5.278282 -8.552361 -7.432458 -8.610178
3 47.863985 -24.046545 104.402983 -30.626501 -25.159205 -30.381570 -11.934584 -30.118560
5 15.950230 -7.672532 6.831653 -10.862121 25.971704 -10.502580 -9.022936 -10.693417
3 0.320441 -1.592070 35.465554 -3.796646 -16.136742 -3.897339 -6.457968 -3.905230
3 3.737128 4.386347 67.549664 -25.911766 29.099271 -25.996320 -26.686953 -26.177369
1 28.495640 -1.801162 -3.020770 -11.311637 13.145866 -11.555576 -2.629627 -11.322733
1 28.012433 10.941569 -1.941384 -12.296204 7.653875 -11.827696 -8.234478 -12.308115
3 22.445447 30.306020 57.458411 -19.958892 -28.516475 -19.779949 -22.051149 -19.903410
1 21.613775 1.464958 -14.576270 -4.335722 5.594670 -4.119366 -1.606236 -4.035810
3 1.228331 0.857170 44.774737 -7.528480 -12.083595 -7.545999 -12.242668 -7.459496
3 26.322126 -2.274752 34.936239 -15.345750 4.627729 -14.798502 -18.592594 -14.874495
5 21.394816 5.491593 -22.327843 -8.261115 24.328564 -7.702803 -5.030917 -7.892295
5 25.939721 -10.293172 41.999375 -33.823224 74.384473 -32.636230 -32.819021 -32.751919
3 14.702456 33.587807 100.686501 -45.209825 12.805931 -44.582189 -26.987240 -45.003439
1 17.382602 15.467920 16.105528 -16.972881 14.894295 -16.970993 -12.648805 -17.257664
5 -6.852175 16.372144 -9.413738 -7.468247 27.141527 -7.062695 -5.497870 -7.218947
5 12.761826 12.105734 -10.231683 -11.293330 13.031012 -10.782858 5.638366 -11.229065
3 39.745469 17.197982 78.709788 -22.270888 -37.462243 -22.279056 -31.601418 -22.039633
1 20.139078 -7.767671 9.517418 -7.246019 0.306041 -7.367659 -0.394758 -7.186430
2 -10.368861 31.452431 6.819291 -7.112211 -8.716880 -7.007663 1.783264 -6.849371
3 -13.148226 6.458998 69.539723 -16.202358 -8.513847 -15.427145 -7.023056 -15.684086
3 8.555267 28.362449 55.643369 -18.702797 -24.586182 -17.814107 -13.081890 -18.376106
1 21.209188 8.675121 -7.237222 -5.023300 -10.585847 -4.663195 2.159719 -4.534465
1 36.600464 5.703893 4.880914 -15.252358 -17.314257 -14.632919 14.407915 -14.393650
3 4.866277 -3.208535 55.540767 -19.687491 19.628257 -19.328365 -18.646062 -19.164846
1 0.000000 0.000000 0.000000 0.000000 0.000000 0.000000 0.000000 0.000000
5 -18.546673 38.954082 2.569636 -21.444211 56.453885 -21.187167 -15.732291 -21.067261
1 37.858896 -4.697122 -0.563888 -11.745457 14.482206 -11.224928 -13.227782 -10.881928
5 1.516072 -5.440003 -13.916924 -11.419013 49.652877 -11.063957 1.392429 -10.721480
3 -4.668947 -1.011430 37.664186 -11.837790 6.811324 -10.099835 -7.044664 -9.812844
1 93.569635 -12.561246 -15.713593 -17.379486 -3.404601 -17.729205 -8.714693 -18.066813
3 -16.488203 6.607462 40.255028 -16.367838 22.381195 -15.952955 -4.563714 -15.870974
5 -24.047262 7.199790 8.322809 -7.165662 30.330993 -7.018781 -0.443977 -7.177912
3 -3.718214 11.862452 15.231515 -3.073244 -16.676896 -2.799468 1.589934 -2.416079
3 26.271603 18.932207 37.913191 -13.816468 -26.855271 -13.524034 -15.331138 -13.590089
3 13.150074 7.717613 15.613253 -7.035138 -8.872882 -6.894972 -6.318631 -7.359317
