1 40.234488 -3.078886 8.908090 -14.686844 12.946024 -15.044447 -13.666416 -15.612004
1 79.021209 1.129080 -18.539393 -18.029951 13.477728 -22.819812 -7.720786 -26.518075
5 10.907053 6.715340 -16.448368 -4.092845 14.334928 -6.185884 -0.750128 -4.480093
1 26.239209 -7.955552 13.956808 -13.958210 22.020572 -2.358792 -7.422873 -30.521163
1 73.151498 18.505276 -7.026857 -22.353551 1.811732 -25.073127 -14.475777 -24.539191
5 36.329261 -22.312368 23.762978 -26.929859 63.774854 -29.746266 2.352685 -47.231290
1 55.733475 -10.248036 -4.619282 -14.308966 13.201101 -15.791723 -7.831454 -16.135116
3 17.111429 -10.812891 19.160341 -10.007310 -9.363334 -9.819997 3.787863 -0.056103
3 1.118295 -10.400717 61.066662 -10.765808 -4.315372 -10.815637 -12.319312 -13.568112
1 29.341201 -7.156500 27.767815 -19.753676 14.560819 -23.387866 -2.918279 -18.453515
1 176.261497 -31.597107 -34.954023 -44.122474 63.213069 -50.467729 -15.502284 -62.830955
1 54.785539 27.015454 -17.815350 -16.290541 -5.999590 -17.877717 -7.004245 -16.813546
1 72.182609 -13.464646 15.640650 -22.246346 13.159231 -24.035176 -11.953772 -29.282551
1 32.468053 15.671380 -2.563511 -12.122755 -6.850909 -13.800809 1.897387 -14.698832
1 62.465139 -27.115252 13.839190 -17.489192 21.569633 -18.704821 -16.493326 -18.071368
7 6.787311 -6.750911 -5.407073 -7.697953 14.816898 -10.553097 17.083574 -8.278751
1 89.678595 21.223939 -8.809768 -21.993093 -15.983657 -24.421321 -13.715132 -25.979557
3 -2.590529 -9.623034 41.727496 -18.039683 7.821551 -10.122473 1.251059 -10.424385
3 22.190573 1.052852 28.848081 -19.546480 25.152835 -9.333461 -21.095291 -27.269107
3 42.120633 -24.728221 47.025743 -19.468538 2.392209 -22.695698 -7.541167 -17.104961
1 33.049165 12.384620 10.204747 -10.279838 -6.719475 -11.784807 -12.925351 -13.929061
1 27.250561 5.972236 10.262959 -8.053181 -5.521171 -8.546289 -9.506001 -11.859112
1 51.436144 -9.506342 -2.928643 -9.306548 -3.468590 -9.372439 -4.714907 -12.138675
1 12.670233 -1.767266 -3.827178 -0.981807 -2.619066 -0.996178 -1.897564 -0.581174
3 19.391728 -4.091931 21.155300 -11.409790 -7.347020 -0.368306 -4.617524 -12.712458
1 43.769266 7.815883 28.490059 -21.824888 9.914056 -22.850544 -14.618153 -30.695682
1 57.756008 14.844337 -15.889342 -14.268641 -28.945438 -16.308201 16.855133 -14.043852
3 0.890346 -2.533059 6.310610 -1.725159 4.692107 -1.472973 -3.304643 -2.857230
2 10.592140 14.565201 5.045043 -2.866035 -14.642887 -5.644421 -1.691796 -5.357246
3 -2.891680 -9.400235 31.546309 -2.954443 -1.054499 -2.572787 -7.656792 -5.015874
3 7.204025 -1.866940 29.328867 -4.698339 -7.402548 -4.271980 -10.651957 -7.641129
5 10.687199 -3.679699 -14.388503 -2.498659 17.713331 -2.507405 -2.915031 -2.411231
1 13.222898 -2.056558 -0.550038 -0.857660 -4.141103 -2.351817 -2.110592 -1.155129
1 38.009438 -1.119348 14.762643 -14.533223 -6.499635 -7.735502 -4.257293 -18.627077
1 148.561551 -3.432017 27.302706 -38.614590 -12.994420 -34.956343 -32.432404 -53.434478
1 45.366847 2.464740 22.392997 -18.056145 -3.927744 -19.314498 -12.735813 -16.190379
1 70.359599 -8.486697 57.104335 -17.898801 -42.145624 -16.072316 -14.569181 -28.291315
5 -21.625866 0.642946 21.290746 -10.967434 36.949351 -3.540489 -10.472517 -12.276733
1 29.403807 -5.727793 20.421846 -8.757976 -5.237689 -8.391227 -11.699901 -10.011067
3 10.618456 -6.828189 18.087660 -8.756886 18.047122 -9.550995 -2.672149 -18.945023
3 3.663971 4.966760 30.286264 -13.064763 9.532540 -7.313056 -10.451267 -17.620449
1 31.292339 -13.896339 0.341604 -3.212018 -5.879738 -2.683442 -3.396427 -2.565979
1 106.230323 -1.268185 -45.750772 -22.482596 29.656879 -26.346101 -16.493380 -23.546167
5 -11.306136 -0.310003 -12.620136 -9.905575 56.925340 -6.543842 -1.256118 -14.983533
1 32.607529 1.089182 -16.077784 -9.118123 17.657526 -9.464333 -5.319065 -11.374930
3 28.377752 -12.620981 29.074080 -15.858418 9.824615 -4.583809 -13.055737 -21.157502
1 36.802860 4.479743 -27.531821 -11.835554 25.361036 -16.753417 4.501947 -15.024796
1 42.450148 -8.803192 10.335807 -18.868209 31.863842 -22.597442 -9.997526 -24.383430
1 6.060534 -0.967861 -2.388494 0.000000 -2.663482 0.000000 -0.040697 0.000000
1 171.401144 -29.287065 -0.333632 -38.686352 22.743275 -41.668626 -22.819050 -61.349694
1 40.355050 6.394312 1.686086 -16.703639 20.725583 -22.084690 -11.901781 -18.470922
3 4.709122 -25.627731 56.658004 -18.815582 13.400900 -10.329306 -5.746467 -14.248940
3 18.552336 1.024507 33.299834 -10.175580 -11.587816 -0.046494 -14.732965 -16.333821
1 38.131621 -8.279809 2.309878 -6.064718 -7.698491 -6.281212 -6.636137 -5.481133
1 32.749194 1.519066 29.893547 -13.624664 -9.911181 -14.514089 -10.943301 -15.168568
1 36.869120 0.836554 -5.952540 -11.936587 11.709566 -14.744291 -4.129630 -12.652191
5 3.754972 -10.625825 3.686453 -9.013945 17.947906 -10.699648 -0.972494 5.922581
5 32.089891 -13.959293 -25.901285 -11.390856 61.044288 -14.080606 -9.545268 -18.256870
3 9.355632 -3.714740 24.707919 -4.979415 -7.964328 -5.543203 -2.700446 -9.161420
1 38.207560 -8.355801 -0.602925 -7.190657 -3.573224 -7.258183 0.989955 -12.216725
3 30.266896 -18.236174 38.700302 -17.684053 8.443892 -20.157439 -8.664772 -12.668654
1 50.980807 14.499028 -24.234536 -15.031645 15.215407 -16.073939 -8.990404 -16.364714
5 28.542691 -8.465650 -5.459700 -18.612104 45.989647 -22.667979 -14.111534 -5.215373
1 22.048315 -13.716831 10.648006 -8.612530 8.137164 1.208318 -6.980602 -12.731838
5 23.564953 -1.934550 -3.367130 -17.391427 37.305761 -11.433427 -5.316647 -21.427531
1 71.339208 1.209796 -10.131896 -19.295918 18.120113 -24.494894 -13.582297 -23.164110
5 25.573429 -10.618025 -13.546839 -16.996142 59.597180 -20.577014 -6.016991 -17.415600
5 13.190412 -1.139166 -6.695562 -4.926874 14.411045 -6.939478 -3.956225 -3.944151
1 123.759272 -25.710847 0.150706 -28.497420 -2.587920 -34.370200 -11.357898 -21.385696
3 -2.152118 -12.732250 74.227609 -10.166574 3.678839 -10.281983 -20.444453 -22.129071
1 75.101518 -1.819159 -10.803854 -29.488603 23.863282 -21.963760 3.483364 -38.372789
5 24.842686 -5.095858 -10.918406 -18.510830 37.075888 -1.631072 0.693447 -26.455857
3 -24.730307 -3.027989 50.618505 -7.053207 -2.426660 3.775487 -8.262550 -8.893281
1 45.607367 -19.323678 16.208912 -14.036227 -12.424275 -0.461481 -5.638478 -9.932139
5 33.893846 -1.631828 -34.304870 -12.779536 47.862947 -17.731979 0.563225 -15.871806
3 13.433839 -7.186536 53.802748 -11.246614 -24.743709 -11.163624 -7.529969 -5.366137
3 21.960627 -26.317376 76.767147 -29.966132 0.790139 -20.264638 -19.658064 -3.311702
1 154.443274 -29.870912 5.414063 -43.710803 22.012351 -43.918874 -17.614331 -46.754771
1 52.297422 -4.215286 25.265735 -22.477622 13.121081 -25.480346 -15.388540 -23.122442
5 2.491607 -17.072887 36.420804 -12.143929 36.918541 -12.986506 -16.948967 -16.678663
1 100.234198 -10.668564 -10.530908 -17.765620 5.028372 -21.340774 -13.062607 -31.894097
1 37.545239 18.633357 -16.415673 -13.144486 7.609537 -16.860133 -3.757203 -13.610637
5 16.649445 -12.975073 16.779430 -9.794194 22.516262 -9.497695 -6.621356 -17.056820
3 15.270154 -10.739870 34.870789 -8.816643 4.937119 -8.836231 -8.174886 -18.510435
1 79.862078 -12.364081 16.418596 -18.797379 18.377677 -23.058681 -27.432406 -33.005805
1 40.788548 -1.135571 23.487448 -17.051701 3.595629 -19.276103 -23.861589 -6.546664
1 25.988186 -7.914675 18.679697 -8.145280 18.460031 -9.907498 -17.321920 -19.838542
5 16.377307 -18.667701 3.480310 -7.785506 24.963041 -9.619113 7.059981 -15.808317
1 90.016531 29.096587 -53.260070 -25.811494 10.460475 -32.929110 -11.476580 -6.096334
1 0.000000 0.000000 0.000000 0.000000 0.000000 0.000000 0.000000 0.000000
3 1.242365 -0.957955 26.462854 -15.826589 23.129430 -17.445391 -22.944176 6.339459
1 29.332702 3.101318 11.033589 -9.922313 -8.383547 -12.126017 -1.520666 -11.515068
1 120.129519 -22.976815 13.256262 -32.125980 30.787697 -37.040270 -29.281021 -42.749390
1 162.181443 -9.199409 -15.558100 -34.030551 -10.430044 -39.113307 -27.523337 -26.326690
1 32.186136 8.458214 -2.040442 -7.159817 -9.928655 -7.267824 -6.365598 -7.882012
3 14.333903 -2.038245 25.021798 -9.625213 9.671979 -11.211458 -14.567485 -11.585279
5 48.967880 4.047549 -43.895160 -19.598979 59.037012 -16.525827 -9.258533 -22.773942
1 2.828963 -0.165481 0.000000 0.000000 -2.663482 0.000000 0.000000 0.000000
5 18.325148 -10.618618 -0.188159 -11.193676 39.584944 -14.302459 -1.599022 -20.008161
1 62.694297 -10.973694 3.283457 -25.141430 47.238145 -22.638141 -11.034366 -43.428268
1 84.381513 11.532390 -50.738968 -31.062199 53.767893 -36.864179 -14.893603 -16.122845
1 66.197065 -14.926465 14.387551 -19.727287 24.304672 -24.271992 -16.418194 -29.545352
1 61.626275 -12.882568 5.757352 -16.934106 12.915792 -20.436827 -9.945938 -20.099982
1 0.000000 0.000000 0.000000 0.000000 0.000000 0.000000 0.000000 0.000000
1 23.597746 -5.465629 4.082529 -2.601555 -4.753570 -4.906329 -6.172807 -3.780384
3 8.119598 -1.686783 14.283671 -2.805610 -4.346411 -2.456481 -6.248407 -4.859577
3 10.660035 7.389795 16.965512 -8.588766 -12.761534 1.631926 -5.892017 -9.404950
1 34.814623 -2.606286 -8.790861 -11.776773 33.578316 -16.509768 -7.413462 -21.295793
1 61.068435 15.908345 -0.690919 -13.692355 -16.159359 -15.051479 -14.973431 -16.409236
1 45.867955 -16.907711 21.781338 -5.558605 -15.644233 -7.093794 -13.406559 -9.038391
1 64.851703 -14.482207 12.896130 -13.859298 -24.070545 -15.011651 -6.722428 -3.601707
1 83.389107 -33.526273 57.147599 -36.621470 16.028047 -37.973860 3.907358 -52.350516
5 20.973177 -17.334920 1.594748 -18.071244 66.003692 -11.709795 -20.922056 -20.533597
1 83.337197 -9.773103 -7.930064 -21.640461 20.652814 -24.457896 0.067407 -40.255901
1 15.741547 -4.154657 0.728747 -2.669835 7.743851 -3.725509 -6.174663 -7.489482
1 61.073401 -5.557628 9.347808 -11.582543 -22.753077 0.925046 -11.675480 -19.777528
1 0.000000 0.000000 0.000000 0.000000 0.000000 0.000000 0.000000 0.000000
1 88.240249 -18.009388 -37.514896 -17.794494 52.840209 -21.884478 -12.215718 -33.661487
5 53.624692 -13.640505 7.677545 -23.677461 60.622716 -30.622623 -13.372004 -40.612365
1 105.664108 -11.688862 41.029667 -38.800215 7.416479 -38.487621 -25.315386 -39.818161
1 35.354810 -12.430640 29.077382 -9.551826 -3.433032 -9.812830 -12.502125 -16.701741
5 35.564501 -2.147605 -29.311945 -15.177169 45.174056 -9.184016 -5.165713 -19.752107
1 29.157559 -3.070796 27.599853 -7.409353 -22.529077 -10.210324 -1.991281 -11.546582
3 10.321653 -15.714139 62.018618 -10.382297 -7.165106 -9.314793 -13.204486 -16.559450
3 16.620457 -28.457851 58.573895 -21.321828 27.613748 -15.186291 -14.171734 -23.670395
1 91.755962 -18.609128 11.415677 -15.651262 -6.867955 -19.523355 -19.648275 -22.871665
5 11.328555 -3.644585 18.492927 -13.370737 22.257643 -5.779949 -13.815419 -15.468432
1 71.545492 -4.886504 31.675907 -17.571943 -33.876565 -17.590462 0.346909 -29.642838
3 3.947607 -6.162474 11.234866 -4.510547 -17.338058 -4.263068 6.598199 10.493476
3 19.434865 -20.088938 25.607968 -12.156739 -2.150720 -12.339582 -2.719674 4.412820
1 42.958751 -24.439739 35.402547 -16.269085 27.762192 -16.941592 -21.542954 -26.930120
3 -10.544812 -5.483804 17.614538 -3.288947 -20.927457 -3.865766 14.754428 11.741820
3 4.853908 -12.696241 38.262707 -20.997210 12.462148 -20.296468 -11.324778 9.735939
1 138.415544 -18.881391 -48.556819 -41.720652 101.648088 -46.944160 -16.621351 -67.339262
1 48.199693 11.079664 -21.035850 -11.166888 5.303399 -15.389517 -7.737212 -9.253288
1 60.763509 -0.824938 7.504386 -21.609949 6.208103 -22.921901 -3.231668 -25.887540
1 69.722207 -10.418809 -23.325063 -17.114962 24.712006 -7.159027 -23.834047 -12.582308
5 11.548065 -5.339645 11.028924 -6.014295 14.564238 -8.648661 -5.518160 -11.620466
5 -11.680069 -4.212106 2.458389 -6.554176 34.299364 -0.657729 -3.107055 -10.546617
5 4.311187 0.666421 -5.614234 -2.212264 11.538647 -2.487688 -2.828290 -3.373778
1 61.577581 1.657874 23.185775 -21.279107 -11.378119 -20.916424 1.684348 -34.531927
1 85.229753 26.511701 -38.215006 -21.137761 -11.512267 -15.527544 -4.584240 -20.764633
1 24.875244 -12.268985 14.280113 -8.294854 16.092985 -9.494888 -12.219000 -12.970615
1 78.079939 -25.157068 -1.235637 -22.551757 57.858359 -29.197106 -12.233116 -45.563617
1 101.660050 -19.969569 66.885916 -40.596939 0.388494 -26.938335 -29.174897 -52.254715
1 39.182062 -5.964097 11.304127 -12.352547 0.220677 -13.195339 -7.310943 -11.883938
1 24.863694 6.528233 16.670293 -10.328721 -3.815502 -12.265133 -12.431394 -9.221470
1 52.135218 -22.526745 22.660326 -17.045801 15.930660 -18.161213 1.829753 -34.822199
1 91.720833 -37.325643 53.553235 -36.176606 58.445441 -39.329901 -38.090783 -52.796578
3 -9.630745 -6.449615 51.009831 -5.836706 -32.049159 -5.077828 2.331361 5.702860
1 44.489436 -25.381513 25.648710 -21.741839 18.230455 -13.734115 3.804075 -31.315209
1 128.569376 -44.262845 58.293893 -43.863891 34.213244 -48.844460 -7.825628 -76.279695
5 14.599493 4.078400 14.344076 -12.249022 15.598873 -1.778368 -16.497174 -18.096279
1 32.738208 4.233062 -9.362567 -9.061825 8.521840 -9.275068 -7.662776 -10.130872
3 30.002165 -18.627492 50.660293 -16.016479 16.595953 -16.918044 -22.877084 -22.819310
1 0.000000 0.000000 0.000000 0.000000 0.000000 0.000000 0.000000 0.000000
1 47.716349 9.350916 31.787692 -15.616515 -24.869952 -17.086497 -15.193398 -16.088595
5 2.415142 1.449020 -5.064196 -2.212264 10.866940 -2.487688 -1.593175 -3.373778
3 -13.881495 -3.225674 25.372666 -2.692296 -17.381337 -3.321683 3.225626 11.904192
3 -32.875351 -4.599157 21.771576 -7.657317 17.338632 -1.098237 2.514422 4.605432
1 27.756061 -4.727222 -27.078828 -5.884467 26.607012 -8.026591 -1.423579 -7.222387
5 -14.706856 -3.099707 -1.843564 -6.542175 35.374626 -0.363115 2.619021 -11.438231
1 14.759682 -0.628074 -10.152367 -2.554013 4.705915 -4.663729 2.843579 -4.310995
1 28.389121 7.873091 11.042599 -9.943565 -4.597082 -11.769116 -12.192380 -8.802669
1 27.118035 -4.552817 -9.411118 -6.235613 12.930268 -8.188638 -6.467623 -5.192495
3 61.774575 -28.820520 65.462788 -24.250211 -18.082936 -25.324416 -9.647688 -21.111594
1 21.035772 -9.361313 13.143250 -7.698865 -11.045593 -7.379682 15.461423 -14.154993
1 45.375234 -7.078219 12.061570 -14.964997 0.830904 -15.254364 -5.456888 -15.513239
1 32.122395 -11.735638 13.020538 -10.368700 18.802334 -11.766141 -6.810284 -23.264505
1 91.050705 9.967927 -35.546782 -16.615228 -5.144633 -20.401233 -3.722184 -19.588571
1 31.888444 -8.462176 -14.164240 -2.215841 0.446526 -2.022348 -3.858646 -1.611719
1 63.614180 -9.749604 4.067024 -14.003393 -7.010667 -13.677334 -8.982489 -14.257714
5 -1.010561 -4.848913 14.084657 -4.705189 22.997325 -5.030224 -10.350924 -11.136172
1 0.000000 0.000000 0.000000 0.000000 0.000000 0.000000 0.000000 0.000000
1 22.566502 -5.130282 16.123540 -13.559433 7.795060 -15.496846 -13.805397 1.506854
1 86.944385 14.205842 -33.512399 -19.929176 -0.474225 -22.514960 -6.452280 -18.267181
5 -2.857831 -5.930955 -4.116670 -7.721994 45.529565 -2.309998 -7.803874 -14.788242
1 54.761734 -15.782238 -11.481150 -11.377344 25.394702 -12.494920 -7.484518 -21.536265
1 18.122916 1.782127 9.819788 -7.666947 2.408439 -9.299765 -7.642892 -7.523665
3 -40.010684 -5.752370 44.352040 -10.483533 27.972034 -2.953043 -12.237474 -0.886969
1 28.679324 6.474654 6.167086 -4.429528 -19.841854 -5.567562 -6.247316 -5.234804
5 3.011137 1.255917 0.542232 -8.579654 34.094487 -4.661815 -9.718933 -15.943372
1 33.362842 4.971766 -27.476752 -6.256215 10.137729 -6.818588 -2.649484 -5.271295
3 -3.310590 -29.999998 74.014704 -24.160267 72.195906 -29.747288 -30.775908 -28.216559
3 14.202100 -12.533592 44.149840 -15.968346 1.235130 -16.757295 13.616489 -27.944328
1 36.467028 13.994125 -19.499416 -12.918410 17.004548 -17.883580 -4.932455 -12.231841
1 107.807736 -19.421117 -20.193796 -26.404478 46.262911 -33.263382 -6.963379 -47.824502
1 104.227239 -30.050017 -10.021714 -33.252064 54.609990 -33.554204 -3.914695 -48.044536
5 21.692422 -1.249620 -28.881040 -6.416764 25.420283 -10.576618 9.881668 -9.870335
3 3.039536 -1.681678 31.167322 -4.698339 -4.067359 -4.271980 -11.846375 -7.641129
1 11.649339 0.114155 -13.865386 -2.554013 10.787048 -4.663729 2.843579 -4.310995
1 39.040828 -2.040814 3.613837 -9.382575 -4.590383 -10.124485 -8.175210 -8.341196
3 21.484972 -8.227215 38.631683 -10.158419 -2.459549 -14.462441 -14.409541 -10.399487
5 13.048474 -12.519490 2.388060 -13.930845 50.925952 -8.572004 -4.916355 -26.423794
1 40.991841 -15.682307 -0.565007 -13.972408 31.549997 -14.205452 -6.822503 -21.294160
1 19.329540 -9.446253 16.065787 -11.253221 14.098994 -3.924480 -11.574747 -13.295619
5 -15.770415 -1.941779 -4.845417 -5.052160 35.122231 1.415511 -1.629212 -7.298760
3 7.722300 -9.355792 28.565259 -3.916531 3.391847 -3.867308 -14.416546 -8.123228
1 41.008543 -18.187585 27.985742 -11.234926 11.485544 -12.402758 -21.041157 -17.613403
5 9.483141 -6.258604 6.246291 -8.188943 19.722862 -11.256658 -11.546681 1.798589
1 23.052380 -2.650156 17.340308 -8.032158 -5.902479 1.813633 -12.704849 -12.916679
3 18.423566 -3.762400 20.243501 -4.904278 -9.192189 -5.029881 -7.508514 -8.269806
1 42.721731 -5.064839 2.537757 -12.265409 2.735038 -12.387403 -6.392935 -11.883938
1 148.166025 -10.559886 -1.381402 -42.420967 -12.065347 -46.146485 7.058812 -42.650745
1 13.351598 -3.755438 8.299053 -4.170530 7.239141 -4.443304 -9.085129 -7.435392
1 9.873132 -2.301344 0.000000 -0.337386 -6.919824 0.000000 -0.314578 0.000000
5 15.430973 -14.176823 15.644550 -14.986866 53.826591 -17.047744 -19.505111 -19.185565
5 -15.770415 -1.941779 -4.845417 -5.052160 35.122231 1.415511 -1.629212 -7.298760
1 11.798253 0.679635 9.349870 -2.740073 -9.339124 -2.360287 -3.808759 -3.579515
3 15.853818 -19.405361 39.080207 -14.453815 5.980434 -15.616038 -0.675662 -10.763584
1 83.165486 20.046855 -71.979018 -32.701346 79.486634 -42.622994 -15.424227 -19.971394
3 -3.915491 0.063676 14.082257 -2.805610 -2.354636 -2.456481 2.245862 -4.859577
1 99.781405 -17.982626 -3.732503 -28.866413 25.008553 -20.290351 -16.894492 -37.023571
3 9.055235 -31.610435 107.991963 -23.399496 9.220112 -12.823584 -25.764329 -32.669465
1 65.525219 7.297525 -14.294117 -13.997790 -7.807046 -16.743562 -7.623835 -12.356389
1 99.285667 -19.424693 38.649684 -38.117344 58.565762 -41.705717 -22.930793 -74.322574
1 53.345419 -10.362162 23.398767 -13.463412 -6.156478 -12.920498 -18.704151 -15.137483
5 -6.431008 -1.218604 -10.755914 -0.987718 15.540123 -1.111606 5.797382 -0.832653
1 134.647815 -8.327807 -16.586028 -28.005700 16.967988 -34.274035 -28.097881 -36.324352
1 31.443334 -0.181785 22.746555 -12.188185 -4.095600 -12.537043 -11.986501 -13.200773
1 31.201127 -14.334120 19.244034 -14.076854 19.856025 -16.352038 -10.175753 -15.362420
3 -8.082829 -3.730376 22.631788 -3.053792 1.604652 -3.023080 -3.497811 -2.848555
1 57.415922 -22.949153 20.766312 -17.642452 15.242939 -18.661374 0.812375 -34.984571
1 70.113047 -16.521045 39.155824 -35.785808 30.415450 -30.131672 -0.361447 -56.884353
3 4.090346 -2.270326 7.303806 -1.502016 -0.822868 -2.073240 -1.477844 -3.247857
1 0.000000 0.000000 0.000000 0.000000 0.000000 0.000000 0.000000 0.000000
1 56.339289 -16.559868 11.504639 -15.682282 12.014767 -17.644070 -14.028881 -15.943594
1 59.267403 -4.672804 17.025363 -14.104028 -14.322211 -14.033381 -15.216021 -13.944319
1 70.999396 -11.800032 -11.364113 -13.197165 27.599918 -14.437252 -23.939258 -23.861492
1 32.838112 -10.577711 3.953001 -8.878685 15.064974 -9.987515 -3.287143 -19.125034
1 0.000000 0.000000 0.000000 0.000000 0.000000 0.000000 0.000000 0.000000
1 3.984473 -1.053123 -1.838761 0.000000 -0.481305 -0.043923 -0.567361 0.000000
5 15.098960 -2.578580 -14.587538 -5.640398 25.624518 -8.304813 -1.058273 -8.553877
1 10.497015 7.326119 -0.256690 -5.783155 -10.406898 4.088407 -0.919422 -4.545374
1 55.617704 -2.439391 -18.086558 -15.524451 9.173796 -20.238716 16.799940 -25.302325
1 93.723181 -22.605956 -19.421061 -18.237776 15.579420 -11.362229 -15.934946 -21.740635
3 25.811561 -15.961202 61.397242 -13.380927 0.854904 -13.989418 -22.942509 -21.789651
1 91.392784 -8.440383 -15.016554 -26.863927 42.269631 -31.122947 -12.202715 -40.015890
5 16.181407 -8.708569 -4.576704 -11.253221 40.338780 -4.779798 -13.906276 -13.295619
1 40.712924 -2.835534 -16.150434 -6.381185 6.197589 -9.791456 -6.490252 -5.261652
5 3.499565 -0.679321 7.194686 -5.949815 19.587513 -6.658080 -8.598823 -8.395727
5 8.429818 -6.388067 9.648737 -5.923052 11.419971 -7.600572 -4.688425 -4.898410
1 50.355495 -4.199942 13.726083 -15.005482 -3.268897 -14.747690 -11.396112 -15.463453
1 81.381245 18.978214 9.758120 -33.019132 13.807102 -39.348761 -18.891458 -32.665326
1 39.870213 -8.535383 4.745530 -6.208850 -9.303145 -6.262006 -2.670807 -11.635551
1 42.685133 -12.236749 5.560059 -8.185284 -1.898566 -8.261895 -10.856844 -6.805852
5 22.980168 2.669184 -5.647807 -7.551933 30.548537 -9.938706 -14.706700 -18.352743
1 89.345901 -22.156328 72.283189 -28.020633 -18.443557 -30.461166 -29.520094 -33.027316
3 2.153561 -3.065610 6.171273 -1.974564 5.425537 -3.538271 -1.924069 -3.247857
1 50.690494 -20.660637 27.620533 -13.733030 4.809351 -5.902892 -22.788777 -20.035040
5 7.398451 -12.304484 4.433236 -9.987438 18.311593 -1.991024 9.087725 -14.948060
3 -11.941016 14.091996 20.870409 -5.362324 -11.658644 5.539142 -6.112365 -5.427196
1 13.429538 -13.515683 12.668064 -6.253214 2.096947 -6.906788 9.436319 -10.955182
5 -8.021759 -8.625771 3.094842 -5.380981 26.819411 3.772399 -5.127632 -6.530507
5 15.879193 -7.666154 17.757440 -11.332904 24.673517 -13.640857 -12.597494 -13.072740
5 23.457323 -12.403623 -13.883107 -6.886348 39.168747 -7.204194 -11.094496 -11.154302
1 19.541403 6.490537 15.721186 -8.675904 -17.686235 0.823990 -6.810025 -9.404950
5 -26.641497 -1.941779 -26.691152 -5.052160 71.301278 0.560192 -4.236123 -7.298760
5 -2.900894 2.013107 13.707721 -8.167116 16.260013 -8.173699 2.958032 -15.697165
5 -6.531942 -8.193523 -16.648277 -9.413331 60.053287 -13.851015 -10.460388 5.045190
1 48.934163 -10.849297 -3.410461 -14.456783 30.112991 -17.753754 -11.180305 -21.396552
3 4.840830 -17.335563 41.851145 -15.711235 36.405736 -9.033937 -15.754129 -25.262847
1 28.077159 -12.281167 23.258137 -11.300909 9.526328 -10.702823 -14.908080 -11.668646
1 41.835151 1.447704 -17.171584 -7.622196 -1.644730 -7.614201 -2.246162 -6.983980
5 29.184982 -12.412985 -5.047680 -8.383668 39.570039 -9.528435 -16.484838 -16.897415
1 102.434909 -12.422131 4.628616 -21.802827 0.403852 -24.455359 -22.140564 -26.646495
1 15.212687 -7.730465 9.274755 -3.267005 -2.207683 -3.160853 -2.811477 -5.309958
5 10.284784 -15.639930 9.512361 -16.390845 49.372107 -11.655689 0.574162 -26.056949
1 15.906305 -6.588535 6.504730 -6.208850 5.396388 -6.262006 2.887519 -11.635551
5 0.558216 -1.141331 -0.112907 -3.402261 22.764191 -3.811960 -9.832000 -5.021949
1 72.920021 -2.866687 11.623189 -22.276725 21.327434 -27.537393 -19.741708 -33.448134
1 52.251861 -19.032905 26.008794 -17.755623 23.254746 -18.478581 -24.468709 -21.779582
3 4.193852 -3.690986 12.097671 -3.215174 7.690720 -3.251598 -6.827783 -6.996701
1 85.984293 -6.873059 -23.753110 -31.284436 68.075690 -37.862550 -4.754988 -49.531843
1 80.801744 -22.715674 2.678060 -20.872190 33.985093 -22.698005 -19.689612 -31.489418
1 34.827994 0.178405 21.402580 -12.784836 -5.455028 -13.037203 -11.768764 -13.363145
5 26.136774 -11.186970 -0.997927 -11.836584 41.966624 -15.226300 -10.741353 -18.114263
1 53.200756 0.719429 24.404270 -19.193150 -10.046865 -19.561023 -3.836353 -25.687062
5 2.415142 1.449020 -5.064196 -2.212264 10.866940 -2.487688 -1.593175 -3.373778
1 45.585743 -3.052815 31.623757 -13.014557 -0.281022 -13.685367 -25.841666 -21.334072
1 32.854333 -3.836937 2.735091 -11.667623 19.014068 -13.880410 -12.035767 -13.182754
5 23.538224 -25.313667 32.316956 -21.722254 75.899270 -17.599697 -29.690797 -37.428035
1 95.229336 -44.403663 77.980916 -32.753948 19.662338 -32.254309 -40.605967 -42.854704
1 38.524904 -19.405311 31.449674 -14.192676 16.812828 -15.413818 -19.234692 -18.540907
5 0.019146 2.739492 -8.687362 -7.467464 28.069476 -0.780807 -4.293635 -9.598845
1 43.458117 -16.878121 13.918168 -15.365527 28.341082 -20.101207 -2.627016 -30.745500
1 61.517529 -12.242261 10.845036 -24.605343 42.792949 -26.500090 -23.338356 -28.469464
1 77.649938 -8.267375 -38.769306 -18.052976 19.598124 -20.466455 13.631468 -25.323416
1 49.987876 1.455559 5.049197 -8.491121 -23.678487 -8.948503 -3.065267 -12.309253
3 10.723698 -14.468012 43.786614 -14.556790 -2.985773 -14.520378 -4.920719 -3.058640
1 60.673179 -32.202501 30.665549 -23.401969 36.426988 -24.160177 -3.138299 -44.862773
3 21.829500 -8.804022 31.210352 -9.027281 -3.945138 -8.726020 -12.034310 -10.503081
5 25.050035 19.486412 22.499371 -29.803750 25.768018 -35.683372 -11.990037 -15.326676
3 5.445808 -6.336921 16.277448 -4.916015 4.600378 -4.922753 -5.158825 -4.989119
7 3.682003 -1.795352 -5.050461 0.000000 -2.849419 -0.043923 6.057152 0.000000
3 -10.354975 -8.099748 44.756919 -5.955804 -15.194563 -5.933146 -2.287777 3.069094
3 6.906511 -13.869823 40.456131 -10.516850 18.329536 -11.662510 -14.323987 -15.319009
1 103.773562 -6.477335 -25.333187 -19.220612 -3.610875 -19.717112 -12.477542 -16.936895
1 72.401789 -20.114213 3.216019 -16.447494 34.437244 -19.562949 -21.813131 -32.117268
1 68.814348 -12.124956 -25.728370 -23.572072 56.209391 -26.638853 -5.525898 -31.433589
3 7.174791 -2.573764 12.097925 -6.271733 -9.803152 -7.853413 0.016432 7.212912
1 76.029757 -15.456467 29.244353 -31.928889 22.764980 -34.774067 3.548006 -49.427675
5 13.190412 -1.139166 -6.695562 -4.926874 14.411045 -6.939478 -3.956225 -3.944151
3 20.906148 -7.759097 59.111143 -20.921454 13.250001 -22.363313 -19.259301 -22.964127
1 53.080275 -23.955122 -1.041412 -12.439652 38.306603 -12.507047 -21.048202 -20.395441
5 16.107633 -10.269861 28.516147 -16.155728 39.174815 -20.825689 -13.103523 -23.443796
1 65.306524 -10.097012 0.601388 -21.735147 38.646503 -25.455268 -31.383646 -15.883343
3 -31.112318 -4.940175 42.609750 -5.570253 -17.271817 -5.381168 -3.837278 25.503259
1 7.638179 5.465652 5.876134 -6.010190 6.166926 -8.408507 -5.829784 -4.898410
1 49.108224 -21.491114 23.704849 -14.316436 16.711087 -14.706209 -12.118641 -26.891762
1 129.142258 -6.219391 -19.084628 -21.201962 -11.354821 -24.133879 -22.314557 -24.833020
5 24.740426 -17.010998 14.473196 -17.805723 51.063600 -12.920993 -13.234700 -29.304806
1 89.724195 15.544747 -27.860496 -30.009814 22.522059 -33.144088 -6.325488 -30.451108
1 12.370403 -4.662596 5.097178 -2.556954 0.135258 -2.328430 -4.697467 -3.357391
3 1.045721 -5.713056 31.663192 -5.131461 4.096661 -5.359230 -6.095641 -14.506186
3 -32.145979 -8.997811 45.436506 -13.270420 26.760343 -4.696052 -6.305850 -6.780738
1 50.783794 -11.144566 -2.814754 -13.255589 16.076900 -16.902136 -2.931211 -19.812440
3 13.719833 -8.216133 33.104365 -8.430629 -0.593935 -8.225860 -11.016932 -10.340709
5 39.458486 -13.651707 -21.452025 -12.655791 47.409123 -7.968977 -11.328252 -19.810858
3 -30.789134 -5.974934 55.176633 -9.244138 24.052033 -10.292103 -6.594020 -16.334336
3 -0.938921 9.724403 40.060142 -13.729515 -25.646595 -13.191251 4.425123 -0.703383
3 2.214238 -5.534541 18.665941 -4.916015 4.600378 -4.922753 -5.118128 -4.989119
1 90.151137 2.495276 1.122521 -33.826124 24.449484 -40.105640 1.355445 -45.642103
3 -24.921020 -5.088100 41.411520 -7.069254 8.872332 1.211823 -5.224765 -9.192534
1 75.598320 -24.379754 29.244684 -21.472494 -9.776959 -24.048225 9.658331 -34.823903
1 87.185197 -15.488971 16.339430 -26.575092 2.933727 -29.485410 -18.955711 -15.953168
3 58.753053 -26.859034 60.631449 -20.022795 -9.867396 -21.492783 -21.687586 -19.454907
3 15.177370 -3.823761 22.167139 -16.454327 18.877829 -18.679718 6.546932 -23.811466
1 140.106887 -39.822204 55.805095 -43.312291 48.962150 -50.038994 -37.269272 -74.431375
3 4.090346 -2.270326 7.303806 -1.502016 -0.822868 -2.073240 -1.477844 -3.247857
1 11.950316 -4.900320 10.159326 -8.454490 7.354652 -0.613128 -6.619038 -8.877318
1 51.893477 -6.033769 -23.701454 -29.630077 27.193899 -24.088199 8.074128 -3.708002
1 59.599233 -8.075626 -26.786432 -19.340888 40.199535 -20.094638 6.928705 -32.429891
1 106.535953 -16.175450 -22.498577 -14.106482 -0.292603 -14.706341 -15.557289 -23.199211
5 26.358057 -17.605450 28.033473 -27.396846 64.192261 -25.934266 -34.555789 -13.091443
1 138.159832 -14.216762 14.343931 -27.337254 -22.226738 -32.561379 -15.514605 -40.647028
1 10.757380 6.363382 3.001531 -8.916726 -6.460553 -11.488659 2.010513 4.733133
1 39.313390 -8.118499 -15.966111 -13.477171 38.720469 -15.791584 -9.045541 -15.634955
1 12.912583 -3.989176 0.728747 -2.669835 10.407333 -3.725509 -6.174663 -7.489482
1 41.225451 -9.246147 -15.366557 -8.432580 14.466115 -8.086163 -1.402543 -13.157578
1 54.796740 -18.857520 13.104944 -14.503704 15.154081 -15.756894 -9.331481 -24.606166
1 88.491647 -27.293487 -21.121420 -24.764465 61.043311 -28.040369 -11.348436 -36.966784
1 35.790979 12.276701 -6.083342 -10.480207 -18.003120 -11.533709 -9.846239 7.878939
1 52.104889 7.995550 -29.948180 -17.416894 36.802912 -9.602656 -13.961791 -25.973833
5 16.854414 -10.739870 5.866003 -8.167116 27.556735 -9.029017 -6.643985 -15.697165
1 47.270791 8.635161 12.938782 -15.945740 -8.268973 -16.848226 -11.720954 -16.060837
1 119.984814 -16.885477 -41.947965 -30.850870 43.226493 -23.922636 -10.608469 -38.995888
1 59.629180 13.839666 27.472841 -23.222469 -20.417937 -25.513723 2.633729 -34.421285
1 69.958648 -13.402663 24.047945 -18.670139 -14.621635 -20.477072 -21.302006 -5.533082
1 74.112181 5.419504 -3.803310 -19.178631 3.607378 -21.579682 -15.743806 -22.833634
3 -1.484892 -17.336937 58.541432 -15.232039 0.052451 -15.771746 -0.799934 -7.968335
1 24.786471 -12.010195 15.687070 -7.212484 10.979285 -8.452488 -8.275106 -15.502553
5 -0.311234 8.617736 8.053455 -7.907775 16.577439 -9.760841 -7.996548 -7.272231
1 51.166172 0.577898 -20.797095 -9.527425 0.074373 -9.105712 -2.611626 -9.776584
5 22.189992 -18.983181 8.899437 -10.339007 23.207222 -1.712488 -13.181355 -10.080617
1 40.206397 1.201094 -15.602434 -11.514230 27.134790 -6.631455 -20.505784 -14.288376
3 -4.202579 -6.059811 36.774131 -6.747091 -11.091843 3.760383 -6.425701 -6.007487
5 4.567533 -15.863595 11.224647 -16.064685 62.217161 -10.498968 -12.953012 -22.629081
5 28.240309 -6.529332 -3.606701 -7.551933 31.681606 -9.938706 -13.942500 -18.352743
2 -16.608414 19.243507 14.280944 -6.362713 -16.958350 -6.824930 4.185830 9.044128
1 23.409598 3.336943 0.472057 -8.452990 0.000436 0.362898 -7.094085 -12.034856
1 101.657942 -23.778690 -3.663870 -22.760453 30.530991 -28.094889 -11.990993 -41.900043
1 34.969012 -11.726621 31.717573 -19.515027 4.219144 -20.735756 7.129463 -26.057788
1 50.291568 -19.080125 0.381380 -12.165406 30.310726 -12.869412 -19.522718 -17.346010
1 68.509955 -14.856504 15.899589 -20.217457 27.899778 -25.871202 -23.412090 -27.952069
1 45.961296 -0.239028 -9.264037 -12.948358 23.038888 -13.427523 -11.305803 -21.815436
1 22.006454 4.711370 16.710575 -11.123519 -9.414725 -12.370979 -13.972761 3.453584
5 -4.652535 2.689132 -4.194889 -10.769803 37.840954 -5.808617 -3.651475 -11.452768
1 58.766066 -3.012868 2.575634 -13.478399 5.787533 -15.171188 -12.590764 -22.876014
1 28.292446 10.930035 0.012015 -11.424503 3.562030 -13.610948 -7.377346 -10.383729
1 55.556231 -8.161424 29.357978 -24.765371 1.469244 -25.559840 -9.883587 -18.013232
5 11.996151 -6.324472 -19.326336 -10.872658 57.811070 -7.517810 -6.504338 -19.261609
1 76.327907 17.028074 -10.988589 -12.630117 -33.802733 -15.119449 -4.451689 -16.363406
3 -10.185611 -25.352781 99.097545 -19.497867 8.144046 -19.965103 -14.599887 -17.640344
3 17.096897 -17.320162 52.986191 -9.541550 0.144655 -9.592765 -20.168905 -13.604361
1 0.000000 0.000000 0.000000 0.000000 0.000000 0.000000 0.000000 0.000000
5 -5.531764 5.793151 -3.176297 -6.255702 17.498329 1.768056 -4.247941 -5.847829
5 65.574747 -20.954925 7.123175 -27.506904 92.047506 -38.946014 -30.291817 -47.045773
5 34.724913 -26.525362 24.349696 -22.021337 53.090685 -26.574064 -10.418858 -26.625675
5 16.188667 -4.286131 17.984915 -11.369325 18.410213 -13.843176 -8.783021 -14.302142
1 19.250218 5.089281 -9.424723 -5.721786 -15.410011 -7.427537 16.991738 -3.347180
1 75.665544 -4.552068 -21.566378 -19.586929 17.438476 -23.850740 8.049385 -31.597291
1 95.476045 -0.013861 -7.788676 -23.259802 -11.282247 -23.667118 -25.127851 -4.336485
3 -5.249946 -1.942619 36.268413 -5.879446 -18.258179 -6.843579 -8.114197 10.019552
1 13.337461 -5.601976 -3.536633 -2.882834 5.147709 -2.306841 -0.614145 -3.542742
5 1.724030 -6.847237 28.422639 -18.044770 42.477703 -19.605252 -6.704517 -21.422596
5 37.618678 -27.603506 38.379337 -29.857550 39.486903 -22.780748 -10.644514 -24.598598
5 -4.349970 -2.279010 -31.657824 -8.702342 68.216957 -5.864422 -3.753636 -11.609755
1 48.534941 -15.021808 0.318600 -11.919526 13.554356 -15.091766 -5.884797 -14.489999
3 26.556576 -15.686384 27.410317 -10.383476 18.215346 -11.558749 -17.535420 -17.018208
5 -15.770415 -1.941779 -4.845417 -5.052160 35.122231 1.415511 -1.629212 -7.298760
1 44.718998 13.776648 12.493789 -19.485987 -22.233510 -20.839619 2.386173 -10.816491
3 19.286256 -17.214870 68.959050 -23.608148 -1.090310 -24.317426 -20.727190 -1.287363
5 4.848368 -9.974962 6.572702 -12.120455 41.671483 3.152892 -16.423288 -17.726737
3 -7.005881 10.226827 46.219604 -12.965214 -28.818037 -13.004289 -11.936466 17.283458
1 36.462539 -19.032159 33.554625 -16.827110 21.764190 -16.652195 -20.947655 -18.322233
5 5.588806 1.082015 -11.476892 -2.554013 13.450530 -4.663729 2.884276 -4.310995
1 34.154251 -17.688788 22.770655 -13.020132 16.806318 -14.651641 -10.974181 -17.396484
1 17.427807 -7.872302 3.767173 -4.384851 4.324841 -4.380080 -2.091988 -6.790599
3 14.063156 -29.879669 71.689793 -28.947417 0.377631 -29.571652 37.681994 -35.413838
1 68.573714 8.243135 -16.207020 -16.854759 -0.826047 -17.597966 -10.086889 -15.244163
5 1.510295 1.082015 -14.616838 -2.554013 13.450530 -4.663729 10.102732 -4.310995
5 -29.468052 -5.483143 24.165072 -8.764172 44.954053 -2.530737 -9.086398 -13.786625
3 10.242733 -4.186362 32.342615 -7.153803 2.785807 -7.784989 -12.551748 -13.694252
1 40.847435 -0.274618 -1.521291 -9.096209 -1.517068 -10.093243 -8.658015 -9.686990
5 20.650080 -14.740672 7.169390 -16.303706 51.886467 -10.847753 -11.756857 -26.056949
3 -0.247079 -4.498609 17.009253 -0.119098 -5.681964 -0.087845 -3.740893 -2.633766
1 16.458087 -2.189674 -6.494926 -1.578458 -1.040202 -1.496338 -2.914943 -0.743546
1 81.387001 -7.054770 32.488197 -19.991641 -32.692280 -23.038174 -17.223256 -13.875081
1 0.000000 0.000000 0.000000 0.000000 0.000000 0.000000 0.000000 0.000000
1 12.421038 0.000000 -10.010696 0.000000 -2.410341 0.000000 0.000000 0.000000
1 52.429336 -5.877701 -23.731657 -6.587307 1.402494 -8.586192 -1.195240 -7.853737
1 85.682723 -25.855571 7.636431 -18.915143 -3.754447 -5.240270 -14.824727 -24.728995
1 73.962509 -13.988574 -5.773238 -17.420972 35.500657 -18.347092 -25.183862 -28.749427
1 154.771724 -27.344670 -40.829535 -42.508136 68.027233 -48.098307 7.023580 -71.041896
1 153.307570 -10.409936 -19.987039 -32.015380 -20.174856 -36.067605 -4.990037 -29.662718
5 -6.724753 -7.298121 7.912542 -7.607077 37.042794 -0.996343 -10.806298 -11.522746
1 66.526273 3.104067 3.043460 -14.332017 -29.281846 -14.904958 0.293831 -14.448807
3 28.776138 -20.934798 46.112231 -15.987853 8.161419 -18.147964 -14.981365 -12.997810
1 11.798253 0.679635 9.349870 -2.740073 -9.339124 -2.360287 -3.808759 -3.579515
1 29.259737 -7.664025 17.031370 -13.941335 17.452796 -15.657964 -6.041301 -20.439279
5 3.334721 -16.845263 25.259324 -14.864496 40.757791 -9.415907 1.630687 -29.856857
1 121.866434 -31.808383 40.527982 -38.597420 23.348507 -29.585031 -27.004680 -58.747412
5 -2.689086 -6.913240 25.666048 -16.009780 37.684809 -9.854636 -8.561233 -19.322881
5 15.148520 -6.524859 7.886195 -9.014461 23.265523 -9.573805 -4.691987 -16.495128
1 62.881915 -2.065816 9.562842 -14.669889 -0.845559 -15.761013 -18.346230 -20.756249
1 29.003889 -6.007932 -19.484104 -11.675804 25.074532 -6.016735 4.197943 -15.091795
5 -8.168809 -4.162961 -0.064087 -7.425021 36.082747 -0.860239 -8.469713 -6.931916
1 68.270649 4.705800 -28.295173 -20.389287 18.312812 -10.967742 -5.587744 -26.049312
1 81.419061 35.359261 -28.308775 -30.262396 10.007973 -34.266884 -2.613239 -31.334998
3 18.975055 -30.881391 84.064844 -22.628056 7.713884 -22.402133 -15.045527 -19.796677
1 75.192038 -10.858378 48.250019 -20.797083 -41.287497 -20.303079 -19.970639 -10.225380
1 60.874133 -14.494055 -9.588073 -7.515846 -6.878930 -6.629792 -3.225649 -12.541790
1 21.249144 -4.708098 17.329158 -5.475445 3.112606 -6.181989 -12.976316 -12.349059
1 62.568826 24.529073 -36.668918 -16.199541 2.562634 -19.873027 -4.394700 -12.524342
3 -3.369354 -13.605300 77.188540 -8.712777 -30.695912 -9.611273 -6.773536 -4.420388
3 21.570104 -3.207652 23.099743 -10.656134 -5.022304 -11.822791 -2.209538 -11.751425
1 41.041528 -6.242712 12.497339 -14.857604 10.512724 -16.557948 -6.652938 -19.740390
3 0.153359 -12.581757 66.500669 -13.535886 -5.478769 -4.345709 -15.182364 -15.529542
3 4.861662 -0.074172 17.582239 -2.548035 -7.125796 -2.433670 -2.952757 -7.309471
3 1.468814 11.042171 24.369875 -6.340757 -5.412490 -7.006927 -7.883084 -10.237601
3 -7.692511 -5.045834 37.883431 -4.211979 -6.684959 -4.946982 -5.141362 -4.159805
1 52.210943 -18.260497 33.466994 -19.383161 21.105338 -20.484627 -8.895360 -39.759633
1 21.184638 0.890635 -0.857836 -13.685228 17.798364 -17.787568 -1.376428 -6.166578
1 80.793174 -34.319278 -4.155748 -24.293614 45.256621 -29.346160 -7.049440 -26.885554
1 37.199952 -5.262366 3.246095 -8.158423 -1.607719 -9.503559 -5.768498 -10.145482
1 34.390657 -0.987690 9.237371 -9.382575 -7.822096 -10.080562 -7.013906 -8.341196
3 10.533642 -6.229904 25.911214 -8.814503 14.383955 -10.611296 -10.337437 -14.835670
3 37.869515 3.875792 41.766991 -23.131097 11.741589 -13.320545 -27.555557 -31.246687
1 25.988186 -7.914675 18.679697 -8.145280 18.460031 -9.907498 -17.321920 -19.838542
1 103.321101 -4.341279 -5.893077 -22.976901 7.480987 -30.098999 -12.369260 -35.122573
1 0.000000 0.000000 0.000000 0.000000 0.000000 0.000000 0.000000 0.000000
1 41.481798 -5.267378 15.126186 -22.005651 3.443403 -23.010291 6.758992 -16.527060
1 45.379308 -21.822998 31.270867 -25.225261 19.389055 -27.355279 2.423440 -24.059139
3 46.381595 -11.681685 49.348042 -30.608022 20.534938 -32.137360 -22.227141 -19.610366
3 -8.023216 -9.543460 50.120444 -18.529992 15.476739 -10.992629 -5.619224 -12.888659
5 50.271916 -21.193767 1.503724 -23.467778 92.645455 -29.221238 -33.433019 -37.105294
1 109.644511 -29.756641 7.178342 -32.201481 66.529624 -37.494576 -39.849830 -44.049951
1 23.997496 1.787819 13.428879 -11.471600 -7.613824 -0.674915 -6.506161 -12.947693
3 -1.323879 -4.312056 29.117062 -4.124840 -6.834080 -4.139046 -4.223354 -4.159805
5 12.487615 -7.599740 -0.786758 -9.626938 35.844131 -9.917846 -9.626334 -10.774128
1 39.520425 -1.513850 -17.789303 -7.885766 -17.599234 1.375192 11.544502 -7.651965
1 34.473758 -12.243401 18.346170 -14.950993 17.067768 -6.016931 -15.055137 -21.621233
5 60.205703 -28.770209 65.014220 -48.401433 83.233236 -39.770826 -39.386637 -52.124046
3 5.959259 -6.421661 22.505816 -3.460282 1.113708 -3.984933 -8.402436 -7.309471
1 119.824447 -22.909065 47.915254 -44.458217 -2.002441 -45.516844 -6.911635 -45.941499
1 42.652070 19.328290 20.554898 -20.352592 0.634264 -12.932649 -15.334238 -34.550043
1 27.439894 -4.675505 18.396072 -13.475858 -7.218527 -15.663383 3.595007 -8.397703
3 -26.346865 -16.090080 54.955208 -13.270420 16.548029 -4.608207 -4.406927 -6.780738
1 66.993380 -4.784238 25.232285 -18.842891 -16.582371 -19.544000 -6.899166 -25.572999
5 16.261444 -9.249036 -17.950980 -10.501591 42.887398 -13.107971 -11.387075 3.047809
5 -17.611123 -4.212106 -6.827085 -6.554176 49.515892 -0.657729 -3.107055 -10.546617
1 86.220020 19.492687 -35.403733 -18.227547 -4.163989 -22.921421 -4.819412 -20.176605
1 48.072453 -19.313815 -7.915612 -10.153077 30.419088 -11.229967 -14.038599 -15.840471
1 49.172456 -5.390424 -5.632039 -5.021502 -16.869901 -4.064563 -5.505580 -6.688447
1 36.196929 -0.611608 2.392041 -14.877585 23.283342 -16.935787 -10.895999 -18.551328
3 24.560218 -7.292784 26.011833 -4.820704 -19.355993 -5.445256 -4.208124 -9.449189
1 71.281364 -6.591705 27.128032 -19.282485 -14.093586 -21.014012 -12.466162 -24.961444
3 -6.751964 -9.565283 24.345567 -9.642932 -6.690435 3.940183 6.225093 -1.860231
1 84.541649 -19.305969 3.848768 -19.056324 4.232177 -22.671343 -0.690471 -30.898491
7 -4.427394 -4.898681 8.702342 -4.211999 -3.415778 -4.175456 16.232351 -3.805384
1 42.119843 -2.168355 -6.245025 -18.942577 -6.773342 -19.495948 35.066805 -23.561398
1 48.241979 18.016387 -2.862869 -15.484681 0.607214 -17.509830 -11.073938 -19.934260
1 47.122441 -12.312801 -6.421214 -15.670021 13.573870 3.025519 -12.742512 -16.575286
1 21.527251 8.112049 13.796242 -13.875798 10.139966 -15.561771 -4.978724 -19.159217
1 145.542124 -27.011524 -38.693250 -29.729008 40.345410 -42.510304 -5.290779 -42.652673
3 -4.152842 -4.146575 29.117062 -4.124840 -4.170598 -4.139046 -4.223354 -4.159805
3 4.039443 -8.312416 37.439174 -8.670477 -0.914285 -7.895727 2.966540 -18.652255
5 5.588806 1.082015 -11.476892 -2.554013 13.450530 -4.663729 2.884276 -4.310995
1 54.218070 -6.047150 7.772038 -17.277290 2.950459 -19.592434 -18.670971 -3.352723
3 15.230128 -7.134117 18.487527 -10.984642 12.856595 -12.889588 -0.914200 -14.651704
1 32.435287 -9.931239 -2.417427 -9.467759 27.452709 -10.097196 -14.339863 -13.634512
1 72.629749 -25.626067 -5.119984 -27.355276 23.306244 -30.082984 12.043470 -19.795153
5 40.429398 -1.146961 -27.382940 -10.589432 47.540478 -15.752214 -14.025643 -19.072687
1 74.643984 -14.673294 -17.560151 -22.260493 55.623345 -27.054767 -13.905269 -34.813360
1 15.820786 -6.863092 11.609227 -3.052634 -5.490518 -2.948354 -5.201817 -3.873599
1 17.781483 -2.364702 14.666521 -8.862061 9.505795 -11.096088 -7.787242 -11.843710
1 89.165713 -24.283779 -10.622002 -23.884144 52.826552 -32.053123 -27.960367 -23.188852
1 184.241690 -58.717177 30.577303 -48.775613 61.201633 -53.288840 -38.347911 -76.891084
3 20.273198 -12.593471 39.625759 -14.049466 35.963291 -14.847464 -33.332094 -21.039753
1 0.000000 0.000000 0.000000 0.000000 0.000000 0.000000 0.000000 0.000000
5 23.859371 -6.821305 -27.573786 -5.774233 32.640934 -7.825888 -0.651358 -7.853737
3 19.000537 -8.638541 31.210352 -9.027281 -1.281655 -8.726020 -12.034310 -10.503081
3 35.579388 -19.165363 36.452048 -17.412344 10.071096 -18.421955 -19.852421 -7.250451
1 14.588479 -3.742223 6.310610 -1.725159 -2.513917 -1.472973 -8.587587 -2.857230
3 0.969921 -11.645794 37.108283 -25.545502 28.232954 -11.001899 15.237164 -33.355128
1 67.955162 -11.398828 -17.863129 -23.282354 36.141553 -24.414185 -34.078652 6.940433
1 71.227782 -23.410277 40.257127 -26.956591 40.179969 -32.219577 -25.834437 -43.243997
1 12.439336 -4.152850 -4.471284 -0.931941 1.637359 -1.757834 -2.600414 -0.162372
1 35.053607 -13.849320 20.503958 -10.381520 14.478927 -11.773675 -16.759519 -17.272458
1 32.738208 4.233062 -9.362567 -9.061825 8.521840 -9.275068 -7.662776 -10.130872
1 94.667535 6.454814 -5.257293 -22.946904 -7.278793 -25.286204 -15.424704 -24.928445
1 123.671223 -29.096056 -30.599503 -30.734802 62.263687 -36.262515 -15.258348 -43.983690
1 28.174942 -7.607842 23.051094 -11.674931 -40.075835 -1.040922 25.723923 -16.550431
1 35.121989 2.184633 17.812754 -12.122648 -9.088313 -12.440849 -9.546852 -11.920711
7 -11.771101 -7.869604 14.005562 -4.745691 -9.238870 -4.618365 14.082381 10.155687
1 49.316174 -6.964932 8.818655 -10.380701 5.679149 -12.148600 -11.946853 -22.372891
5 -23.677620 -16.710520 27.371647 -13.981989 51.983454 -7.277341 -7.499025 -10.208607
3 18.612137 -20.735161 34.663977 -15.940767 22.996992 -16.920360 -8.983133 -13.693687
3 13.556813 -8.279809 15.882163 -5.625019 1.760701 -5.769379 -6.044337 -5.481133
3 0.890346 -2.533059 6.310610 -1.725159 4.692107 -1.472973 -3.304643 -2.857230
1 80.438250 -14.184644 25.880584 -32.169369 9.564682 -37.930951 3.226704 -34.825261
1 90.182367 -25.141369 -34.332469 -18.215684 58.713400 -20.010922 -19.938356 -31.256968
1 52.487030 -13.201072 15.696364 -14.056245 3.037074 -15.422489 -12.824887 -15.715775
1 23.108417 8.295499 12.936612 -9.346914 -3.909361 -11.268955 -11.175002 -8.640297
1 39.806858 -17.870961 13.074278 -11.177688 17.315744 -11.801729 -12.833145 -16.513357
1 42.367932 -14.767630 21.814740 -11.646322 -7.386610 2.164543 -13.357877 -19.188775
1 61.578853 21.609269 -16.099916 -13.729580 -14.418419 -15.666377 -9.186948 -14.086881
3 27.854253 -8.085527 29.119857 -17.187415 22.570321 -22.096078 -23.156577 -9.018838
1 32.490296 4.227621 18.290873 -12.160874 -7.216771 -13.953956 -4.519797 -17.157394
1 55.187034 -9.134248 18.403270 -21.840071 22.538825 -27.763868 -3.875647 -33.515293
7 7.439204 -2.360805 7.725902 -5.252705 4.693035 -11.714264 8.204953 -8.735320
1 47.672540 -9.413208 42.661455 -25.003088 28.755142 -30.588400 -25.878977 -28.205463
1 35.172575 -7.138092 12.619536 -22.833148 0.333519 -3.285342 -1.761720 -13.107326
3 -22.222929 -13.761666 69.270790 -13.893715 1.991910 -14.049680 -4.492938 -2.841771
1 12.912583 -3.989176 0.728747 -2.669835 10.407333 -3.725509 -6.174663 -7.489482
1 22.456375 -6.763642 -14.938541 -2.836045 11.465214 -2.507405 -4.464724 -2.411231
1 96.633706 -10.569283 -22.244944 -20.716203 26.535980 -22.591265 -23.131112 -23.916875
1 48.282994 -10.387994 -6.643749 -12.696658 18.146362 -17.089192 -4.346296 -15.265470
3 -8.388786 -20.283309 78.678349 -14.967393 -8.275796 -14.690871 -8.727854 -3.344339
1 71.448842 -5.327798 -18.383846 -19.632257 42.692346 -26.569282 -13.434664 -30.793343
1 67.499996 -16.818236 -25.695145 -10.934588 17.770480 -2.491982 -13.046627 -16.283895
3 12.344192 -12.051591 30.236809 -8.719540 -26.073908 -7.384669 9.488589 2.160118
1 107.286204 -14.467388 -30.161375 -27.350166 15.102645 -30.426621 14.438716 -34.422017
1 28.799399 -6.821305 -15.013525 -5.774233 11.678415 -6.970569 1.955554 -7.853737
1 40.728437 -5.236025 15.920908 -18.047576 27.294169 -21.847690 -16.264090 -22.548135
1 15.827456 8.816946 -9.807773 -3.757555 -4.173373 -4.311183 0.265547 -2.860064
1 92.095115 -32.960933 53.481633 -39.521679 51.131390 -41.424860 -23.534523 -59.266142
1 44.135823 -6.506160 -2.275209 -6.128144 -9.329601 -5.275154 -6.219236 -8.402319
1 27.515908 -6.769045 -10.907674 -4.330553 4.848458 8.134969 -8.373547 -10.118515
1 69.937533 -12.413503 -13.676788 -14.530396 20.389273 -17.761677 -8.005293 -23.939152
5 -17.953318 -7.748870 10.309563 -5.155247 33.514068 2.892355 -9.851184 -6.007367
5 17.077395 -2.085309 3.001915 -19.637854 38.566534 -25.181405 3.533748 -15.275028
1 52.190513 -13.535803 17.496313 -15.819962 4.298746 -15.480653 -0.856107 -28.293052
1 15.827456 8.816946 -9.807773 -3.757555 -4.173373 -4.311183 0.265547 -2.860064
1 38.187255 -8.097798 32.599544 -13.254633 14.979971 -16.908379 -24.471232 -23.034729
1 69.572046 6.867895 5.831127 -16.927547 -17.238585 -17.844403 -13.618518 -16.642011
1 12.696439 4.559681 -0.800534 -6.208850 5.068046 -6.262006 2.582774 -11.635551
5 -12.957109 -8.424120 -2.739754 -9.534033 30.056005 8.143142 4.051757 -8.595887
5 37.199597 -17.328569 0.455371 -14.467111 38.709828 -14.779053 -16.075925 -13.714135
1 159.141153 -35.463567 4.363885 -38.493510 22.288460 -42.650604 -19.482841 -49.702978
1 186.739562 -21.927021 3.194589 -52.038874 39.279711 -59.751139 -20.057462 -75.439370
5 25.612603 -20.997364 34.027061 -15.840105 42.713567 -18.485215 -18.854783 -28.175766
1 68.676121 -18.963135 -11.878687 -32.480256 68.323487 -32.604330 -1.775601 -39.297599
1 65.796273 -13.004217 9.079825 -13.212602 1.308622 -14.695459 -17.701655 -17.570786
5 21.829288 -18.420644 28.594869 -14.198587 36.451661 -15.485324 -19.978873 -18.792386
2 31.679150 35.133598 0.404477 -16.330912 -4.191090 -19.487354 -11.729752 -15.478114
1 28.219751 3.251913 -0.305469 -11.767938 8.661050 -13.644029 7.079207 -21.494489
1 46.450442 -15.354153 43.488341 -13.782338 -3.797250 -16.502782 -18.371236 -22.131024
1 41.755602 -3.182443 10.386248 -15.284208 27.239970 -17.080880 -19.597760 -24.236529
3 6.223553 -0.904184 14.833709 -2.805610 -5.018118 -2.456481 -5.013292 -4.859577
1 57.137882 4.446241 -20.760540 -10.807880 -1.957226 -10.601750 -6.641753 -10.814973
1 20.498518 0.000000 -14.978209 0.000000 -5.425850 0.000000 -0.094458 0.000000
1 37.203218 -16.999372 24.128020 -12.338967 20.103632 -13.972447 -11.689580 -26.434505
1 0.000000 0.000000 0.000000 0.000000 0.000000 0.000000 0.000000 0.000000
3 19.556176 -21.472949 68.468776 -25.203609 18.207529 -28.786812 -14.407717 -16.361392
1 32.682579 3.114661 -11.628410 -12.580911 20.101526 -14.003487 -5.450974 -12.234982
1 30.409639 -15.782909 -15.907099 -8.351466 25.494389 -7.929022 1.563185 -9.496715
1 84.749235 -10.493224 -4.010332 -15.522442 -7.482741 -18.227706 -7.611437 -21.401355
1 48.543025 -12.728795 -10.621609 -18.370240 47.184816 -22.295685 -0.475841 -31.235676
1 14.798866 -6.115965 4.210559 -5.479269 11.322739 -5.648541 -4.404652 -8.683737
3 -16.926547 -31.346314 74.889428 -23.505567 61.494486 -25.514181 -17.354070 -21.737237
3 -0.451705 -5.305384 35.888144 -7.721626 4.909224 -7.379233 -10.090723 -9.848695
5 -7.030994 1.385735 0.919899 -8.256816 34.267186 -1.715696 -12.137235 -7.432076
1 26.932406 -0.964106 -11.759758 -7.996798 20.465174 -11.778983 -6.424877 -8.473058
