5 4.019941 -13.023582 17.134745 -11.028973 32.437767 -10.852478 -9.780880 -8.906541
8 11.397829 -6.796104 -15.720220 -3.871730 -9.004230 -4.008583 -3.012747 31.015784
1 30.664331 0.345994 29.490123 -23.440735 28.706510 -23.489631 -28.020551 -14.256043
2 -4.614009 12.434228 -1.280836 -2.052673 2.691695 -1.917595 -2.943080 -2.317729
1 43.959866 8.569093 5.629073 -15.026561 -16.357583 -15.219100 -13.834723 2.279936
3 42.855329 -18.812139 52.354423 -16.393092 7.951038 -16.929516 -20.730226 -30.295813
5 4.190500 -19.711982 19.054677 -12.129927 30.000985 -12.485473 -6.195779 -2.723002
3 2.015694 -4.641018 27.562598 -8.417001 16.957545 -8.818689 -11.228989 -13.430137
3 5.852852 -13.030053 49.615612 -7.988650 -3.142443 -8.127690 -14.682026 -8.497602
3 5.718058 15.149808 51.747026 -18.616160 20.455757 -18.874654 -21.576713 -34.003122
5 9.319782 -1.676512 10.062971 -6.418260 12.289084 -6.316591 -8.850760 -8.409714
1 50.265304 -8.337418 48.336294 -23.570900 -0.115356 -24.230111 -27.642295 -14.705514
3 20.744246 -7.079344 24.260810 -11.552189 13.592650 -11.134228 -19.853393 -8.978554
3 -13.630940 19.504265 32.592000 -7.601532 0.436061 -7.545879 -14.264459 -9.489517
3 -1.174918 -10.025755 53.361646 -14.052645 -10.829211 -14.086551 2.606979 -5.799544
5 13.783002 -2.114439 3.126022 -6.853695 16.762700 -6.870270 -8.717622 -9.115698
2 -23.621144 54.493723 39.632088 -16.819774 -4.260250 -17.094479 -20.552736 -11.777429
2 -23.421474 17.724014 17.552719 -12.368846 16.475060 -12.790560 -1.478005 -1.692906
3 -11.953443 -43.675312 55.307132 -11.998567 26.260820 -11.818286 -19.012915 16.890569
3 1.029428 -1.147554 40.652029 -19.192116 11.058514 -19.111282 0.332836 -13.621855
3 14.358560 10.562244 45.624520 -17.381472 13.565907 -18.168636 -15.544186 -33.016936
1 32.077497 4.231695 15.996851 -9.304234 -0.105990 -9.632067 -15.077560 -18.186192
2 8.528548 16.323063 -12.404921 -2.526553 2.853424 -2.823333 -2.804842 -7.145385
1 4.317577 -3.319332 -0.998244 0.000000 0.000000 0.000000 0.000000 0.000000
3 -12.282100 -19.513520 27.339595 -6.862348 22.782809 -7.453915 -12.959899 8.949377
3 -11.772121 -48.655714 65.406515 -19.336452 48.447515 -19.769586 -20.436907 6.116750
5 0.483982 12.770470 -4.471945 -8.685733 27.827434 -8.298605 -7.342531 -12.283073
3 2.389795 -3.923251 7.415743 -0.687705 -3.825858 -0.656482 -0.653094 -0.059149
1 26.654073 -14.993419 2.393114 -1.487640 -19.092592 -1.403153 -3.540146 11.469765
5 -0.013737 -9.367152 -26.733995 -1.773387 37.688347 -2.250603 -3.210217 5.660745
3 -12.620376 9.248606 16.091653 -3.075129 2.121638 -2.742442 -3.105917 -5.918034
5 7.000101 -12.210964 -8.187958 -1.772140 21.647502 -1.810400 -2.513094 -2.153047
1 13.827063 -8.355620 7.643044 -0.405891 -9.317775 -0.401374 -0.555648 -2.433800
8 -13.365807 -0.920101 2.063670 -8.235189 4.656920 -7.899792 0.446138 23.254160
3 10.320612 -1.387960 36.809348 -22.162931 9.195006 -21.640299 -15.681223 4.547446
2 14.652470 40.463584 6.597452 -12.307744 -18.727049 -12.075179 0.132775 -18.736310
5 10.586645 -43.762593 -8.240221 -13.409564 71.634682 -13.448012 -13.187303 9.826365
5 -1.988332 -1.996387 3.968225 -3.439248 17.988694 -3.508685 -6.845560 -4.178705
7 2.281314 8.205121 8.191543 -10.135164 5.791207 -10.273411 10.816148 -14.876760
1 26.965823 -15.644642 -8.354653 -2.800336 10.482488 -2.785646 -8.537584 0.674549
3 1.124269 -5.605352 43.632048 -11.121754 -0.660996 -10.819542 -3.490071 -13.058603
2 13.634345 15.789396 -6.849751 -7.626262 -8.422971 -7.458860 10.022216 -9.088113
1 41.178921 -38.294080 -11.552439 -12.619184 36.995171 -12.374370 -9.338706 6.004684
3 7.098813 -44.606470 71.871666 -14.265604 17.290672 -14.094598 -7.083387 -16.211093
2 -15.950044 21.107401 17.002854 -10.940474 6.170669 -10.910960 -7.795137 1.315692
3 -40.766133 -13.427028 64.567613 -9.789947 -0.987403 -10.145712 -9.352443 19.901055
3 0.528588 14.307415 24.822636 -9.577595 8.448805 -10.009576 -13.190191 -15.330083
1 33.889910 -19.182396 27.342008 -13.590253 4.633210 -13.859839 -15.552865 -3.679774
1 45.318667 -12.970485 -46.624102 -5.457246 15.395512 -5.712011 -12.181860 22.231524
2 41.937045 59.868261 27.139890 -23.504355 -0.899287 -24.074569 -25.820015 -54.646966
5 29.006601 -41.958103 19.956270 -11.892183 32.449099 -11.881073 -11.481108 -4.199504
3 -19.595390 -10.298234 69.163730 -17.787627 16.400700 -17.905556 -0.356103 -19.621521
3 13.384923 -10.654765 36.580080 -8.875128 7.049460 -9.168012 -13.200453 -15.116105
3 -1.923615 -3.434645 17.786320 -4.580373 1.967868 -4.561619 3.010285 -8.264220
3 -0.164300 6.819995 31.452108 -10.794392 11.515267 -11.030714 -11.048892 -16.749072
1 43.407036 1.418541 -22.323164 -6.734837 -1.029790 -6.702519 -12.663534 4.628266
3 12.398721 -4.100527 40.229329 -12.369292 3.461016 -12.128277 -7.203021 -20.287947
5 17.061902 -6.658189 -2.949891 -8.531167 34.330990 -8.441326 -13.934538 -10.877781
5 7.353738 -0.944639 8.236404 -10.777992 24.824360 -11.131409 -5.902162 -11.658300
1 24.420047 11.851285 -16.152174 -2.526553 -4.819043 -2.823333 -2.804842 -7.145385
3 22.256561 -28.138801 33.997988 -16.805950 24.275837 -16.998570 -2.236371 -16.350691
5 -11.030840 4.153124 35.226967 -16.019560 35.568469 -15.555978 -20.560513 -11.781668
5 26.345022 -37.000055 19.484541 -16.772234 57.396669 -16.581322 -9.668288 -23.204334
3 -25.243128 11.345295 16.709832 -13.385398 13.797737 -13.401092 2.196969 7.979784
1 48.624789 -6.100255 -1.708241 -17.087871 21.838613 -17.412079 -14.027850 -14.127106
2 -9.570665 24.185386 18.672991 -10.023349 -10.379651 -9.868843 -3.447361 0.431491
3 22.747744 0.128947 42.332491 -18.577944 11.972769 -18.434372 -5.614010 -34.555625
1 15.065749 -6.567760 -14.553158 -0.130356 -6.017214 -0.077867 -1.021014 13.301620
1 84.040861 -42.655823 39.895523 -19.460927 -3.127892 -19.540760 -7.546568 -31.604414
1 14.732715 10.367472 14.441723 -5.293595 -13.578032 -5.359000 -4.540905 -10.770379
3 23.722715 -24.454987 77.513013 -18.711108 8.571254 -18.611686 -19.079623 -28.949577
3 -7.304566 -28.016735 72.660470 -15.108188 23.265116 -15.083359 -9.047056 -21.365681
5 13.095895 -21.738296 2.780614 -3.284034 19.179664 -3.331567 -8.688453 1.986176
1 25.652829 -10.513983 -16.436697 -5.661563 9.691868 -5.580692 2.954926 -0.106689
3 12.270498 -12.326195 21.168563 -10.813747 13.593000 -11.012938 -3.242251 -9.636928
3 22.024373 -34.309556 37.407331 -9.349414 -6.214053 -9.538002 0.370699 -0.391379
1 62.093589 -6.058577 -17.182745 -19.281957 43.237415 -19.860903 -15.821630 -27.125191
3 43.224866 -26.062521 91.853884 -21.074769 -4.238721 -21.737867 -32.154041 -29.810826
1 63.083567 -16.058161 35.636246 -17.170034 -15.420117 -17.018152 -6.899302 -26.154049
3 11.258149 14.423390 39.149383 -17.154861 4.056889 -17.170308 -7.456665 -27.105977
1 37.863543 15.409378 10.854467 -19.719701 1.645100 -19.996810 -11.574048 -14.481929
3 27.842264 -11.075762 31.437681 -11.362852 9.987968 -11.203031 -17.509673 -18.116597
3 -0.972868 12.148368 29.213824 -14.859974 3.806987 -14.793510 -8.586811 -5.956016
2 5.024228 21.099891 8.632733 -5.601682 -4.615216 -5.565775 -5.910759 -13.063418
5 -2.810400 15.306921 -9.107549 -6.373065 29.999769 -6.436980 -8.029827 -12.548869
1 57.010787 6.290811 -41.167305 -9.589078 5.744181 -9.455307 -13.219370 4.385280
5 12.516650 5.401739 12.293182 -12.099690 26.982777 -12.404579 -15.317755 -17.372325
1 17.515411 14.453440 16.840369 -6.796065 -6.688863 -7.221221 -10.502943 -17.600130
5 41.526151 15.382330 -46.773061 -14.765683 56.954497 -14.499782 -25.037409 -12.787043
1 0.000000 0.000000 0.000000 0.000000 0.000000 0.000000 0.000000 0.000000
5 -28.560748 -15.182100 42.498738 -13.525442 57.794231 -13.268995 -19.954005 -9.801677
3 10.922298 -14.110740 15.091060 -4.365587 8.861629 -4.398996 -5.907680 -6.091985
5 9.905371 -38.747323 6.069649 -5.872134 27.765181 -5.988374 -9.083724 15.951354
3 21.737833 15.006158 53.311677 -26.274348 -12.639030 -26.761411 -10.190080 -14.190800
5 5.633295 -6.285157 2.906196 -6.369204 24.155081 -6.299040 -11.998804 -1.742368
5 11.421306 -17.241272 2.222263 -4.727095 17.597208 -4.757137 -8.756811 4.241536
3 9.788823 10.381035 48.066420 -19.755995 14.891607 -19.628201 -12.178026 -31.565661
1 24.552958 -6.127909 -6.761734 -0.903322 -7.414630 -0.921840 -1.266776 -1.156747
1 20.993188 1.775506 11.122564 -9.383228 14.760512 -9.458304 -11.567189 -18.243048
3 16.476699 32.155396 56.076207 -26.384343 8.249374 -26.738276 -17.797764 -42.037295
1 32.504332 -3.512723 -1.775270 -10.404955 10.185397 -10.884318 -4.604937 -11.507526
3 40.868103 -12.607004 53.086386 -24.015391 28.008236 -23.434602 -26.893481 -35.012246
1 49.565716 -24.908970 -2.955470 -14.365504 10.744421 -14.466446 -8.221468 4.607721
1 0.000000 0.000000 0.000000 0.000000 0.000000 0.000000 0.000000 0.000000
3 8.151912 -10.560143 14.289523 0.000000 -9.836037 0.000000 -1.421890 -0.623365
5 7.967784 -8.556080 11.929053 -9.179181 25.118407 -9.156555 -10.850170 -7.273259
5 0.404105 -4.212501 -4.349409 -4.748167 29.561196 -4.902572 -11.593642 -0.159011
5 38.646839 -34.253750 33.800748 -16.246366 40.398728 -16.419456 -24.344326 -21.582418
3 6.828975 -35.197037 65.643254 -10.803540 11.153827 -10.723319 -21.726733 -5.175427
2 -16.357462 17.597661 12.151240 -5.127802 4.096177 -4.660037 2.476766 -10.176544
1 25.547132 9.481837 8.879279 -10.675576 -21.905052 -10.365540 13.505393 -14.467474
1 46.593284 -9.913785 -5.673036 -13.051707 18.643476 -12.983689 -17.935058 -5.679486
1 32.787656 -31.004544 -12.071731 -9.060641 16.336825 -8.832080 -0.202025 12.046539
5 28.252337 15.337267 -4.504897 -20.985830 44.645784 -21.896034 -8.945804 -31.902821
1 28.987719 4.651974 0.067663 -5.618177 -5.843619 -5.757659 -5.258158 -11.229744
1 57.803146 -27.298600 19.372064 -15.720522 15.857769 -15.935477 -18.008664 -16.069717
1 0.000000 0.000000 0.000000 0.000000 0.000000 0.000000 0.000000 0.000000
1 40.247623 12.169582 31.718540 -20.547349 16.570200 -21.011581 -22.468196 -36.678817
3 -20.201285 -19.022755 54.148734 -23.890498 47.182097 -23.654075 16.432698 -30.994920
5 46.466060 -28.748211 19.537239 -22.894886 51.878510 -23.216776 -23.295859 -19.726079
3 4.305873 2.268323 27.429929 -21.791101 7.342620 -22.106898 -16.629749 19.181002
3 41.669553 -14.379046 50.935061 -15.076065 -2.378009 -15.005278 -20.065283 -25.700933
3 -23.285446 -3.622421 49.775029 -14.116532 8.529962 -14.356101 -13.423714 10.499223
3 -5.746513 -5.796445 31.137765 -7.071461 9.099106 -6.797594 -0.931594 -13.893263
3 -10.467505 7.296041 56.533621 -17.114022 18.349241 -17.319165 -6.883906 -30.394304
1 28.384538 -11.114069 -8.511250 -8.398155 12.609140 -8.429773 -9.734293 5.193861
3 -29.710857 3.686311 35.760085 -10.886629 18.839803 -10.642983 6.562344 -13.608076
3 11.095384 -8.715404 14.330950 -5.194428 1.038633 -5.160243 1.656823 -9.051714
5 18.804761 -32.045849 1.576248 -22.656800 69.675134 -23.015443 -28.422904 16.084852
3 -0.241151 -18.729377 30.087478 -3.797523 7.695976 -3.929074 -4.172303 -6.914024
3 14.486898 -12.536334 53.976142 -12.071212 -6.819190 -12.082514 -3.593471 -21.360319
3 8.218260 -16.615312 22.878136 -3.664191 6.120110 -3.714348 -5.486396 -7.736257
8 3.994629 11.533442 1.938498 -9.372210 -6.274184 -9.679481 -10.831327 18.690637
3 46.571799 8.018872 91.798046 -32.282255 -21.418960 -33.072697 -35.436603 -24.178201
1 19.230884 11.822800 -15.815648 -2.711853 -14.094201 -2.696346 -6.096162 10.360526
2 23.781077 40.595924 -23.747884 -8.440567 -16.292868 -8.656229 -8.494258 1.254805
3 7.735270 -40.108469 64.939132 -9.464702 13.182740 -9.692063 -14.136800 -12.455108
1 35.151183 17.124444 5.103584 -16.728133 27.195877 -16.757114 -22.117499 -28.972346
5 3.403451 -7.955637 21.946881 -10.293309 36.081922 -10.398046 -17.644226 -15.141038
3 0.772473 -20.231848 45.273266 -1.846032 -15.892214 -1.785809 -2.422385 -3.867450
1 42.838732 5.390743 -20.482120 -14.681955 2.712239 -15.079843 -14.108774 13.410978
3 8.363133 -1.439453 42.161085 -13.986191 11.402528 -13.727477 -13.611420 -19.162206
3 2.511146 7.345238 24.615717 -9.295228 3.538879 -9.397438 -0.981097 -18.337217
3 3.626942 27.502797 104.723923 -29.625165 -11.705889 -29.729192 -28.434941 -36.358473
1 48.422191 -60.483970 27.771524 -19.726166 25.712829 -19.490593 -20.351979 18.146162
1 13.075095 -4.523894 -4.978972 -0.418998 -0.571878 -0.623365 -0.441647 -1.516341
3 -8.976383 10.128332 27.419685 -9.020454 -12.021821 -9.000102 -0.285573 1.756317
1 30.531099 -17.441663 -8.042522 -2.210493 -5.036796 -2.243964 -6.335727 10.780066
3 1.557143 15.308901 95.670270 -22.681909 -19.108622 -21.946657 -18.135934 -30.663190
5 -1.063761 -13.755207 13.503244 -4.372945 13.954678 -4.536798 -5.263539 1.534330
3 9.549827 0.573913 66.199418 -14.957687 -24.121089 -14.996066 -8.118977 -14.129342
1 81.479998 38.213630 -22.159475 -22.111510 7.771008 -23.007689 -28.539408 -31.646552
1 32.955932 -6.661780 1.249812 -6.925348 -3.918793 -7.079783 -10.327109 0.707068
5 1.806190 4.254333 15.068598 -13.909194 32.730333 -13.638383 -16.847938 -9.463939
5 9.174033 21.659402 -30.078930 -3.525563 22.131437 -3.728230 -6.828881 -8.803268
1 25.166381 -12.454390 22.553590 -12.652913 14.766071 -12.786862 -8.969181 -15.622697
2 -2.830632 7.251952 -1.616401 -0.584041 -0.550805 -0.506467 -0.251250 -0.912355
3 -8.223022 -12.535437 31.595224 -1.414977 -5.021276 -1.325286 -1.866737 -1.208490
3 -4.726693 -10.818192 20.308420 -2.440239 6.499741 -2.603788 -3.075061 -3.144187
3 -4.812601 -28.904951 34.926708 -10.346539 25.474132 -10.476087 6.414661 -12.275324
5 21.423008 -26.427190 7.067525 -8.061013 33.823204 -8.015613 -11.434376 -8.375546
5 -15.169055 -22.436808 21.303897 -9.974594 47.515771 -9.940437 -1.782858 -9.515917
3 6.690887 -0.566979 23.781648 -10.468898 13.556900 -10.421234 -8.867211 -13.705113
3 17.482306 28.624394 57.482343 -18.494005 -30.283298 -18.345114 -23.912496 -12.554128
1 28.792460 -23.604005 0.566955 -3.567777 -0.136426 -3.569250 -7.432969 8.951011
8 10.690085 -7.221887 -17.510891 -0.130356 1.970311 -0.077867 -1.021014 13.301620
2 17.164466 23.105622 -16.344878 -2.656910 -5.140324 -2.876036 -4.007435 -9.244505
1 20.325888 -3.762540 7.342566 -6.880388 -23.529836 -7.011552 5.882126 7.633735
2 15.548511 21.625834 -4.158039 -7.954278 8.885329 -8.374782 -7.449317 -18.123256
5 3.433596 18.683537 28.963838 -25.156202 36.125328 -25.009310 -26.273039 -10.767748
1 30.893976 -11.547147 -5.163818 -1.344801 -21.187600 -1.331529 12.677349 -2.996429
1 36.091687 12.276458 -1.746550 -11.482028 -23.822116 -11.483168 -0.076935 0.242650
1 17.609835 1.167512 -8.891136 0.000000 -9.886210 0.000000 0.000000 0.000000
3 -4.763409 -13.329866 20.301220 -2.113443 5.821419 -2.087743 -1.959281 -1.868897
5 0.748402 -5.446268 -12.440551 -1.355424 22.639637 -1.377672 -2.370317 -0.397806
2 7.357406 36.035018 -4.091760 -7.966687 -18.988196 -7.750490 -10.054387 5.459095
3 0.930711 -5.600487 30.485945 -12.621156 20.525002 -12.682952 -2.750829 -18.286234
1 39.519920 13.730528 -3.151637 -9.373247 -0.409307 -9.700847 -9.864965 -20.750443
1 21.889235 -16.970856 -8.929696 -2.210493 -3.994848 -2.269129 2.623620 9.862166
3 -1.958451 -6.471347 46.724547 -11.580398 5.209083 -11.792405 -2.358791 -17.772237
3 -5.271789 3.440173 25.758671 -9.325714 6.442700 -9.340343 -1.200878 -10.502820
3 30.985191 -7.215227 78.356692 -16.924547 -25.035276 -17.017773 -8.603605 -34.545453
3 2.267957 -7.055576 38.530301 -12.646320 12.907962 -12.742101 -2.750829 -18.511395
2 7.001579 12.330872 -4.048010 -5.194078 9.264373 -4.995880 -8.515010 -5.843846
2 28.568736 44.612293 -2.897577 -12.726754 -3.614202 -13.195189 -18.809992 -21.937317
1 37.521648 -21.410799 7.722358 -7.688405 1.924113 -7.622393 -11.790693 1.344171
3 48.943572 -18.659911 91.787378 -29.388207 17.615306 -29.696056 -25.874221 -54.727861
3 -8.740861 14.571490 64.851944 -18.425549 -6.831579 -19.022325 -21.751007 -4.652110
3 31.023409 -33.289656 32.953879 -9.209875 14.938388 -9.301278 -12.990116 -14.124751
3 3.055114 -13.595501 34.729915 -4.977115 3.566916 -4.803446 -8.014851 -9.961032
1 46.637494 -11.639291 16.979570 -11.505721 -11.911420 -11.641402 -8.738714 -8.180517
3 6.976534 -6.115753 24.505970 -11.621076 23.133566 -11.630796 -10.149994 -15.098452
3 5.639903 4.874886 17.365408 -7.038937 -0.456479 -6.880589 -0.488443 -13.015749
5 12.470752 10.722576 14.333771 -15.147709 24.114186 -15.506285 -5.555671 -25.431619
3 11.116060 -9.118903 17.722529 -5.667477 8.373541 -5.788940 -7.184672 -9.452136
5 -2.842238 -21.777143 -5.278433 -5.939236 16.848577 -5.952311 11.129301 13.811481
3 -3.504050 -16.380370 23.656548 -7.906301 18.953991 -7.847134 1.240553 -8.213237
3 -8.095022 -0.517181 32.381454 -4.982175 2.115742 -4.471950 -6.419513 -10.011356
3 -7.278598 9.341893 42.323771 -11.786316 6.211322 -11.633412 -3.835764 -23.342896
1 24.520273 -4.697625 -6.896263 -1.725947 -5.948762 -1.640321 -2.513094 -1.098261
1 37.569631 -11.110858 -2.496211 -10.079452 19.476804 -10.139710 -5.397338 -17.822865
3 5.891730 -10.134518 39.430751 -8.152276 5.408281 -8.327201 -9.693160 -14.423606
3 -13.868477 11.708255 22.143598 -8.441714 -5.782390 -8.476920 0.263950 2.453698
1 64.389018 5.653256 -7.589689 -19.949693 3.802674 -19.511084 -16.960669 -9.833814
3 -18.012765 -10.538782 49.303278 -3.906065 -2.348833 -3.561261 -4.721404 -6.214168
1 0.000000 0.000000 0.000000 0.000000 0.000000 0.000000 0.000000 0.000000
3 5.832601 -3.922644 18.254227 -11.254139 5.142966 -11.154153 -2.539831 -0.359028
3 -3.504050 -16.380370 23.656548 -7.906301 18.953991 -7.847134 1.240553 -8.213237
3 -0.766002 -20.906322 64.791877 -14.647537 28.033904 -14.784415 -19.264452 -22.457051
3 -4.724647 4.492435 28.622704 -9.325714 10.505026 -9.340343 -9.726641 -10.502820
3 4.685280 15.833581 34.289944 -12.647795 -9.358729 -13.307009 -10.773586 -8.721685
5 1.730569 -19.643493 -3.065536 -2.669980 31.819608 -2.732943 -7.588531 2.150304
3 8.801302 44.825313 56.033723 -26.196535 -7.330795 -26.818212 -21.331732 -27.983065
3 10.373304 2.658420 35.059200 -13.945616 -22.577995 -14.614838 -2.382716 5.430243
3 9.914199 8.881127 26.618915 -9.091610 -6.714190 -8.798184 -4.853414 -15.956843
3 18.741202 46.903042 55.927459 -27.960552 22.035153 -28.804556 -31.744954 -55.096791
5 -0.248172 -23.763889 5.791806 -7.986083 29.792965 -7.971056 9.874977 -5.490551
5 -3.267994 9.317771 -10.243050 -9.005893 24.603638 -9.004311 -1.152873 -1.247289
2 -2.881693 12.491486 -11.079084 -1.678738 2.412928 -1.666367 5.863843 -3.462374
1 66.859079 -28.421410 -11.715996 -14.533267 -0.842609 -14.328694 -14.780848 17.763743
1 29.620011 -16.377873 20.238991 -8.945961 1.679047 -8.960615 -2.897395 -14.356205
1 15.097508 -8.089336 -12.487083 -1.253624 12.368502 -1.449282 -1.996747 -2.189938
2 30.732598 52.859350 -9.673228 -12.259050 -7.116032 -12.718460 -12.455733 -29.369445
3 18.872159 -18.824828 76.449961 -19.440135 5.097679 -19.772306 -34.550238 -7.832293
2 3.820100 7.171246 3.558448 -2.081209 0.073947 -2.385403 -6.511561 -3.645569
1 0.000000 0.000000 0.000000 0.000000 0.000000 0.000000 0.000000 0.000000
5 -7.232597 10.649320 -3.651419 -2.488108 11.904636 -2.471274 -3.063482 -3.647078
1 32.253396 -16.377873 20.238991 -8.945961 -0.954339 -8.960615 -2.897395 -14.356205
3 18.419097 -16.487365 20.898529 -9.839273 18.042474 -9.666234 -9.026028 -12.341201
2 15.974802 27.102946 -9.322777 -7.241409 5.160195 -7.659152 -6.796224 -17.218382
1 0.000000 0.000000 0.000000 0.000000 0.000000 0.000000 0.000000 0.000000
5 -2.551896 -3.983548 3.126501 -0.950658 8.306517 -0.914273 -2.089270 -0.943372
5 15.668386 -2.858155 21.848846 -14.298841 35.254258 -14.494803 -20.387859 -20.731833
2 -3.866664 8.815387 5.322516 -2.052673 -1.040161 -1.917595 -2.943080 -2.317729
2 23.647113 35.683186 12.973779 -14.249499 7.063830 -15.062738 -26.841300 -23.214374
3 -24.195883 -2.569140 24.027699 -3.540713 4.699193 -3.448138 7.148233 -2.121252
1 67.476265 -51.476760 -6.630291 -8.108911 -8.575406 -8.234697 9.328846 6.220954
3 -4.865183 -13.468414 42.031674 -12.535519 30.859709 -12.631570 -14.344028 -15.046673
5 6.162610 -18.667085 -12.083832 -7.675455 26.898636 -7.668339 1.527678 11.505787
1 13.327111 -12.730101 4.212338 -2.844924 -6.284561 -2.728439 -3.215498 10.264075
3 7.496724 -25.734447 26.379553 -5.283052 12.535473 -5.163320 -10.096262 -0.134669
8 12.235117 0.684192 -16.169559 -0.714397 -6.568019 -0.584334 -1.272264 12.389264
3 -8.871644 -2.776686 44.769467 -12.332962 3.915016 -12.454190 -8.494985 -3.754017
1 34.490859 -1.800977 0.477712 -17.904316 27.577673 -17.524210 -20.082641 -5.234103
1 30.711959 -10.189712 -13.406176 -2.794534 -4.851841 -2.750431 -6.586976 9.867710
1 20.194354 3.866153 -24.551271 -2.789507 10.983164 -3.081124 4.031205 -8.652974
3 0.202651 -3.434645 29.456694 -5.722640 -7.003784 -5.713628 0.847711 -8.632358
5 35.938989 -22.653460 37.267515 -26.472408 47.716046 -26.778827 -24.710299 -20.307555
5 -3.704519 7.072474 -3.370154 -2.081209 15.246505 -2.385403 -6.511561 -4.266134
3 -7.461944 10.024289 59.736934 -12.049596 -7.210780 -11.861815 -6.176310 -25.000778
3 1.798533 13.255956 14.576270 -10.512218 12.980328 -10.819495 -0.940910 -20.338462
3 -0.470636 -12.394580 37.671610 -3.222403 -8.609084 -3.318105 -6.767110 -2.889692
2 -2.050580 31.435005 -0.836161 -8.825246 10.981802 -8.772234 -7.802308 -14.130278
3 -31.112374 -10.376899 78.604223 -20.346356 42.287922 -19.982180 -4.931129 -34.143209
3 -24.768693 0.439041 17.950854 -5.349381 -1.085351 -5.445843 7.344978 10.914395
1 26.940193 -8.443889 -16.502433 -0.843226 -11.079786 -0.793498 -1.674107 12.396745
5 -4.537113 -4.023309 4.955148 -4.722653 22.800594 -4.650538 -10.278071 0.455940
5 -3.927908 -29.190980 -4.087122 -10.731085 73.523298 -10.853366 -3.828496 -10.904340
2 2.725149 16.835359 -0.484356 -5.017641 8.811369 -5.059308 -5.659509 -12.151063
1 32.065918 1.204865 -23.038392 -9.280262 26.057548 -9.775789 -1.599720 -15.634169
1 36.365742 -14.924205 26.817649 -14.625869 13.765336 -14.872959 -12.806720 -19.718974
3 5.545768 1.661082 17.339247 -9.673342 -0.623549 -9.509870 -0.637462 -4.101877
1 20.446728 -3.181394 13.720021 -14.895699 -7.557292 -14.733569 16.057898 -9.856694
3 -6.069532 -13.837741 41.728090 -7.802777 0.246657 -7.879725 4.768939 -11.153912
2 -11.944861 15.142900 4.357278 -3.861341 -7.750258 -3.915300 -2.746336 10.717918
1 46.450901 8.635525 -19.067224 -9.236482 -10.073065 -9.165665 -10.699602 3.155611
5 -8.790112 6.198783 10.884901 -3.906546 13.259161 -3.673939 -4.597933 -9.374316
1 18.251160 16.781198 -13.187021 -10.912478 6.959317 -11.185157 -0.669005 -6.038014
2 11.540041 16.323063 -16.152174 -2.526553 3.589184 -2.823333 -2.804842 -7.145385
5 30.528439 -31.567358 -13.170081 -5.689098 41.165264 -5.706761 -11.299500 -4.260907
3 10.973504 -10.091974 71.219813 -23.884633 35.869509 -23.548675 -21.995572 -38.541975
3 6.259278 5.752681 19.286628 -7.457880 9.792993 -7.663096 -8.734570 -17.236032
3 -5.733149 -27.964447 103.532625 -12.920859 -15.501887 -12.392596 -6.771304 -22.248383
3 -3.345595 -6.966892 14.357604 -1.400574 0.997781 -1.372113 -1.306187 -0.964023
3 -2.098585 -9.862455 85.371167 -15.503851 -11.526594 -15.418645 -17.105670 -13.855368
5 -1.971132 -11.669818 21.239763 -9.638486 29.326893 -9.705452 -8.349450 -9.232319
3 22.312511 -11.600629 36.099086 -13.923769 14.805406 -14.054224 -8.324953 -25.313426
5 3.708350 8.732601 10.806626 -14.589864 32.984886 -14.703132 -11.678642 -15.260828
3 -8.223022 -12.535437 31.595224 -1.414977 -5.021276 -1.325286 -1.866737 -1.208490
3 36.476382 2.427909 40.620794 -12.499185 -19.974402 -12.349043 -10.454686 -24.247770
8 -17.617011 34.942518 -12.249214 -8.193603 -23.720182 -8.929589 -4.963392 40.730473
1 28.349512 -14.612485 2.388340 -6.017650 4.775939 -6.269688 -14.650205 6.036235
5 4.626361 19.796853 19.889632 -19.128042 29.746958 -19.252071 -13.968051 -21.711643
1 22.754366 8.512750 15.724581 -9.295228 -8.980717 -9.397438 -0.981097 -18.337217
5 3.044672 -22.918841 21.920698 -8.642030 24.943656 -8.523628 -1.611291 -8.213237
5 3.377393 26.432385 19.692270 -18.173491 47.382449 -18.640671 -24.362921 -35.707417
5 31.042662 -54.410191 39.262589 -15.622950 50.391876 -15.388362 -18.666653 -16.608972
1 29.528478 11.242587 -1.637419 -11.358466 6.670082 -11.436727 -6.296026 -16.712508
2 -1.268343 30.511727 1.036590 -12.169899 17.648730 -12.258246 -14.602651 -8.897909
5 11.941496 -30.374769 25.850822 -13.180511 38.956251 -13.131299 -5.519727 -14.542265
3 8.723070 -40.635082 68.564213 -12.592931 11.289532 -12.651944 -10.784529 -11.912330
2 14.212076 45.950753 -30.047773 -14.537475 10.704778 -15.687458 -10.285725 -0.309175
1 69.933330 -60.308854 48.213669 -19.838162 2.931987 -19.909777 -6.228199 -14.793996
2 13.472469 15.010781 -3.326982 -6.103311 -2.458059 -6.022238 -2.959531 -7.613129
1 3.575827 2.116625 -2.992745 0.000000 -2.699708 0.000000 0.000000 0.000000
5 1.595206 -24.968387 18.371614 -6.103863 25.445939 -6.269542 -6.891212 -1.179755
3 15.530145 2.064479 21.160347 -9.909283 2.609644 -9.996062 -2.334559 -19.124711
3 12.411490 12.595336 15.698943 -11.839188 -24.278295 -11.726044 9.998218 -2.860460
5 8.649754 -12.236798 12.976017 -8.239027 13.360254 -8.134950 -1.691287 -4.683964
1 47.661465 -14.510087 23.944284 -19.238020 2.885868 -19.790584 -7.795693 -13.157234
3 -5.186224 -6.284494 77.689702 -21.008754 -8.408081 -21.292516 -12.741281 -2.768350
1 72.580618 27.849128 -60.518077 -13.120374 15.168039 -13.854887 -20.366704 -7.737743
1 15.065749 -6.567760 -14.553158 -0.130356 -6.017214 -0.077867 -1.021014 13.301620
1 53.451267 -18.537026 -18.911265 -7.257491 -8.950119 -7.171121 -1.552669 8.928423
3 16.173877 1.421006 26.933366 -10.904179 -23.655536 -10.913926 4.494422 -3.549030
3 33.434707 -25.936665 36.272556 -13.692244 13.072067 -13.871064 -26.171153 -3.108206
1 66.193661 -3.272137 22.980405 -22.242248 21.218591 -22.255337 -23.554157 -39.068778
1 65.898373 -26.340134 -24.147948 -17.081184 2.605973 -17.133089 -6.166215 22.364220
5 -7.207769 -5.908743 -4.437483 -3.485441 36.797252 -3.678764 -6.845560 -5.233491
1 30.989367 -8.090829 -23.177951 -0.130356 -11.082792 -0.077867 -1.731191 13.301620
1 54.427784 -31.151299 -14.014421 -9.161302 -4.041756 -8.947479 7.362542 5.525927
1 28.807972 20.912907 -14.764734 -13.412686 11.472601 -14.193925 -7.622213 -11.199925
2 7.421379 34.514616 22.283596 -16.624670 -21.276886 -16.525309 -17.842160 8.049433
1 10.011209 -6.731828 6.805912 -1.301759 -5.385408 -1.255106 -1.296379 -0.846642
5 6.835779 3.975086 4.131229 -4.714855 9.549863 -4.835818 -4.244922 -10.696362
3 -28.795475 20.857632 33.447390 -11.527416 16.832827 -11.812118 -1.586337 -17.416502
5 1.019627 -21.257546 4.455125 -7.836074 36.792663 -8.260917 -17.113180 12.200299
1 42.828874 -8.268917 17.139177 -18.038937 18.213790 -17.916189 -17.867712 -16.090085
5 1.723512 -19.592673 16.420707 -7.250353 25.808624 -7.294562 -4.324706 -5.490551
1 53.180394 -35.830536 -1.521490 -8.473217 17.248419 -8.638706 -11.195318 -4.769549
3 1.517583 -3.085136 40.406741 -8.965757 -11.995176 -9.191653 -12.826424 4.139822
1 22.726173 1.167512 -11.488532 0.000000 -12.405154 0.000000 0.000000 0.000000
1 46.871358 24.010622 2.413668 -21.336534 10.619618 -21.442931 -22.545460 -18.590340
3 -18.493074 -4.439782 47.656746 -11.724160 11.308512 -11.636473 -0.415834 -12.255935
2 28.201058 30.259524 -10.117799 -9.825739 11.559017 -10.049802 -14.262054 -25.764206
5 -2.801015 -5.501337 12.885485 -5.316103 14.076862 -5.238113 0.158441 -8.264220
3 50.797753 -27.501750 82.187365 -18.322916 -50.895783 -18.438591 10.656992 -28.483070
1 69.793755 -23.491355 14.071975 -10.678123 -30.452634 -10.668867 10.815830 -19.390580
1 73.355628 31.184374 22.728685 -36.513494 45.873362 -37.437738 -35.530445 -63.660374
1 7.877882 4.829886 2.461894 -2.081209 -0.545921 -2.385403 -6.511561 -3.645569
1 15.315618 0.303977 -3.393113 -2.211566 -9.675123 -2.463270 -7.532575 9.656050
3 18.069840 4.617569 32.748901 -24.054949 17.113454 -24.032555 -5.460300 -19.001961
3 17.958809 20.300760 30.056525 -10.137831 -17.877556 -10.638443 -11.856251 -17.806010
1 30.840354 24.092025 -3.546869 -16.855344 11.456237 -17.116611 -1.646600 -27.223195
1 34.795463 -5.200614 5.072525 -18.561098 13.961894 -19.421284 -21.722253 11.075370
3 25.896225 -36.850390 60.610003 -34.316214 56.191191 -34.511761 -4.851021 -32.168033
1 80.093505 -69.202054 -24.720291 -20.755778 48.125982 -20.719878 -27.865352 35.043863
5 5.001082 -29.772972 16.868806 -12.905490 46.199046 -13.102167 -8.066820 -4.221485
3 3.138622 9.324794 14.873754 -4.740020 -3.412644 -4.894967 -3.991382 -10.298158
1 12.290854 11.328234 -5.572567 -3.883837 2.862461 -4.148619 -3.902084 -8.974440
2 16.908405 21.234830 13.318557 -11.821782 1.849303 -12.220771 -3.785939 -25.482602
1 32.704744 5.507301 11.647896 -14.673971 25.982685 -14.880633 -19.056750 -27.231271
2 2.153254 35.516536 -24.253660 -6.925705 22.576205 -6.579425 -11.955574 -10.531632
1 39.688305 25.806636 4.487223 -15.177924 10.795644 -15.950445 -19.423651 -30.225785
1 64.858911 -76.495805 23.878065 -12.569107 25.356637 -12.599504 -22.085715 9.656517
1 21.413342 4.214682 -5.965850 -6.169819 13.681942 -6.268870 -6.737659 -14.167766
1 52.013500 -19.129398 12.858913 -20.536877 13.782385 -20.607731 -26.195790 7.814997
5 6.695152 39.581729 -19.039885 -18.033983 60.990796 -18.869690 -36.610521 -14.713601
5 18.395664 -24.881608 11.424320 -12.614950 46.894967 -12.598454 -14.002885 -12.617054
3 41.937201 -44.742561 58.433805 -18.336133 25.864915 -18.236941 -19.032189 -25.888101
1 38.704282 0.895679 27.493758 -7.529386 -21.181453 -8.391345 -12.947112 -17.044423
3 -2.103428 0.158694 45.489286 -6.006464 -12.195253 -6.074631 -5.652172 -13.616035
1 27.442358 21.881565 8.205332 -10.461396 -33.709762 -10.955269 -13.741036 11.338208
3 4.681781 -4.210190 21.526711 -4.538700 -5.665780 -4.485066 -0.035674 -7.273083
3 -4.220863 11.385421 35.205042 -11.379628 -12.383499 -11.262825 -9.239947 1.896300
1 34.996907 -36.098890 -9.836729 -8.782083 19.286631 -8.653029 -0.228476 9.315668
1 6.493371 -4.823403 6.369878 -0.418998 -5.039494 -0.623365 -0.441647 -1.516341
5 -0.621795 9.482327 -0.684538 -8.688711 9.601015 -8.585313 0.467710 -0.970695
3 -5.076665 -0.900863 67.162731 -10.960073 -6.485232 -10.996923 -11.388489 -21.354484
3 -9.340702 1.616036 19.027584 -4.492912 9.191435 -4.521383 -6.018141 -5.461916
2 -5.045619 21.459513 21.194514 -6.792693 -4.452805 -6.812562 -6.934462 -12.615887
1 26.671165 -11.938247 -23.135457 -2.063063 -2.294167 -2.010877 -3.209492 17.980137
1 56.113064 29.360804 9.265488 -18.498262 -10.902046 -19.149868 -7.107954 -39.081224
2 25.163037 45.115366 -9.669419 -9.821702 -10.252493 -9.676579 -12.331187 -18.527023
3 13.848388 -41.081681 43.562274 -14.950253 34.342185 -14.723031 -16.183051 -4.814834
1 45.085868 -7.820599 4.393833 -5.618225 -5.750376 -5.769799 -10.114966 -14.405736
5 22.259861 3.783643 -48.684006 -4.477531 25.677264 -4.353738 -8.723256 14.517763
3 -9.889569 14.416651 19.753628 -12.447081 17.592618 -12.236003 -4.258929 -12.931314
2 16.783410 34.274192 -2.017076 -9.322618 4.498382 -10.044554 -13.307785 -20.863951
8 8.080534 -3.783875 5.172314 -4.263166 -0.937955 -4.161559 -8.568630 8.462337
3 19.808135 -6.803003 42.407178 -19.619708 33.479142 -19.417356 -15.200851 -34.653536
2 -7.049168 63.909761 -35.924712 -13.949716 44.178476 -14.408154 -10.849251 -25.907237
3 8.172705 -25.712380 63.991213 -18.009907 26.502940 -18.231725 -10.851439 -25.861406
3 -31.247859 47.198983 80.890419 -16.900447 -5.489389 -17.111198 -23.094862 -34.245646
3 -21.503102 0.558664 53.202427 -9.562549 7.312755 -9.033569 -2.699050 -18.275577
3 -3.001925 0.000000 8.649719 0.000000 -5.189622 0.000000 -0.458173 -0.000000
3 -24.971154 8.674817 20.224771 -6.281091 9.320943 -6.022215 3.552059 -4.498130
5 52.541107 -42.096218 38.108403 -24.198805 54.970581 -24.774472 -30.171569 -24.379026
3 16.553848 15.317865 51.408461 -23.061845 14.438958 -23.731434 -22.428269 -28.497582
3 -0.725260 -16.558593 41.138569 -4.525404 -21.545701 -4.603262 -3.242964 10.062616
5 2.948674 -20.354619 25.405187 -9.681690 31.425000 -9.637109 -5.749239 -14.356205
2 27.187012 27.999209 -6.787704 -4.910723 -34.033473 -4.737519 8.651329 -13.368131
1 34.053639 17.078623 21.205053 -15.565530 -0.908950 -15.118311 -18.319538 -22.424985
1 24.549245 -11.574042 -1.940405 -3.485037 10.843161 -3.472368 -8.930683 -5.989872
8 -7.330852 2.708672 5.638114 -1.808668 -10.441953 -1.997705 0.196745 13.035647
1 55.558424 -29.117357 39.585610 -4.819181 -44.263040 -4.519295 -7.875400 -4.549758
3 45.122520 -14.989443 67.245599 -16.913494 -6.047468 -17.405478 -27.071721 -29.940515
3 7.289235 -30.491110 46.670729 -13.414155 24.846499 -13.398138 -6.829702 -14.673359
1 45.005190 17.034307 -5.747874 -9.004583 -7.970876 -9.385812 -8.449114 -21.481237
5 8.587931 -18.591515 19.018108 -12.575977 27.540891 -12.797659 -4.999564 -6.182214
3 6.888034 0.930188 37.145378 -10.136922 -1.762650 -10.178411 -2.966796 -19.918823
1 45.946756 -0.076232 10.788338 -17.569031 20.104804 -17.858516 -22.340776 -18.995343
3 32.700488 -12.612586 70.196863 -22.977680 13.729890 -23.158985 -27.433436 -30.444550
3 -4.265646 1.942493 20.372716 -9.528192 0.279965 -9.513832 -0.026737 0.739233
5 7.336420 -11.961509 6.955462 -8.567792 38.633861 -8.560597 -17.679280 -6.156565
1 28.877171 -24.290298 9.524444 -8.976300 17.226476 -8.934883 -6.837800 -6.588812
1 13.933791 -14.110740 11.343807 -4.365587 9.597389 -4.398996 -5.907680 -6.091985
3 -3.637527 -7.005201 41.495421 -8.555668 9.068532 -8.811719 -8.372630 -14.181207
3 -11.574053 5.061044 37.258320 -13.672270 10.372029 -13.483818 -6.586823 -7.374429
2 -0.418025 9.879917 9.196562 -3.889877 -13.460732 -4.383108 -6.314817 9.390078
3 0.694074 17.584314 21.726579 -10.900278 -12.776190 -10.795889 -3.234779 -2.297831
3 10.599733 -15.394806 13.072366 -4.365587 12.486955 -4.398996 -5.907680 -6.091985
3 14.071192 -30.946093 32.776723 -9.639115 16.961111 -9.562763 -1.321651 -12.339404
3 7.087003 -2.819731 27.726202 -6.794992 2.993901 -7.001915 -8.595917 -12.594551
1 37.181141 -9.003330 -0.588950 -2.633556 -30.217816 -3.022445 -0.800550 9.085506
2 13.602710 18.265556 -11.563194 -10.912478 8.499583 -11.185157 -0.669005 -6.038014
1 49.332560 5.279987 -0.531019 -6.690270 -30.560875 -6.820267 -8.160242 -1.849873
3 -0.548244 0.536702 9.397355 -0.578740 -7.036988 -0.523182 -0.549523 -0.697381
3 -0.507120 0.000000 11.670374 -1.142267 -6.338267 -1.152008 -2.162575 -0.368138
1 0.000000 0.000000 0.000000 0.000000 0.000000 0.000000 0.000000 0.000000
2 -4.883082 7.201967 0.000000 0.000000 -2.318884 0.000000 0.000000 0.000000
3 7.653244 -13.678019 10.131110 -6.752995 9.580721 -6.919883 -6.260458 6.246281
1 25.672319 5.009134 10.781333 -6.159908 -14.458354 -6.211316 0.450140 -15.083347
3 31.324617 -3.471580 44.809734 -17.125639 -22.485055 -17.557923 -3.833226 -11.660929
1 95.579041 46.665109 4.091998 -25.565104 -22.369833 -26.368695 -18.217975 -53.814538
2 8.528548 16.323063 -12.404921 -2.526553 2.853424 -2.823333 -2.804842 -7.145385
2 33.883983 66.400929 -20.061663 -20.904019 23.179911 -21.262158 -25.509607 -35.727372
3 7.524105 -21.279165 45.999701 -10.933636 11.570029 -10.562350 -3.648950 -18.669736
2 30.832745 54.372411 -15.802117 -13.239269 6.227977 -13.474948 -20.964457 -27.952340
3 -4.724647 4.492435 28.622704 -9.325714 10.505026 -9.340343 -9.726641 -10.502820
1 34.570495 -9.722057 -33.069189 -5.326889 21.412725 -5.634143 -11.160847 8.929904
5 14.607554 4.312991 -12.010006 -15.167688 44.604622 -15.936980 -0.320222 -20.090272
3 -16.579057 52.251553 76.778371 -25.198770 -13.642712 -25.305835 -17.516082 -30.787465
3 28.422373 -25.001158 38.028240 -12.661405 -2.680549 -12.362059 3.062099 -16.807540
1 35.594669 -16.549106 -3.338845 -10.049692 14.048898 -10.139237 -0.606470 -8.960218
5 34.850213 -13.940000 -25.039516 -6.348711 34.850254 -6.765838 -11.217982 -6.388419
1 58.860861 -44.171421 -25.715771 -6.790713 6.275747 -6.790980 1.479772 16.852502
3 -8.702188 -10.563977 27.718195 -4.860082 -12.329272 -4.621448 2.551811 10.806960
1 30.271051 26.253113 5.912701 -14.731603 12.854688 -14.560671 -18.731081 -27.268198
3 -9.312165 4.571399 61.571152 -19.009100 19.209948 -18.545452 -29.445143 -9.040641
3 -3.607450 20.545610 54.294274 -13.838844 -14.296505 -14.282179 -17.904054 -10.910850
5 18.269781 26.599958 -40.349754 -12.500141 49.513113 -12.936433 -23.251956 -5.344572
3 0.575655 -5.728358 12.082208 -12.896446 3.207691 -12.985973 5.826658 9.918565
1 49.166943 -25.051501 -43.136479 -4.676614 -9.828372 -4.547680 21.842188 16.231513
5 15.222676 -13.074556 15.980973 -7.815890 19.556389 -8.029284 -11.882021 -9.958288
2 6.062078 18.645319 -5.163971 -7.846445 4.911998 -7.441588 -11.688686 2.521294
3 -7.257372 0.588764 31.909521 -8.397641 13.643898 -8.604145 -2.376589 -19.506436
1 29.159014 0.404469 -19.317156 -4.737046 4.353726 -5.067298 -8.430391 3.634681
3 14.707710 -27.287239 22.576293 -7.864407 17.717041 -7.893186 -5.678168 -6.278044
3 -2.079875 -11.808872 12.359025 -3.643266 9.163339 -3.445537 -3.932817 3.388003
1 32.081981 7.950674 9.637828 -7.440651 -4.153108 -8.041993 -18.522193 -11.512541
1 13.075095 -4.523894 -4.978972 -0.418998 -0.571878 -0.623365 -0.441647 -1.516341
1 14.563039 -21.951437 10.135787 -2.583576 -3.697100 -2.412157 -4.190673 10.136117
1 33.288443 14.474819 -19.535657 -14.668461 27.626489 -15.384395 -2.046256 -23.754983
3 9.899290 9.057409 52.429611 -16.796831 12.936074 -17.293608 -24.591339 -25.640605
1 18.728681 -9.504776 -21.358334 -2.063063 1.437723 -2.010877 -3.209492 17.980137
3 8.071586 -0.561071 21.140924 -7.038937 -1.227720 -6.880589 -0.488443 -13.015749
2 6.609827 71.876636 -12.252056 -8.697928 -25.273744 -8.982951 -9.617962 -13.661821
1 57.510075 -60.055992 -21.397402 -16.683806 44.508194 -16.840276 19.082829 -6.123625
5 12.516650 5.401739 12.293182 -12.099690 26.982777 -12.404579 -15.317755 -17.372325
1 55.281501 -12.992254 14.991858 -23.948656 16.413852 -24.042662 -13.534353 -12.169287
5 46.334405 -9.834235 -19.670615 -13.403568 47.837706 -13.840601 -19.075920 -18.347171
1 0.000000 0.000000 0.000000 0.000000 0.000000 0.000000 0.000000 0.000000
5 7.319075 32.195470 -26.599482 -10.307263 43.336084 -11.096578 -14.479669 -20.367637
3 -15.391408 -42.838544 93.540353 -18.449148 9.544077 -18.545850 -18.542732 10.683252
3 -25.056251 23.785107 41.889480 -15.611176 17.980130 -15.917518 -3.689972 -23.379801
1 58.022358 -25.937732 27.241909 -23.720445 47.567447 -23.891372 -18.950919 -40.331249
3 9.420733 -7.103152 66.405227 -15.625221 -15.984477 -15.252443 -18.927417 -2.933250
8 -11.867965 -1.314637 10.593262 -6.531320 12.358641 -6.648243 -10.081327 13.491588
1 37.628053 -10.651803 -11.740706 -1.322320 -7.986509 -1.545205 -1.708423 -2.673088
5 -7.575443 21.257005 19.348289 -14.800110 28.168210 -15.139156 -7.043074 -24.215721
3 8.920735 -17.233062 18.373906 -3.166438 3.624034 -3.217641 -4.379830 -2.921702
5 10.721178 -13.180766 -12.541127 -3.722113 38.441901 -3.889300 -7.639324 -8.190450
3 -8.612522 43.847606 92.607627 -42.640741 45.927467 -43.245794 -21.185019 -66.698627
3 -5.969643 9.167900 21.266502 -4.572297 2.746391 -4.621377 -9.366229 -8.651247
2 38.603914 89.217710 3.343476 -30.153377 -0.738924 -31.191569 -31.642469 -37.438762
3 -8.896095 -15.245899 55.359778 -15.777697 32.805146 -15.539849 -24.824612 -7.880775
5 16.427391 -19.152756 26.775614 -14.189117 37.232071 -14.448106 -18.014445 -14.630652
3 -12.391170 2.236409 26.906259 -10.998593 25.580828 -11.136399 -1.862931 -18.334403
5 -20.190817 0.677008 14.445350 -11.682420 18.854084 -11.409684 4.763541 4.542938
5 10.585300 8.214371 -14.517455 -11.188786 35.885891 -11.368524 -6.605425 -11.005370
1 27.402690 -3.982827 0.556934 -9.171753 25.097739 -9.329616 -18.702834 -11.870333
2 24.133859 27.692901 -21.430982 -11.777217 5.354516 -11.505117 -16.709180 4.241218
3 2.560639 8.339204 42.990904 -13.959090 5.215627 -13.823663 -11.330743 -19.992877
1 24.060513 -10.664234 -3.277477 -4.907083 4.763662 -4.986752 -4.621902 -0.366728
1 30.085865 21.060555 27.487769 -14.415330 -5.800434 -14.917080 -22.670294 -20.831051
1 12.375125 2.654307 2.029360 -4.592656 1.289453 -4.841595 -9.249562 0.335567
5 -0.264785 -30.351690 5.966155 -15.626834 73.625134 -15.796197 -7.091721 -10.460064
3 -6.217799 -7.965134 23.340699 -6.651994 -18.398239 -6.817116 18.822380 3.887203
5 3.625539 5.504871 8.269608 -4.966792 9.163372 -5.427122 -5.879903 -10.289572
1 44.687565 21.198865 -6.326879 -9.824585 -3.564690 -10.447037 -12.906683 -22.816554
2 2.469050 39.787606 -31.017163 -8.901516 17.743690 -9.461941 -9.930229 -0.689496
3 -10.354747 35.786208 40.780014 -14.329471 -12.181303 -14.830000 -18.244817 -6.625885
3 24.016791 -32.823983 32.331615 -11.312569 16.613916 -11.349957 -1.102904 -16.372908
1 44.569575 -4.749364 -22.194705 -5.156044 1.194557 -5.715827 -9.148632 1.200439
1 79.314423 -43.991875 59.237515 -29.199437 24.889479 -29.650740 -33.195674 -27.403692
1 13.075095 -4.523894 -4.978972 -0.418998 -0.571878 -0.623365 -0.441647 -1.516341
1 6.910438 -5.865137 1.994873 -1.725947 3.937449 -1.640321 -2.513094 -1.098261
2 9.623482 12.837598 -17.852097 -2.526553 11.568036 -2.823333 -3.058382 -7.768750
5 11.226964 -14.764866 4.909409 -4.365587 19.392740 -4.398996 -5.907680 -6.091985
5 10.114399 -33.703412 19.342632 -11.641454 50.263300 -11.945592 -10.232386 -12.197487
5 21.922900 -39.104810 -7.597753 -7.816271 51.888258 -8.009131 -14.196376 2.913183
1 56.434283 -33.559555 9.887873 -12.609123 1.485911 -12.964646 -7.101479 -1.573262
5 8.828908 1.635693 17.212220 -16.895305 50.112931 -16.906968 -17.799707 -26.187774
1 49.669199 -23.340982 9.096710 -18.069303 37.081664 -18.357747 -25.219768 -10.859775
3 -2.065524 -0.989688 18.614589 -0.584041 -13.305263 -0.506467 -0.251250 -0.912355
5 -2.773808 1.471987 27.115791 -14.702365 35.771507 -15.068355 -9.262390 -22.552368
1 65.486855 -44.880760 4.520508 -11.108323 23.710643 -11.082780 -17.854686 -8.791459
5 32.566975 -11.965915 48.955196 -33.062484 79.613293 -33.310973 -28.759040 -54.037052
3 6.314025 -30.760036 96.789646 -15.026682 -2.133773 -14.205766 -12.037166 -28.940248
1 0.000000 0.000000 0.000000 0.000000 0.000000 0.000000 0.000000 0.000000
5 13.385977 -21.035325 9.460192 -7.326433 14.983978 -7.606263 -6.789085 4.926959
5 13.566911 -24.104046 15.585924 -7.875080 24.251067 -8.111073 -6.029860 -7.283843
1 19.043355 -9.724238 -16.331205 -3.774941 7.951555 -3.631404 -7.633085 14.099963
3 3.406409 -7.242584 14.716359 -1.166405 -6.667013 -1.159768 -1.827849 -0.059149
3 7.041818 9.860962 46.113910 -8.501910 -24.789137 -8.449946 -12.199831 -9.075865
3 10.271669 2.617830 37.258276 -18.894751 27.231229 -18.787450 -11.319595 -28.377208
5 23.012998 -5.402998 -22.608589 -16.654555 89.014727 -15.879239 -31.107198 -20.375150
5 -2.537316 5.912262 -19.896509 -2.511067 30.554079 -2.441507 -5.743462 -3.336478
3 -6.235738 4.301597 35.304831 -10.008098 7.626758 -10.113068 -1.634190 -19.242092
5 1.806190 4.254333 4.912578 -12.551910 37.898050 -12.313097 -15.750696 -8.255450
3 15.772491 8.439428 50.810240 -16.564011 -13.352817 -16.281178 -2.625077 -26.199077
1 47.479398 -4.669984 36.122334 -17.911931 -37.491020 -18.608720 -18.782629 13.862555
1 53.884499 -1.439154 -9.415326 -8.200664 -13.708542 -8.226399 -13.487808 0.593391
1 21.826646 -2.147585 -21.357960 -8.492068 17.150080 -8.710909 0.081653 1.650142
3 -7.124906 -0.351251 39.564034 -9.855450 7.736438 -9.797319 -6.699905 -13.471641
3 5.931092 -15.375613 24.981532 -3.054293 0.310504 -3.202412 -3.718346 -5.872463
5 13.518325 -1.859455 21.410339 -14.780430 28.324410 -15.322014 -4.356849 -26.934325
3 11.541046 10.647157 46.309356 -14.477422 4.910309 -14.662418 -17.104139 -27.163890
2 -6.047758 33.276083 8.799749 -7.771343 -7.961099 -7.779466 -1.697639 -10.818526
3 2.389795 -3.923251 7.415743 -0.687705 -3.825858 -0.656482 -0.653094 -0.059149
5 29.282415 54.948759 -8.619921 -26.050537 63.544637 -26.238960 -40.954629 -45.911768
1 34.752529 14.979918 29.262167 -15.671491 4.883662 -15.962545 -21.744288 -30.499952
3 6.063432 -22.424750 47.548629 -12.592344 17.875923 -12.300216 -11.435574 -12.735104
1 33.880068 -8.337264 -21.886716 -2.443789 -12.806335 -2.353103 -3.765140 17.712279
1 31.803953 -23.604005 -3.180298 -3.567777 0.599334 -3.569250 -7.432969 8.951011
1 28.752715 22.853649 -8.319947 -12.750872 4.402521 -12.791067 -9.139391 -13.007608
1 16.981343 12.109001 -27.409037 -4.115736 -3.146935 -3.928472 -6.152572 15.662408
3 33.514404 -7.531988 39.435658 -18.727394 33.095109 -18.341825 -32.868705 -28.575262
5 17.322984 -26.768055 9.739540 -16.867164 32.577511 -17.170213 -0.372410 1.537807
5 15.602208 5.185624 4.205401 -24.092402 83.764199 -24.213254 -22.689560 -37.762216
3 15.295444 -6.939494 23.265009 -6.827523 5.313488 -7.126624 -12.974890 -10.005412
3 0.880732 4.763178 18.274721 -4.568244 -2.630178 -4.637371 -7.160938 -4.921902
1 77.303291 -45.083450 39.085616 -12.128503 -25.415167 -12.038255 -13.843305 -7.880230
3 -36.464971 16.091036 52.248917 -17.375320 19.532993 -17.598644 -12.689399 -3.744613
1 17.040174 8.157220 8.282961 -4.714855 -8.549731 -4.835818 -5.306952 -10.072997
1 17.202072 -12.106459 7.628558 -2.131838 -1.949835 -2.041695 -3.068742 -3.532061
3 7.457013 6.283054 31.468451 -15.886535 13.515295 -16.049534 -10.459663 -16.328082
3 23.524911 -37.147487 38.141203 -13.311548 23.756938 -13.359611 -0.532851 -21.071555
3 13.290469 -32.516845 43.241128 -10.979555 19.196405 -11.053292 -5.738027 -15.440280
3 28.631028 -17.726976 56.817025 -21.197836 27.832657 -21.230029 -16.948279 -36.177590
3 -24.148579 -2.569140 31.584711 -4.682980 1.919864 -4.600146 4.985658 -2.489390
1 28.870259 -5.617002 26.304392 -8.655361 -24.594278 -8.875219 -6.863379 -0.569411
3 -9.763531 -11.046535 20.510276 -6.181612 3.512725 -6.534504 -5.066794 14.569977
3 6.602939 -11.402068 16.981921 -6.174255 -0.844563 -6.396701 -5.710935 6.943663
1 36.403335 -33.734851 12.237114 -10.860376 18.767187 -10.923902 -8.505010 -3.383499
2 -4.614009 12.434228 -1.280836 -2.052673 2.691695 -1.917595 -2.943080 -2.317729
2 13.672221 52.770846 16.958842 -29.051165 14.390159 -29.810218 -18.944001 -19.986683
3 -7.821090 0.393914 19.992674 -11.939242 15.659237 -12.078173 -11.195019 6.987698
3 5.949062 6.481527 19.525795 -6.016615 -3.641445 -6.090924 -5.287760 -10.919639
1 46.959390 -44.554305 38.757229 -16.191474 10.882269 -16.230090 -21.578831 1.955809
1 26.897100 12.992207 5.768283 -11.606996 14.021824 -12.058147 -12.703904 -23.310367
3 -10.967154 -7.589551 24.001090 -4.358775 2.058687 -4.157323 5.292546 -4.279521
1 33.744506 4.274056 -12.670384 -9.659110 23.173985 -10.228077 -14.591440 -14.043536
2 -4.614009 12.434228 -1.280836 -2.052673 2.691695 -1.917595 -2.943080 -2.317729
3 8.939190 -3.140262 23.372584 -8.800998 1.332886 -8.825062 -11.070798 -1.807543
5 8.096226 -3.399010 17.715597 -11.761590 24.206225 -11.531126 -10.766515 -12.559809
1 16.621150 11.799169 2.479066 -4.468544 -6.227475 -4.940932 -5.964711 -9.297721
8 -3.741010 -8.837391 -0.871500 -3.671070 3.339388 -3.526005 6.127219 11.180367
2 10.866485 13.627744 5.878660 -9.531718 13.152400 -9.352409 -11.030963 -13.610200
1 21.197396 -9.838659 4.752479 -6.306320 -3.263428 -6.201940 9.022955 -9.362481
1 81.395153 41.424931 -0.608616 -28.266033 23.392620 -29.770161 -30.853660 -56.714233
2 39.333795 52.872805 -17.014159 -14.075644 -4.562225 -14.322535 -15.436965 -26.795069
1 57.584729 15.620433 41.477840 -35.190717 32.500957 -35.718139 -18.536148 -57.738955
3 1.633746 5.278546 19.714882 -10.030958 15.647873 -10.073931 -3.832941 -18.337217
1 36.280188 -2.563699 21.497827 -9.964073 -10.565477 -10.056603 -2.972921 -21.655241
1 41.717478 -7.106081 -24.464295 -7.311573 10.713804 -7.047374 -15.507991 9.006031
5 22.519021 -9.188117 -15.058231 -8.780049 37.101963 -9.108385 -12.642515 -4.843688
3 13.068452 -44.603685 38.008901 -10.924968 33.586726 -11.044164 -21.958138 3.866876
3 16.797555 -14.605184 32.662963 -12.125641 23.784043 -12.780998 -19.422812 -14.309928
3 -7.066149 -1.838814 36.244633 -12.521380 15.895823 -12.842408 -13.073496 -4.798210
3 -10.213325 10.816660 24.575670 -13.258399 16.435304 -13.275699 -13.835849 -1.244361
1 0.000000 0.000000 0.000000 0.000000 0.000000 0.000000 0.000000 0.000000
2 22.885165 31.799068 11.943725 -11.813706 -0.501642 -12.280529 -16.162453 -25.869629
3 -2.458447 0.000000 8.362754 -0.380726 -4.357848 -0.342226 -0.555648 -0.267858
5 13.087729 -16.222850 23.524799 -17.169126 40.019964 -16.908911 -12.283153 -14.048454
1 23.652011 -23.850423 -6.070944 -4.672170 16.810985 -4.560779 -10.990487 9.681804
3 2.044819 -0.266652 22.603996 -10.896468 2.445824 -11.370322 -9.058176 4.496980
8 -3.954935 -2.586278 8.373729 -5.343282 -13.706931 -5.635732 -2.119604 24.973034
1 37.244768 -31.063904 -10.719810 -8.696816 19.316624 -8.836179 -12.387314 15.142630
3 -11.788585 -12.287627 50.472859 -3.906065 -6.052967 -3.561261 -4.721404 -8.154950
5 5.445872 2.139871 32.311336 -19.039769 48.752911 -19.455828 -15.060029 -35.094361
1 21.256962 -14.990516 -10.256749 -2.669980 13.954545 -2.732943 -7.334991 2.773669
7 2.867100 -20.570076 1.060536 -4.076961 2.679782 -3.927380 13.843794 8.123203
3 7.936616 -17.616511 19.051426 -1.545333 -15.628423 -1.403153 -2.887751 12.093130
