1 19.307683 -4.321511 0.806112 -9.864242 17.640280 -12.320205 -0.248239 -10.999878
3 20.196109 -9.339052 27.814188 -0.927402 -21.161231 -6.132993 -2.158887 -8.290733
3 10.454873 3.746770 19.581142 -6.310375 9.919478 -22.063386 -1.069629 -14.258875
2 -3.157799 11.436965 -2.300182 -0.492426 4.261209 -4.666215 -0.615975 -4.465576
3 -5.168745 -11.506592 39.033495 -8.440701 10.296549 -13.453433 -2.455566 -8.305008
5 32.068102 -22.273215 -1.345357 -2.492055 49.779379 -25.313236 -6.354596 -24.069020
5 13.154271 -24.079580 17.498880 1.708782 34.448303 -16.754979 -5.658826 -20.316851
5 -11.340163 -9.562953 20.459345 -8.190489 21.866216 -9.689753 9.591644 -13.133848
3 -3.773511 10.698563 19.614622 -1.062431 -0.326249 -6.794319 -8.990123 -9.366552
2 -36.669102 52.379472 18.799180 -23.323605 32.601905 -20.098017 -8.170156 -15.519679
5 -1.998042 2.926000 5.655680 -4.418668 13.293835 -8.157651 1.381327 -8.682480
5 -28.910236 8.856206 38.643516 -12.504688 52.068751 -28.651585 6.060111 -35.562075
5 12.168489 9.724540 -12.684370 0.313453 33.077437 -22.231707 -2.364632 -18.003208
1 43.756373 -22.962256 33.658085 -1.237433 -25.328921 -12.632720 -1.903322 -13.349807
2 11.911714 24.893681 -13.820309 4.797008 20.371620 -18.302454 -12.062505 -17.788755
3 -0.905199 4.125080 18.385359 -13.715326 9.182983 -10.825113 8.717035 -14.964820
5 -6.987026 -5.600438 5.127526 4.769051 11.008702 -3.876202 0.060285 -4.501899
2 -18.782357 63.024585 17.613543 -18.678353 -0.717303 -24.487198 0.991013 -18.963930
5 25.934165 -10.319034 -32.886601 -6.841107 62.245029 -13.840861 -10.964663 -13.326928
3 3.149358 23.773298 26.000661 -11.689513 -24.276367 -17.355670 19.325583 -18.927352
3 -10.095142 27.850550 30.768296 -20.164051 11.829137 -17.973114 -7.811039 -14.404639
3 -4.349371 13.191206 23.286371 -10.989413 -4.531432 -14.090361 5.615812 -8.132812
3 15.753166 -20.385034 30.926682 -8.516726 12.759908 -13.623077 -6.832024 -10.082896
2 5.422981 12.099369 -2.197641 -4.892479 -9.924286 -2.460724 6.045496 -4.092716
3 3.718742 -6.971208 15.943807 -1.426829 -3.906539 -1.993282 -1.828503 -3.536189
5 23.899236 -11.811928 -25.632360 -5.312921 40.656757 -7.928231 -7.323752 -6.546801
5 9.059816 -15.748772 11.203717 -7.426509 30.199746 -17.622391 7.305333 -16.970942
1 8.158998 -2.268841 -6.263140 -1.107037 3.592492 -0.015808 -2.096663 0.000000
4 15.167436 -11.738213 6.630916 18.076872 -16.918171 -4.225684 -1.970425 -5.022732
5 -6.352391 -2.403917 8.973887 -2.792629 9.286175 -2.188220 -2.044281 -2.478624
5 -10.678745 16.650009 -14.952646 -2.575980 17.447454 -2.646324 -0.583292 -2.660475
2 -0.992050 26.394623 -3.861720 -6.203510 -3.042424 -6.980702 2.365211 -7.679431
5 9.351846 -10.080783 -3.458282 -4.035387 18.752621 -2.490270 -5.048540 -2.991205
1 20.759581 -20.735109 -7.171273 5.496766 8.874511 -4.420896 0.914476 -3.718059
3 7.855783 9.272493 21.813915 -1.648563 -1.588442 -11.348466 -11.451906 -12.904814
3 32.531826 36.519321 38.644556 -4.840824 -5.521044 -38.164342 -26.562705 -32.606788
1 47.391053 -31.210165 8.725721 -9.522506 12.278809 -13.266767 -2.475435 -11.920709
2 -2.557840 26.350323 -7.618223 -6.561613 3.306028 -3.064828 -6.772481 -3.081366
5 -0.211532 10.156586 6.946391 -10.786193 35.674276 -14.866667 -9.824539 -17.088322
1 45.137695 -10.231091 -8.351897 -8.148433 -10.635270 -6.568258 -4.590943 3.388195
2 4.389921 25.505357 -13.396248 -6.835530 2.987908 -5.391349 -0.761295 -6.498763
5 -6.507562 28.959961 -4.419088 -14.040035 32.745070 -12.933541 -9.722300 -14.082504
3 -2.979249 9.960093 24.782278 -3.545252 -12.371810 -3.760629 -7.896272 -4.189160
1 14.933178 -3.477012 10.931286 -3.012279 14.915903 -17.610331 0.399581 -17.080328
5 -9.120118 -16.080841 3.540741 -10.809556 78.686910 -17.857827 -9.251355 -19.107953
5 26.131256 -16.520292 -10.498347 -0.786988 34.335311 -16.373906 0.993433 -17.280467
3 5.238267 -5.747805 16.106231 -3.275697 9.898636 -9.106279 -2.807249 -10.306104
5 14.992602 -4.602334 9.087561 -13.834519 18.949402 -14.767473 6.640041 -16.465278
3 27.866865 -22.386288 38.187812 4.514824 -19.008316 -9.927452 -9.288075 -9.959373
3 1.549284 4.215135 8.606051 -1.674793 -3.615820 -1.783561 -5.102525 -2.193771
2 -32.321485 51.262922 47.542190 -26.867807 12.628307 -31.792840 4.666531 -25.117819
3 12.958255 -18.552831 40.529220 -4.128221 -4.686170 -14.699253 7.153927 -18.574928
3 9.136880 25.180148 34.118917 -27.804850 11.405500 -18.113335 -20.118055 -13.805208
3 6.098820 11.098657 19.505234 -13.774783 -10.434677 -11.492072 5.333858 -6.335037
2 11.054476 11.429580 6.546571 -10.762334 11.171728 -15.511337 3.304997 -17.233681
1 46.700886 46.700284 2.692307 -8.776986 -32.550092 -20.317345 -12.314693 -22.134359
5 1.430840 -17.851349 19.372003 -10.530796 29.876505 -16.041321 11.564523 -17.820405
1 19.845434 3.819829 -3.820074 -8.384983 4.550195 -6.102108 -2.209255 -7.699039
3 -3.316886 2.046995 27.301033 -11.239766 10.745511 -11.040676 -7.825266 -6.670945
1 23.172035 -11.335702 -2.605656 -6.659578 18.358577 -6.828556 -10.211715 -3.889404
3 -0.024503 -1.800279 17.250561 -4.613670 -5.573646 -2.460724 0.521100 -3.298838
3 -4.296635 12.072210 33.093358 -19.750722 17.655505 -14.866188 -13.169057 -10.738474
1 22.252691 12.996989 -3.809904 -2.042499 14.312376 -17.888746 -10.589615 -15.231292
3 11.473446 12.098984 12.662046 -11.277335 -2.511075 -7.498811 -5.915708 -9.031549
3 -12.059162 -14.824390 70.435238 -17.445555 13.933121 -18.459575 3.285763 -24.865441
3 -3.851160 14.069271 27.486812 -2.335542 -1.061874 -11.766067 -8.580505 -13.960938
5 -21.436554 -6.677882 40.314433 -13.768920 47.522859 -26.401634 2.461164 -22.013466
3 10.159904 -18.222987 30.141493 -4.143728 2.738509 -10.351858 3.927590 -14.248925
3 3.633599 -6.959284 20.411999 5.526090 -11.877485 -2.528435 -4.381745 -3.824739
3 -7.868743 -4.206980 39.903710 -1.015636 9.757059 -19.938247 6.646993 -23.278156
3 0.738671 8.984937 15.012365 -8.496835 -14.991826 -5.742162 -9.352805 13.847653
5 -12.728462 -19.531478 39.904978 8.737133 51.327178 -23.815689 -16.552006 -27.341654
5 21.021993 -24.833172 -0.426944 -6.210196 29.632750 -5.741969 -9.062453 -4.380009
1 9.180720 7.428965 1.027235 -5.278690 7.403991 -9.053141 -5.237058 -5.472021
3 12.545217 13.832528 39.023028 -15.764880 -12.578579 -11.260072 -18.770034 -7.027208
3 -0.066805 -26.791062 31.318512 0.828912 30.359901 -13.432941 -5.438227 -16.778291
2 2.533861 32.337405 26.842160 -17.172727 -23.379096 -11.427257 -3.788563 -5.945784
5 -3.024606 29.036910 31.811576 -26.710000 33.255876 -22.523255 -25.899689 -15.946813
1 35.802371 12.402658 -15.396846 -11.006545 17.192195 -25.422400 -0.441875 -13.129562
3 8.192200 -3.554244 32.145819 -9.561512 15.640126 -18.718536 -2.901297 -21.242557
3 -7.176783 -2.538843 53.214718 -14.502807 2.557194 -11.541604 -11.330853 -8.681027
5 8.110281 -4.300679 13.106880 -10.247200 19.301711 -20.744465 16.356839 -21.583364
3 -0.620949 8.013552 23.034291 -13.777518 17.503948 -18.420655 5.115722 -20.848391
5 -1.362207 8.467871 -5.175942 -9.446361 20.578044 -5.526996 -1.064401 -6.470009
5 -10.866339 8.108402 -23.596355 -9.435011 56.708029 -7.414225 -6.041846 -7.462655
3 4.422301 7.302186 75.863037 -16.179380 -33.518351 -17.577802 -12.775044 -7.536949
3 53.910577 -10.247411 61.366110 -11.842702 -41.993953 -14.413191 -25.403185 -11.376249
3 -3.687345 15.211651 22.150901 -15.762422 -5.560316 -11.153066 -11.985597 10.786191
3 14.723285 5.051065 29.872708 -14.147300 -3.711622 -10.997445 -15.903298 -4.887393
3 4.883639 8.820099 34.402579 -6.504660 21.208758 -30.859230 0.088355 -32.039539
5 -19.614742 19.564531 -0.601369 8.887364 26.273000 -14.443269 -12.685616 -7.379901
5 5.122046 -13.546780 -0.630407 -6.182953 22.881983 -3.911384 0.995095 -4.727599
3 3.165533 8.034341 24.842716 1.604150 -24.133018 -5.905814 0.625287 -8.233196
3 12.652643 29.362693 45.103105 -23.046467 -3.978529 -29.212872 -11.499738 -19.380836
2 -17.160349 38.667543 32.801532 1.299678 -18.438982 -23.535465 5.441343 -19.075300
5 8.194979 -5.503411 -10.310673 6.066320 18.717761 -7.965033 -3.835953 -5.363990
3 -1.020642 6.729373 26.058493 -0.728759 -9.217583 -9.718858 0.744562 -12.846587
5 -33.770110 2.445231 27.902445 -13.789723 71.643696 -23.630159 -11.713187 -19.088193
1 0.000000 0.000000 0.000000 0.000000 0.000000 0.000000 0.000000 0.000000
3 -24.998615 -6.053720 66.347574 -15.619264 44.461214 -24.545780 -25.203511 -14.387903
3 25.277313 3.030166 28.273260 -18.906056 4.502532 -15.536829 -20.288493 -6.351895
5 -5.292262 1.720759 20.932722 -12.956255 60.974460 -32.468800 2.279055 -35.189678
3 -5.866163 18.280878 42.129088 -13.643975 -4.916457 -16.668309 -9.740364 -9.574701
3 8.030089 -24.720943 45.746258 -5.374420 0.437918 -12.082541 3.957173 -15.993534
1 0.000000 0.000000 0.000000 0.000000 0.000000 0.000000 0.000000 0.000000
2 3.340888 5.721771 -8.175679 1.077436 -0.974325 -1.631278 2.045789 -1.404602
1 21.341966 -18.553496 7.517756 -6.782252 12.364286 -7.470434 -3.389902 -5.027925
5 20.368659 -5.802691 -17.169123 -5.976020 30.834214 -9.278075 -6.852652 -6.124311
1 17.452229 -0.244749 -12.143727 1.584634 11.698616 -13.534734 4.849899 -9.662168
2 4.473005 20.258324 -18.269855 -5.073443 19.910574 -8.299410 -5.319274 -7.679922
2 -6.103845 35.932410 -10.439664 -6.950932 -9.337285 -7.586185 13.431466 -8.945965
3 29.898237 -37.337310 41.502583 -20.203345 30.136047 -13.001682 -15.620429 -15.374101
3 -22.052247 45.484120 85.934483 -36.353347 5.805773 -27.926057 -24.055547 -26.837181
1 45.647411 -8.387711 12.597678 -9.900286 3.679682 -10.854525 -19.465882 -13.316370
3 -3.377180 -17.933824 61.969818 -25.695932 16.660928 -15.395945 -6.154447 -10.073420
3 -12.330021 15.325552 17.372131 -6.403611 -6.918542 -4.188438 -4.820082 1.963009
3 13.049763 -0.786726 39.129714 -12.835247 -16.104859 -10.461061 0.763788 -12.755371
3 -15.348753 0.246766 77.564433 -27.565841 4.402321 -17.242335 -12.676339 -9.380255
5 -24.882421 11.591447 20.758861 -7.247069 49.609741 -16.337551 -19.936068 -13.556942
5 -15.460610 -6.661121 35.849225 -20.647830 57.319241 -23.934456 -8.610410 -17.854041
1 41.434236 -9.132972 1.793545 -19.345246 32.542234 -32.279114 18.275456 -33.288136
3 13.123870 -8.498494 40.454295 -11.124772 -12.073236 -7.645972 -10.695263 -3.540429
5 7.414101 -29.862406 38.511520 -22.893682 59.355728 -24.489777 -7.122382 -20.913103
1 22.266792 5.870849 4.476618 -7.780070 -16.487868 -9.906918 13.741149 -12.180553
5 -17.073175 6.805317 14.679382 -7.743202 23.910773 -8.659153 -0.504983 -11.414959
2 -5.951639 44.618757 12.363762 -26.249996 24.543353 -17.116479 -20.837474 -11.370284
5 -7.715627 9.253412 12.405201 -9.872145 28.855324 -12.875006 -6.388074 -13.663086
3 -7.238883 -11.813045 29.242632 -4.466996 8.284481 -5.149657 -0.918964 -7.939569
1 52.742936 -16.889919 9.578447 -11.583042 7.728674 -15.613375 -10.281103 -15.682619
3 -5.293298 13.491096 15.788143 -7.824553 -0.836072 -3.615942 -7.351710 -4.357663
5 -9.018249 13.917800 -0.975013 -8.715036 16.421194 -6.557515 3.686012 -8.759192
5 17.091111 -15.968126 23.361835 -20.273380 32.443941 -12.578748 -17.564028 -6.512606
2 -16.711805 19.300997 -7.937782 -3.636575 9.984830 -7.197826 14.031219 -7.833058
2 18.307961 40.800415 4.075610 -16.688074 -16.734710 -12.860684 -3.420433 -13.480085
3 -22.283882 18.736418 62.944324 -12.129090 24.673382 -35.284585 -9.778969 -26.877600
2 9.550682 26.121138 23.677147 -13.059769 -12.005571 -15.295365 -3.014658 -15.973603
2 9.154356 27.406098 -2.962524 -14.559680 -0.336430 -10.353590 2.894831 -11.243061
3 -12.903981 16.927920 43.066932 -14.332642 -1.635488 -13.230908 -15.402124 -2.489711
5 -4.070305 8.223193 -22.323026 -11.926179 59.503858 -11.454010 -5.534438 -12.419092
5 -0.563497 1.781363 -2.868314 -11.652071 42.391969 -9.876886 -7.899250 -11.313314
5 1.175239 -15.812030 1.916402 4.407232 18.934080 -5.823203 0.797703 -5.595423
1 67.060397 -12.793544 45.192113 -24.103701 -24.696405 -22.172924 -10.882130 -17.603806
5 -6.281553 8.813933 19.358301 -10.354162 31.254228 -23.012433 4.841073 -24.619385
3 -18.113339 6.242765 34.280699 -10.144004 2.110418 -8.207985 -2.913270 -3.255286
1 110.584317 -35.159290 1.704510 -4.514788 19.880166 -25.429844 -41.653889 -25.411182
5 -5.778133 -2.651928 0.000000 -0.476614 11.541812 -0.556586 -1.001404 -1.077146
3 8.306004 6.000504 9.639211 -8.750801 4.933802 -11.804149 4.925195 -13.249765
3 19.030449 -9.978319 21.216517 -0.066380 -22.886829 -5.671375 6.784999 -8.429064
2 -6.491293 32.367785 27.279106 -18.199163 -9.700163 -11.772018 -6.189113 -7.295143
2 -39.474821 59.955061 17.963998 -8.631163 44.240057 -30.779471 -15.909670 -27.363996
2 8.228266 17.324264 4.659532 -8.517076 -5.416790 -4.688003 -6.506583 -5.083609
5 -7.375409 -10.925491 -9.976834 -10.460818 69.602067 -16.886379 6.377993 -20.355128
3 13.230782 -0.647183 72.112733 1.392037 -16.082516 -27.873222 -20.293943 -21.838691
1 42.431642 3.683239 -7.012537 -7.499338 -4.355281 -10.424106 -7.824741 -8.998879
3 6.869163 -1.434747 21.155114 -6.626092 -4.627833 -4.873954 -3.386153 -7.075499
5 8.183611 -4.885836 18.311952 -12.742604 20.962216 -13.281231 -12.249039 -4.299073
1 0.000000 0.000000 0.000000 0.000000 0.000000 0.000000 0.000000 0.000000
3 10.725170 18.551722 50.758654 -11.459084 -36.179429 -16.432270 3.368399 -19.333165
5 -3.780491 -3.531762 -1.269834 5.949265 11.790484 -3.138312 -3.228989 -2.790362
2 -6.758396 21.814438 -0.097884 -5.283203 0.235825 -2.644880 -4.425007 -2.840894
5 -26.636582 21.271924 21.902239 -13.879161 23.623545 -8.313230 -7.879524 -10.089211
5 0.192523 -13.545405 8.090364 -9.335871 30.469458 -6.349636 -1.164453 -8.356978
3 11.719733 -4.092708 12.560126 -5.986782 2.190069 -5.290805 -4.688959 -6.410676
5 18.914229 16.140050 12.639928 -12.760424 41.374711 -31.209571 -17.578671 -27.520250
3 9.694893 -13.612397 31.606555 -1.287742 -17.219610 -5.671375 5.881639 -9.391962
3 1.535800 -6.959284 16.834484 5.526090 -6.202171 -2.528435 -4.381745 -3.824739
1 45.168905 1.480308 27.026685 -20.798103 11.837214 -17.393078 -27.133090 -20.188841
1 11.369573 3.976209 8.188952 0.109713 -21.735110 -2.476532 4.356914 -3.789719
2 5.935222 32.688466 8.842547 -12.077954 -13.894719 -12.286346 4.220030 -13.427245
3 -5.556887 -8.457563 45.078624 -14.462854 12.230807 -10.610509 -14.042231 -4.179387
1 13.802840 13.752729 11.923127 -10.375409 12.829090 -21.031348 -1.306650 -19.594379
3 16.589983 11.202428 24.698892 -8.198182 -15.422682 -10.454054 -5.292010 -13.124374
1 14.832839 3.430531 -1.851646 -2.093225 -7.585793 -1.389662 -4.406332 -0.936712
5 19.703339 -23.817527 -5.883257 -9.350549 36.003012 -5.446636 -6.897501 -4.310881
5 -2.539854 -15.555518 -17.007020 -3.187414 55.124516 -3.572861 -11.072251 -2.189596
5 -4.876390 -3.804260 8.414261 -4.100877 23.815693 -7.997154 -1.374735 -10.076538
2 7.888019 32.594194 2.527543 -4.549999 -5.748446 -17.334509 1.723676 -17.100476
3 -25.204596 11.278212 28.518172 -13.778207 20.798050 -9.790565 -7.195389 -4.625679
3 12.264930 -17.984119 41.286223 -19.056522 14.403487 -12.432255 -10.072853 -8.408893
3 10.269214 -2.408437 21.325805 3.274049 -23.887816 -5.079251 3.156358 -6.649923
1 19.108715 9.728571 0.894203 -4.457231 -25.772088 -5.513608 12.144961 -6.133523
3 -0.955270 -15.377071 47.227872 -18.032352 29.308610 -22.714128 -8.317497 -11.140169
5 -26.706391 11.603727 23.697126 -14.077510 27.607606 -9.790565 -7.708315 -4.625679
2 3.753655 22.789935 0.184389 -3.507346 -9.718663 -5.890800 -0.840642 -6.770527
3 8.545124 37.863595 67.379765 -35.257261 -16.441996 -25.156319 -29.786671 -7.146242
5 28.584594 6.097035 3.160832 -9.974901 30.785679 -15.941629 -24.166801 -18.544812
3 1.502539 -23.843271 32.840981 -4.251655 28.811650 -14.519688 -2.862868 -17.677687
3 -31.224506 25.635770 69.254822 -28.599895 17.964279 -27.142793 -7.325363 -18.562317
1 34.138752 5.084226 4.517621 -4.595077 24.136108 -26.392090 -8.457967 -28.431576
5 0.912600 8.920588 -10.852603 -6.370053 12.580719 -7.882032 10.981503 -8.290721
3 -3.639090 -8.069404 56.760425 -6.748901 -14.177149 -14.264127 1.616707 -11.478464
3 -1.167916 -1.971153 17.020569 -5.301732 5.698200 -5.274997 -2.592296 -6.410676
3 -4.316254 -8.527610 23.777361 -6.996215 15.451394 -11.370654 4.729672 -12.747694
7 11.205308 -5.865905 13.415407 -9.183394 -3.161999 -9.680947 15.357597 -12.086068
3 -21.924877 12.888964 35.698508 -17.699059 17.617833 -12.251289 -6.405564 -7.924517
1 10.156148 4.208435 -2.011129 1.863256 8.830480 -8.070132 -5.463302 -9.513757
3 -7.590345 -0.331477 26.153831 3.214107 8.128772 -6.682251 -14.453401 -8.439238
5 -12.874575 2.120065 3.999373 -7.374596 28.695854 -5.602128 -2.375306 -6.588688
2 -24.462231 26.409988 14.755018 -12.719984 16.283841 -10.854309 -3.496562 -5.915761
1 24.712791 0.665910 -0.479488 -5.108145 -9.304159 -2.614247 -4.630999 -3.241663
5 -32.375176 -12.928215 16.568130 -15.997090 71.827655 -10.889911 -10.854890 -5.350505
3 7.507153 -0.277406 27.873620 -13.721370 -0.259110 -10.073385 -5.389977 -5.659526
1 24.856648 4.560700 -9.757066 -8.269467 14.434767 -8.468178 -11.427953 -5.929452
3 -5.800936 9.327841 13.072038 -7.452437 6.588927 -10.247196 6.418914 -11.907150
1 48.846113 -6.551657 48.729130 -11.245559 -6.938417 -28.011317 -13.307567 -31.520725
2 -17.567003 27.510577 -19.064955 2.833836 23.170052 -6.196663 -4.786471 -5.899375
1 0.000000 0.000000 0.000000 0.000000 0.000000 0.000000 0.000000 0.000000
5 -12.874575 2.120065 3.999373 -7.374596 28.695854 -5.602128 -2.375306 -6.588688
3 -16.584406 16.321542 30.996633 -13.959412 28.173557 -16.553688 -17.643136 -10.751091
1 13.379300 10.767076 4.992988 -4.457231 -25.179964 -5.513608 12.144961 -6.133523
3 -5.227719 36.229663 38.782271 -20.125648 -23.662975 -12.412428 -5.136410 -8.446755
1 68.214377 -30.892466 6.632585 -16.662493 48.344949 -32.306939 -6.563647 -36.766364
1 17.319948 -8.774325 -13.066499 -2.616503 9.872702 -2.409858 -1.314410 0.988944
3 -20.333850 33.086493 57.333887 -23.724809 -17.821699 -23.779520 7.995243 -12.755751
3 -16.006863 -8.247199 48.063424 -20.653549 27.618242 -15.219550 -1.406563 -14.147943
5 -5.859591 0.694238 13.418465 -2.805795 19.250913 -16.421636 8.962911 -17.239504
1 48.501894 -14.688923 -23.218541 -3.712527 16.360514 -7.706475 -9.791157 -5.744786
5 -12.949112 11.966153 8.215151 -5.439562 35.433016 -11.011860 -13.371695 -12.842092
2 -6.167296 10.625753 -6.827214 0.000000 3.121007 0.000000 -0.752250 0.000000
3 33.427842 -14.117638 40.948384 7.031466 -12.245664 -21.903391 -18.659828 -14.481173
5 23.547409 -17.222226 0.211895 -9.221056 29.195830 -14.959743 1.062447 -12.614556
3 4.830524 -7.953918 18.003680 -9.759861 14.654348 -8.900645 -0.502217 -10.371912
3 -2.911130 -7.740802 14.428057 -1.148590 4.049624 -1.130110 -2.825777 -2.721274
2 -13.445140 39.442373 14.798394 -18.675777 -6.279438 -12.328604 5.842242 -9.354051
5 26.634524 -40.418028 -2.710227 7.905652 64.839868 -24.548847 -11.514553 -20.188390
1 0.000000 0.000000 0.000000 0.000000 0.000000 0.000000 0.000000 0.000000
4 -1.280324 3.659805 -6.444063 5.233811 -0.585327 0.000000 -0.583903 0.000000
3 14.622064 -8.020141 17.721896 -9.925270 9.737135 -9.866784 -2.960276 -11.308624
5 13.795603 -13.837157 0.276525 -8.391355 23.408266 -13.780512 10.519499 -11.990869
3 -3.490470 14.151968 45.448460 -20.608407 -7.641877 -13.988387 -14.485914 0.614623
3 -5.157828 9.043870 31.508335 -13.596325 -7.250485 -7.072684 -5.880294 -1.594590
1 0.000000 0.000000 0.000000 0.000000 0.000000 0.000000 0.000000 0.000000
4 -2.560648 -1.945336 0.000000 10.816865 -5.143076 0.000000 -1.167805 0.000000
5 4.261015 -8.125125 13.376807 -11.827263 31.422227 -11.208359 -4.906163 -12.993141
1 44.419664 6.421962 -1.331177 -18.957387 23.415802 -19.199508 -13.338786 -21.430570
5 -1.697342 -3.071774 1.911976 -7.141684 31.748602 -4.904818 -10.807461 -6.037499
3 13.560019 -31.939354 37.008759 1.771759 11.667707 -13.529669 -2.928945 -15.610276
5 22.001132 -3.931557 -19.126132 -15.401323 53.929936 -15.429039 -8.821136 -13.221883
5 -40.551963 36.183269 4.220030 -1.634518 53.260304 -22.438843 -9.036527 -20.001753
1 17.684674 4.238479 14.127769 -1.494836 -6.807088 -6.966552 -11.803758 -8.978688
3 -1.372104 -7.076149 26.229002 4.304727 -9.484299 -2.528435 -5.285105 -4.787638
1 26.917816 -19.035900 -14.336333 2.994064 17.144916 -5.832470 -5.511226 -2.340867
3 3.633599 -6.959284 20.411999 5.526090 -11.877485 -2.528435 -4.381745 -3.824739
1 36.645617 7.507853 11.518550 -8.327550 15.143848 -27.837584 -8.046298 -26.604435
3 15.288453 -8.632274 24.236526 -0.066380 -17.485388 -5.671375 0.268619 -7.938183
3 -5.235778 2.485696 6.213455 -0.243426 5.462818 -2.460724 -2.923203 -3.298838
1 11.795172 -8.782773 10.225404 -5.359681 10.226586 -6.674402 -3.011380 -8.418928
3 -28.440533 17.392827 41.267809 -6.857956 -0.113465 -11.515188 -12.869153 1.135656
3 9.603812 31.273292 54.483509 -33.304639 -13.685932 -25.017944 -8.551853 -14.800246
5 12.311078 -0.338702 -6.867688 -4.277475 13.696115 -4.274759 -5.523944 -4.724626
5 -24.448678 11.246930 9.143202 -12.125593 42.631122 -13.441078 -4.157472 -8.848436
5 -1.904333 2.021806 12.017174 -10.774625 22.284911 -8.779033 -3.413459 -11.452441
3 -10.660258 14.816617 17.018742 -2.391162 -10.307908 -4.188438 -5.991842 1.704248
5 -41.348619 68.000459 -42.934675 -20.621395 89.577921 -18.662512 -13.301331 -20.709847
2 -7.256452 15.870484 -3.761041 -6.667972 9.644888 -3.672126 0.437282 -4.595063
1 31.040604 -12.123806 18.289167 1.241893 -20.013447 -5.996649 -5.578000 -6.859763
2 -4.511336 15.546631 4.104310 -10.565013 2.317838 -6.454515 0.721111 -1.159028
5 20.368659 -5.802691 -17.169123 -5.976020 30.834214 -9.278075 -6.852652 -6.124311
5 1.187233 -0.880138 -11.544338 -8.859776 39.737803 -6.927920 -4.767638 -7.945225
2 14.421178 19.223190 -11.314686 -8.445723 1.950092 -6.239177 -2.448786 -7.146088
5 7.747133 3.833691 -13.051362 -10.502594 41.991205 -9.451827 -10.697989 -9.868256
5 -7.465276 7.002048 16.231827 -5.961129 22.105624 -12.431067 -4.521130 -14.960899
3 -17.620142 15.321742 30.332323 -12.000552 26.296201 -15.758599 -7.201454 -19.369521
1 31.103445 -10.859556 -5.723058 -9.763895 -2.445348 -8.185350 15.542502 -9.668742
2 -0.017617 13.547370 0.060161 -3.712044 -1.473467 -6.227649 4.512102 -6.688855
3 11.805210 -2.940131 17.323966 -7.730096 2.029421 -7.507382 -11.031616 -1.949373
3 27.711906 0.254021 44.241393 -8.239078 -27.902161 -17.500766 -5.762640 -12.802676
2 -7.964446 23.932544 -9.456657 -3.895968 6.822896 -3.617387 -2.606636 -3.214346
3 -20.500113 35.368886 38.526276 -8.695264 -10.019886 -12.114852 -14.412323 -8.152726
3 3.279719 0.306605 10.430313 -3.920852 -5.126047 -2.460724 0.789825 -3.298838
5 -29.637302 16.314391 30.655988 -16.220725 44.546231 -22.569619 -3.872951 -19.216013
2 -15.612987 38.162196 -11.517658 -12.551266 22.290326 -7.751928 -4.218475 -8.800208
5 -7.646117 11.994527 -7.249358 -0.700580 51.057960 -18.741301 -9.309055 -19.406078
1 16.991167 -9.517850 -3.514316 -3.298009 8.443764 -2.094359 -5.402965 -1.607431
3 8.860747 21.585041 47.008698 -21.563615 -5.275842 -22.499158 -8.704789 -19.411081
5 -25.139289 18.622778 -16.113828 -13.059667 65.716530 -19.221569 11.662355 -22.467310
5 1.602272 6.923071 -0.566046 -6.849322 18.704145 -11.095620 -0.023573 -8.694927
3 -32.074673 -11.374161 68.501691 -15.171821 13.895579 -12.382755 -2.970933 -8.422929
3 4.268182 3.764736 24.786608 -6.305413 8.456203 -15.586316 -0.931441 -18.452558
3 -19.383715 24.186366 29.387462 -17.419416 13.533428 -15.194230 -4.560985 -10.548912
3 8.096125 12.991661 19.725623 -9.815133 -18.767128 -5.694089 0.123498 -6.660559
1 42.767218 -5.577983 13.475303 -4.183756 -16.093170 -11.544735 -4.226669 -14.616212
2 -7.573245 43.978907 4.296507 -18.014860 37.013031 -21.139998 -20.442968 -18.117379
5 -12.498995 0.488119 21.100484 -25.811267 59.753492 -23.077029 9.547564 -29.502368
3 7.026473 9.607074 30.074081 -12.402639 -9.658475 -10.563787 -8.954019 -5.128711
5 -17.564506 -0.128441 14.998418 -4.949661 30.037789 -6.219465 -8.600959 -7.573177
2 -34.614805 31.738959 31.693701 -16.943954 30.992092 -17.653805 -10.552182 -14.660008
1 36.822497 -17.149194 -0.042921 -5.984622 23.851239 -16.705762 -4.225739 -16.565501
1 28.239921 9.914821 10.620607 -9.379263 -0.190643 -12.767659 -12.811095 -13.626688
3 5.223116 -21.762595 25.267284 -5.979722 24.724925 -11.645284 -3.257938 -12.569787
5 3.947830 0.477998 5.991987 -6.912196 26.475793 -12.212596 -7.649450 -10.119368
1 39.823386 13.121321 24.505984 -16.992685 -41.403071 -12.532862 3.098604 -9.620675
5 3.711172 -4.513894 -0.054622 -6.356896 17.280593 -6.429405 0.592403 -4.229351
1 57.286666 -3.652844 6.997959 -24.578148 43.566783 -33.879433 -7.941076 -37.799906
1 25.126982 15.345928 3.146021 -4.631399 -19.952826 -4.419734 -10.623643 -3.991329
3 -1.379767 -6.446864 12.566651 -1.221363 -2.204950 -0.066223 -0.587857 -0.659628
1 23.162604 12.524591 2.481125 -9.763155 -9.428652 -5.214942 -7.474411 -6.287159
3 -8.984434 13.250863 30.352008 -11.656658 11.263812 -19.575371 6.522959 -21.173177
1 33.089932 -14.559750 31.474917 -13.427893 -8.530635 -9.973962 -5.722816 -12.349794
3 -16.999932 10.883441 49.920267 -25.038650 10.220946 -17.816671 -7.648793 -3.520609
3 -15.334731 -0.565317 46.394745 -18.204718 28.750780 -23.667449 2.351246 -19.724558
2 -1.255029 16.757263 -0.534607 -0.555300 8.965875 -6.123078 -9.637445 -7.617680
1 41.529409 -25.583362 35.539500 -8.690561 10.308364 -18.876105 -15.325068 -18.902177
3 3.633599 -6.959284 20.411999 5.526090 -11.877485 -2.528435 -4.381745 -3.824739
3 43.704567 -16.219350 46.444391 -6.216895 -24.895263 -12.243006 -14.443936 -16.130509
3 -23.599464 26.828117 28.143511 -16.577582 9.238038 -11.006184 -7.560431 -5.466007
3 -14.700749 2.075440 55.510299 -21.465052 17.336971 -20.283506 -7.212874 -11.260532
3 24.511241 -20.228266 40.534764 6.734909 7.020583 -22.566826 -14.181567 -21.824839
2 -2.557840 26.350323 -7.618223 -6.561613 3.306028 -3.064828 -6.772481 -3.081366
3 8.652838 -13.183121 23.322720 2.185661 -5.475057 -3.120559 -7.269484 -5.112999
2 -17.637765 29.529313 17.318074 -16.120061 3.472414 -10.856920 0.514527 -6.219584
3 47.246936 -20.260067 56.075205 -2.890855 -26.091426 -16.916550 -17.818206 -19.345039
3 -4.072282 9.569971 50.498894 -14.250618 8.542899 -16.114162 -21.334107 -12.840600
1 30.199851 25.918698 7.854881 -20.528546 10.817756 -30.543199 7.358565 -31.078003
5 6.703433 -2.416128 -8.065837 -1.529025 7.420028 -0.015808 -2.096663 0.000000
2 -27.520220 44.053718 -0.094072 -17.693534 26.149389 -10.247386 -3.190907 -11.456988
1 44.617688 -13.603201 -15.176771 -10.127851 17.916201 -8.727740 -8.919930 -5.978396
3 21.772498 -14.633162 34.860459 -10.368003 2.887856 -12.199218 -8.254663 -14.065767
5 11.536630 -12.993855 -0.054622 -6.356896 17.935095 -6.429405 0.592403 -4.229351
3 -32.340832 15.128954 20.799155 -13.536342 20.600240 -11.736766 8.710425 -7.624834
1 53.670657 -42.825876 -22.501255 -9.990288 41.201703 -10.519558 -4.699127 -4.336256
2 4.014694 51.314321 -5.542796 -13.631334 -15.420118 -12.669856 5.409630 -13.474540
1 14.832839 3.430531 -1.851646 -2.093225 -7.585793 -1.389662 -4.406332 -0.936712
5 17.704044 -16.444467 32.016105 -1.991497 38.054860 -27.935458 -13.611935 -27.791651
2 3.635287 62.941411 4.900106 -17.019558 -11.090615 -14.771297 -12.439802 -16.155531
3 -4.857949 -1.175225 9.091151 1.103776 6.567742 -4.085770 -1.024564 -5.619162
2 -32.081369 48.794336 40.074954 -9.643640 25.763317 -25.742768 -26.647793 -20.517038
3 27.561004 -16.765654 43.123175 -5.779025 0.349263 -15.737286 -14.045504 -18.705976
5 7.288166 -14.782879 11.173722 -14.478154 32.327005 -10.229519 1.709544 -13.007882
3 16.956847 -9.179536 91.207189 -30.449799 5.290687 -35.279298 -20.741697 -17.804397
5 12.311078 -0.338702 -6.867688 -4.277475 13.696115 -4.274759 -5.523944 -4.724626
5 21.102287 -15.763317 9.953111 -1.618477 21.356589 -9.005196 -14.827955 -11.197044
2 -19.237528 54.758116 36.565366 -24.731903 21.017559 -29.448503 -14.306444 -24.616665
3 -23.655354 13.833748 54.077893 -13.966200 8.989065 -11.749740 -19.544641 -7.984774
3 47.798205 17.560007 63.672859 -13.256993 -43.389401 -24.233622 -18.303187 -29.847869
3 28.904409 21.165972 49.617360 -23.988365 14.570172 -30.738864 -41.350784 -18.179905
1 82.827716 -56.160953 58.124780 -4.813635 -20.983599 -22.906894 -12.261294 -23.826123
2 -14.500967 22.900555 15.141346 -11.428287 17.417225 -11.353645 -6.069231 -12.106996
5 2.572210 -11.427202 5.481060 -8.166409 18.662408 -9.422940 15.158430 -12.857556
3 -13.831817 17.925752 19.697752 -7.242364 -7.156135 -4.600465 -6.307198 1.514472
3 5.719857 -12.633121 19.768828 -8.620288 6.203830 -2.880672 -2.527242 -5.031193
3 -7.772501 -1.364334 34.125136 -18.669130 14.533616 -13.257947 2.118933 -9.713775
2 -0.458678 25.782359 2.057376 -5.026657 2.458907 -12.437270 -0.140589 -12.235447
5 -12.969430 18.446676 6.734275 -18.570062 49.090321 -17.322056 -5.394439 -20.015284
1 87.109323 -45.889135 3.398791 0.354980 1.291041 -17.556561 -12.166163 -16.542277
2 5.738603 12.772721 -5.091975 -7.528348 7.029132 -5.391349 -1.030020 -6.498763
5 12.274561 -2.400192 2.108766 -8.883780 27.925794 -18.446727 3.387144 -15.965565
3 43.006559 -5.852031 59.013692 -16.529542 -32.486103 -23.494876 -0.953652 -22.704050
5 35.230683 21.076214 -26.703995 -12.008904 45.199782 -23.375339 -17.250130 -22.168311
5 25.524826 -18.708316 11.601954 -15.000255 25.960999 -13.027495 -5.081153 -11.270561
5 4.502962 -26.502055 19.687808 -17.945610 58.503976 -23.284363 10.846104 -25.808823
3 -0.282008 13.771115 31.257837 -12.298617 -9.260930 -8.484563 -12.680799 -2.022036
3 27.810295 4.208224 33.101570 -11.921717 -8.268862 -15.631443 -17.287802 -12.010267
7 9.221549 4.835505 2.648458 -4.286499 -3.370088 -9.901923 10.948820 -10.095822
2 -6.011699 16.507719 7.555590 -0.363942 11.138049 -12.038481 -4.303223 -12.484012
3 -20.469226 9.831781 24.772960 -9.358509 18.688237 -8.107307 -5.772469 -9.585468
1 44.856236 -5.677660 13.440684 -5.678578 -12.167293 -10.783572 -11.019295 -12.970523
5 -1.208380 -11.117259 -5.934865 -3.343706 27.985796 -2.758588 0.592709 -4.215706
5 -13.477218 4.649991 3.384711 -6.460029 55.904004 -12.277545 -18.195569 -13.528347
3 -28.440533 17.392827 41.267809 -6.857956 -0.113465 -11.515188 -12.869153 1.135656
5 -10.783106 12.455296 15.595128 -10.062431 19.873264 -11.056655 -10.871250 -5.150246
1 33.257088 -12.861725 22.138099 2.126807 -24.020666 -5.537699 -8.097738 -7.004166
3 -34.611990 8.798808 67.032200 -14.498465 19.126176 -22.711336 -3.997013 -19.138382
2 -0.038803 41.732127 2.579818 -4.725343 -8.467013 -11.714040 -7.691747 -11.675000
3 -23.047125 -0.632026 48.255786 -10.616825 -7.616527 -10.670831 11.154195 -6.826648
5 6.218530 -22.863479 15.836981 -7.283880 45.059741 -17.558918 -2.326320 -17.082657
1 31.796158 -20.595292 29.080077 -14.192775 -3.387995 -10.055782 -1.148363 -11.496028
1 36.554665 7.324802 10.856723 -0.935085 -28.716656 -6.123636 -11.466114 -7.494700
5 -16.032374 13.557030 1.699192 -7.867022 32.957063 -10.268343 -2.991282 -11.054265
3 8.160315 9.028528 20.814380 2.781624 -22.464265 -9.745467 2.540383 -11.115499
5 -20.298559 20.195734 30.376238 -18.917623 31.001584 -20.197674 -5.932687 -16.227013
3 -8.354377 13.860309 38.339223 -17.066307 8.830011 -15.004049 -2.779760 -17.825051
5 -38.529374 10.560856 31.171484 -12.296017 36.999623 -13.282001 -5.781989 -8.842583
3 8.328066 -11.831445 32.293442 -14.150023 15.321235 -15.769044 4.565425 -18.757655
5 -24.350510 64.452002 -49.452452 -26.407939 83.835459 -18.680636 -8.186423 -21.209502
5 -32.072498 23.520559 -2.429605 -8.892353 39.625368 -9.378419 0.567060 -10.940113
1 7.179162 -3.581995 -4.267575 4.723383 -0.532960 -0.015808 -3.504207 0.000000
2 -11.456634 25.197044 -4.844051 -3.940779 13.965459 -6.776907 -5.306770 -6.837360
3 -46.404972 44.747120 50.489852 -32.753583 30.099869 -22.447358 -11.730301 -12.000628
5 5.014224 -3.837485 -8.764086 1.200622 16.313494 -4.715553 -0.197574 -5.013641
5 -10.043805 -8.340145 12.617276 -3.386730 27.941411 -7.577205 -1.374735 -9.836066
2 -5.418341 19.427253 -15.376349 -1.756275 1.386573 -6.333666 15.264233 -7.193427
3 -2.990481 5.540565 33.063780 -10.031157 -1.672543 -13.875892 5.979419 -16.013689
1 20.534433 6.092340 17.137318 -14.959345 11.590208 -21.920933 6.115016 -24.589036
2 8.084056 18.050503 -12.772951 -5.521021 -8.164199 -6.482219 13.787803 -6.981972
1 6.177903 2.110405 0.571585 -3.558317 -4.853362 -1.845735 4.160250 -2.762729
1 62.559679 -1.414976 -6.707366 -2.453300 1.525368 -14.383426 -24.844228 -14.281752
5 -18.137111 -12.361017 8.085571 -12.321305 62.610477 -10.359248 -6.025520 -11.491847
3 16.725012 -6.760258 45.385654 -17.087496 -12.402709 -10.739523 -8.821420 -6.299262
3 0.504876 3.321981 14.721479 -6.061734 11.442327 -14.600602 7.707266 -17.035593
3 -12.617014 1.284466 44.839460 -11.410988 -1.133336 -9.791236 -6.429484 -4.741871
5 -12.874575 1.658496 -1.095370 -7.723840 34.601411 -5.602128 -2.375306 -6.588688
1 51.850036 31.271321 15.050125 -28.065488 -1.070159 -21.303771 -26.380251 -21.351813
3 10.206956 15.815388 49.726022 -20.312171 2.204038 -22.017330 -18.120826 -17.502080
3 -20.492339 7.519949 53.879505 -6.059494 -4.182624 -9.662327 -15.087021 -5.915652
5 17.608938 16.732695 -18.009909 -11.212574 21.745877 -12.825792 -4.676174 -9.363060
3 -6.748223 -9.710304 15.867044 -4.752482 14.177748 -4.083560 0.484717 -5.234941
2 -3.377574 21.786214 17.656622 -9.576390 0.156076 -8.927677 -15.231956 -2.485316
5 -18.589777 7.375965 5.474265 -13.462234 36.790577 -11.718741 8.448900 -14.318954
1 13.092564 10.126799 -11.981550 -7.497093 9.439245 -5.836193 -0.395867 -6.947905
2 -0.744491 27.396677 0.444060 -7.620494 14.507394 -14.436435 -0.863752 -18.682959
3 -7.606958 5.019760 23.837522 -10.708259 17.251014 -17.598303 9.241774 -19.436549
3 7.259961 -5.008425 9.099169 -4.903507 4.332203 -4.689787 -0.285069 -5.804545
5 -0.542240 -25.002728 26.165189 -11.834203 40.912810 -11.495680 -4.480693 -13.722455
2 -1.539314 26.414808 15.763748 -11.039698 -20.134452 -7.985765 0.502453 -1.981781
3 -14.072282 13.094601 49.267058 -8.246727 -8.437400 -11.288289 -12.784612 -7.532353
1 20.589508 10.228182 20.327287 -6.441465 -11.733702 -10.249099 -16.530587 -6.190125
3 -3.908994 -6.010162 17.114267 -2.047602 -1.178147 -0.592124 -2.100442 -1.276797
1 7.271517 -4.497021 -0.431501 -1.453878 6.347294 -1.688715 -3.283776 -2.263920
1 36.376196 -5.310082 22.707184 -2.873287 5.661887 -16.537130 -27.624853 -12.399914
1 2.828058 -2.324677 -2.247414 -0.299303 2.556262 0.000000 -0.512926 0.000000
1 0.000000 0.000000 0.000000 0.000000 0.000000 0.000000 0.000000 0.000000
1 27.263234 -11.467278 20.004225 -11.882930 -3.738723 -9.296529 -0.515367 -10.366632
2 1.169284 34.550671 -22.304079 -7.195740 3.724828 -9.239128 10.161423 -10.867259
3 -19.775861 -0.071669 80.205042 -14.008256 -0.935770 -30.827442 14.171648 -28.757693
2 -2.125485 12.591895 0.644392 -3.920852 -7.054953 -2.460724 6.418442 -4.092716
3 -8.914462 34.669432 41.333342 -6.344497 -18.162128 -17.134551 -4.453200 -20.993936
5 -19.185447 4.602771 -7.045519 -11.492609 49.014781 -10.933343 7.584472 -12.545106
1 18.376956 7.655971 1.269465 -5.034037 8.021310 -12.216442 -5.282758 -12.790463
2 -17.496322 36.558126 -0.181778 -22.894988 35.664861 -16.254544 -17.538919 2.143561
1 12.863866 10.767076 7.066176 -4.457231 -25.914076 -5.513608 11.321319 -6.133523
1 19.657754 -20.239144 16.725211 -4.308570 12.005597 -8.672743 -7.937455 -7.230652
2 5.395736 25.107742 11.347539 -15.787270 21.188718 -15.116539 -21.989995 -10.145932
5 9.987129 -20.369057 15.006013 -13.814371 40.008912 -16.413507 -8.977435 -5.427683
3 8.839550 3.689673 24.179639 -14.204796 -1.689902 -9.799949 -9.665832 -1.348386
1 33.737297 -4.209524 -3.205827 -8.108321 -6.613508 -5.566909 -2.735327 -3.297880
1 61.188130 -31.374114 26.527126 -8.175944 -7.618645 -14.854056 -13.019332 -12.673165
5 -4.666263 -47.164399 9.293691 -8.037186 88.146983 -16.156786 -2.643947 -18.772093
3 8.405682 -3.234107 12.424748 1.024891 3.420787 -5.343376 -9.722181 -6.976445
3 -7.792326 31.827823 34.670837 -15.976144 -3.099878 -19.965153 -5.480612 -14.184547
2 -6.255212 80.788572 -18.529441 -4.193988 8.439900 -32.657020 6.116778 -33.709585
2 -1.639998 61.463205 -27.720612 -24.422946 41.528862 -18.180693 -10.605370 -20.422447
3 11.636808 5.843950 22.004749 -9.785543 -15.107641 -8.579846 3.121960 -9.134438
1 43.505929 -4.316435 38.825953 3.040510 -40.981291 -10.818452 -16.736902 -12.519313
5 8.443861 -11.570931 9.817490 -10.861450 15.928049 -9.283187 -2.620726 0.146892
3 2.262631 15.071343 22.063962 2.506780 -0.463234 -19.211973 -2.202979 -20.026530
3 4.387942 29.322479 32.537788 -16.219050 -21.292525 -10.433394 -13.135888 -5.167353
5 -8.706754 -9.060804 13.221588 -6.251466 31.974631 -11.927240 4.316126 -13.566079
3 17.878787 -3.447877 31.079774 -0.646803 -31.321328 -7.539975 3.946183 -9.948761
5 31.042526 -37.507543 2.227424 -2.911791 39.426059 -11.497520 -10.267857 -10.511301
5 -13.086565 14.543126 -7.324717 -3.268798 15.295771 -2.646324 -0.852017 -2.660475
5 -5.778133 -2.651928 0.000000 -0.476614 11.541812 -0.556586 -1.001404 -1.077146
3 -0.724517 -12.729574 18.392325 11.475355 -3.711372 -5.666747 -0.420370 -6.615101
3 17.458281 -7.706788 43.137879 -19.745608 -5.338804 -13.598295 -8.953512 -5.253154
2 -9.474666 30.170344 15.668053 -21.836835 26.687166 -20.954442 -3.710710 -16.548912
5 -9.938321 -4.406215 -2.051425 -18.365090 68.535128 -19.719732 11.208576 -25.262923
3 18.620261 -11.449458 25.169415 2.292216 -17.530100 -4.571559 -6.463321 -6.067454
5 5.375648 -11.996526 10.175645 -9.757207 32.257836 -12.660188 0.189742 -13.584952
3 -2.907100 16.019625 23.640544 -5.553549 -14.377453 -5.962867 -11.600505 0.741302
3 23.371287 -14.676217 26.993472 -10.197678 8.388089 -21.480558 3.507322 -15.905718
3 29.464991 -26.059249 56.035734 -12.420975 10.192953 -24.130971 -16.121159 -16.961325
1 32.239483 -10.440573 28.037978 -17.021187 -5.842191 -11.698015 -9.362939 -5.912559
1 0.000000 0.000000 0.000000 0.000000 0.000000 0.000000 0.000000 0.000000
2 -1.910594 29.592754 11.500152 -9.793630 10.383620 -13.564450 -11.216583 -14.991269
3 -20.035451 -4.028602 53.485490 -15.340530 35.689226 -15.877298 -13.179206 -20.713631
2 13.227705 26.856753 12.737065 -3.104443 1.560522 -24.766008 -2.192604 -24.318992
2 -12.610822 59.154300 -14.843404 -19.998289 42.195006 -18.803594 -14.731003 -20.362194
3 20.654867 9.096335 42.863120 -21.415230 -5.773831 -19.136931 -16.057722 -10.230610
2 -24.350627 64.969575 30.702216 -4.506336 -10.118610 -23.985766 -10.461629 -22.248827
5 -5.778133 -2.651928 0.000000 -0.476614 11.541812 -0.556586 -1.001404 -1.077146
2 -20.955877 50.879301 19.748285 -20.334430 4.769913 -11.824682 -15.493533 -6.788980
1 16.686612 -2.066685 5.471575 -0.407107 3.082921 -6.344683 -9.372573 -7.050061
5 7.663858 -20.924837 -15.073924 14.364150 26.180639 -5.337883 -0.733400 -6.138603
2 4.573761 31.823571 0.111501 -8.313548 22.482337 -13.197309 -28.601714 -8.878599
2 -27.005802 72.930090 59.574382 -45.006703 51.427897 -45.158351 -27.126442 -39.635076
5 1.632333 16.311307 -21.820334 -6.853455 31.143569 -6.921083 -6.107236 -7.385101
3 -5.833151 39.793871 62.337438 -26.381131 7.232742 -28.895104 -19.785456 -28.469211
5 3.098658 -1.612877 10.631621 -3.620655 44.744125 -24.022154 -14.595550 -14.623168
2 -22.813001 46.169001 -4.399109 -15.228388 25.897193 -9.862620 -8.591084 -11.171992
5 -22.279701 10.708764 5.616417 11.308846 38.281374 -12.884487 -15.805016 -14.946199
3 12.268426 -4.500946 50.818643 -12.318980 -6.947525 -14.963303 -6.068500 -18.287817
1 33.509004 -3.256742 -12.635056 -14.217400 27.989941 -10.967680 -7.592502 -12.829567
5 -2.047138 0.858169 -10.214455 -12.798553 56.574510 -10.918378 -9.323754 -12.130401
3 10.140493 0.608725 42.175256 -5.422722 -0.941319 -18.064493 -8.455984 -20.039955
4 3.598474 7.712280 8.146557 13.649646 5.444092 -13.779274 -16.495464 -8.276312
1 22.771461 -16.200109 12.127444 -4.793934 -9.905108 -2.327425 2.563616 -4.235944
1 29.910836 9.382279 12.821250 -8.889761 24.746160 -20.144379 -27.182081 -20.644306
5 23.606690 -20.533255 -4.327848 -11.347166 52.748153 -17.596319 -6.188773 -16.361481
3 -8.502685 -7.001200 26.497195 -8.061586 6.104722 -6.198092 5.153092 -7.991446
2 6.879745 17.454104 14.895583 -10.715344 -8.398353 -5.713536 -7.244430 -7.157769
1 28.851254 -12.845187 11.746696 -8.086606 8.126900 -14.282076 4.488895 -17.999877
5 -2.329224 1.295929 -9.172980 5.233811 5.556366 0.000000 -0.583903 0.000000
2 0.701454 13.124400 -1.771801 1.292162 2.468162 -8.688373 3.131913 -10.257916
2 -11.201290 25.973644 25.154594 -13.067314 -10.541957 -15.538477 9.934400 -10.713602
5 7.417444 -12.933587 2.296694 -0.075131 17.122124 -8.381920 4.915910 -10.361533
1 43.234245 -9.219030 28.394518 -4.082280 -33.263451 -10.274858 -2.539041 -12.250103
5 -5.778133 -2.651928 0.000000 -0.476614 11.541812 -0.556586 -1.001404 -1.077146
1 9.879952 -2.764621 1.372158 -3.014921 -1.718367 -1.224585 -0.224667 -2.304951
3 2.668608 -6.622706 30.300441 -5.347681 -8.670951 -4.454006 -1.038679 -6.835027
5 -4.218996 -7.164920 6.843449 -3.926243 14.177748 -3.491436 1.997303 -4.216904
5 1.404359 0.623363 16.151731 -10.548114 33.619545 -14.248980 -10.205351 -16.796553
5 7.317634 -20.158775 6.788827 -10.283139 32.112843 -9.920840 2.589705 -8.446255
1 49.906554 -9.626169 -15.134496 -9.203995 -1.293374 -5.961867 -4.588481 -4.098171
1 20.101041 -5.326626 18.963496 7.837441 6.269536 -16.935053 -15.798998 -15.110839
3 -10.446247 -2.183381 57.129899 -11.375082 3.308081 -12.225320 -16.943354 -7.264598
5 2.928568 14.310606 -15.648198 -3.853050 16.694223 -3.338759 -8.667153 -2.426235
5 -13.421624 4.927495 13.570068 -19.076148 56.910981 -15.331009 -17.543206 -10.036560
5 20.018043 -35.242697 19.721398 -8.829408 23.114021 -7.315704 -4.014071 -7.451582
3 -13.731799 -5.952530 73.317221 -28.798410 26.739357 -25.270706 -9.945432 -16.357705
3 -13.800256 35.436726 80.996160 -35.533291 16.014543 -40.692307 -11.167512 -31.254068
5 -28.594723 52.074619 -47.708869 -2.530816 66.592251 -18.478051 -1.571281 -19.783132
1 0.000000 0.000000 0.000000 0.000000 0.000000 0.000000 0.000000 0.000000
1 13.417736 -7.131525 -0.782537 -7.484559 8.140137 -5.337170 6.157552 -6.979633
5 3.711172 -4.513894 -0.054622 -6.356896 17.280593 -6.429405 0.592403 -4.229351
3 6.936775 -13.519167 26.977163 -3.960695 0.394342 -4.002372 -5.753670 -7.072377
5 18.913433 -26.116079 9.636000 -9.392012 24.431883 -7.207864 0.487110 -10.752469
5 11.702942 -21.515905 29.882277 -18.414020 56.878361 -22.975857 -16.685100 -18.872701
2 25.714725 28.962407 -31.765830 -6.077942 18.672051 -10.127874 -11.528679 -13.848858
3 28.595708 -11.236174 46.994870 -11.604262 8.895223 -24.692927 -18.212045 -18.740396
2 -3.756502 19.067843 -0.676344 -0.539450 -12.260795 -0.412027 -0.974190 -0.448537
3 -12.791590 -2.190159 52.133489 -14.504738 -0.024548 -12.263604 -3.009865 -7.348987
1 28.142081 5.091786 -2.028645 -7.499338 1.098339 -10.084219 -6.744651 -7.975354
5 0.301701 6.426691 24.317713 -8.799709 48.214576 -32.778115 -3.947334 -33.735523
1 28.188059 -5.340321 -7.599139 -5.415820 21.782251 -7.737622 -14.645911 -9.231495
3 12.288796 0.555297 14.457478 -2.181815 1.983813 -7.384152 -9.684607 -10.034811
7 2.436002 12.790744 7.316321 -7.314560 -7.214471 -12.415810 18.025397 -13.623623
2 2.586694 16.977888 3.595408 -7.025178 -2.675754 -3.615942 -6.448350 -3.394765
3 -0.868818 8.666406 32.951506 -17.067084 5.316513 -11.308687 -11.344389 -6.345450
2 -4.859500 27.511045 22.938160 -20.936751 9.382997 -14.373926 -9.769009 -9.893019
2 -32.264657 47.315403 24.518000 -24.003056 24.625521 -15.882757 -11.874037 -12.434421
5 -7.285114 -5.198162 11.440808 -4.039697 12.926120 -4.019547 1.393887 -5.218295
1 8.158998 -2.268841 -6.263140 -1.107037 3.592492 -0.015808 -2.096663 0.000000
3 39.792380 7.963102 58.512643 -31.994910 -5.909322 -25.179948 -21.253593 -21.930357
5 24.263413 -16.601778 3.992349 -11.406276 24.783875 -15.005097 3.778452 -13.804939
1 33.453100 -8.018926 23.317768 0.198992 -25.115893 -5.961221 -10.869654 -7.004166
3 10.282750 -13.612397 33.950220 -1.287742 -14.125634 -5.671375 -0.634740 -8.901082
3 -16.022057 8.353171 34.852284 -13.363623 -0.786600 -9.769419 2.214808 -5.478565
3 29.832299 7.866607 34.351712 -13.106198 -30.231856 -9.404785 -15.897590 -3.410189
1 34.001712 3.600128 18.541981 -0.149100 -24.170400 -10.369903 -9.734615 -11.719804
5 -5.482660 31.688763 -40.148122 -14.054859 68.213090 -17.320751 -2.744408 -20.151054
3 16.913559 -12.895721 23.656519 -17.591893 9.257268 -10.399319 5.280577 -14.220992
5 20.078371 -14.957399 2.102603 -9.940799 29.092799 -9.188063 -6.467314 -10.720198
2 8.154659 13.482901 5.007171 -7.629778 -14.309779 -4.182094 3.965466 -4.488546
3 11.866671 -39.938538 71.665511 -10.591137 4.384619 -18.123766 5.244576 -24.507939
2 -3.859930 39.631639 -13.407490 -16.363557 35.690183 -17.932892 -3.577380 -20.180573
5 -11.580814 -2.721393 10.296126 -13.694901 45.997170 -10.804568 -7.717210 -9.774410
3 -12.858127 3.146132 16.438382 -7.424077 14.519012 -5.454123 -9.643956 1.276754
1 14.835682 -15.044889 4.558395 -4.556954 5.425229 -3.909476 3.802025 -5.110012
3 -21.825434 0.284047 56.805017 -14.418882 12.980224 -20.488752 3.427542 -16.763765
5 -13.140380 -18.444734 20.257652 -7.388044 45.273823 -11.968558 -0.000943 -14.588816
3 -23.826324 -16.399234 57.953979 -22.914738 49.456969 -24.620514 0.917025 -20.567163
5 -4.720191 -4.625672 5.603052 -8.130207 32.313526 -4.797968 -9.294876 -6.347664
1 41.998335 -26.428203 10.734575 -8.134967 14.335367 -14.036685 -9.278706 -9.189719
3 4.310883 10.965741 13.969939 -12.286567 1.898176 -7.357152 -2.976178 -8.524842
5 -55.887242 21.637031 -2.171519 14.986556 81.670658 -17.909545 -22.191962 -20.133979
5 -2.127714 -5.054515 7.415034 -7.145861 11.280729 -5.052869 7.125380 -6.440183
3 -4.436634 -9.205220 35.198732 0.512651 12.098207 -12.184192 -6.715308 -15.268237
2 -2.108899 11.436965 -0.511424 -0.492426 1.423552 -4.666215 -0.615975 -4.465576
3 23.064023 5.302704 79.629172 -27.065507 -19.545501 -28.490911 -3.798650 -29.095333
3 -6.163053 2.164239 21.286420 -3.350442 -1.072535 -4.796370 -9.013232 0.944973
5 19.606196 -24.627723 23.852745 -22.331509 42.616465 -21.931599 3.999019 -21.183592
3 -18.674502 15.889270 28.756662 -14.250706 1.170820 -10.140597 3.595663 -6.346611
5 -2.364762 6.043476 -11.450880 0.853042 12.445084 -2.126500 -0.536795 -2.862665
5 -9.158864 33.801166 0.357685 -20.463644 39.195688 -19.685315 -1.807672 -22.239042
3 9.055815 -10.384865 33.562648 -12.372388 -4.031788 -7.331306 -1.222348 -7.275768
2 -2.108899 11.436965 -0.511424 -0.492426 1.423552 -4.666215 -0.615975 -4.465576
3 17.078336 0.738625 42.988479 -5.485943 -29.171620 -12.312380 -6.604443 -7.231057
5 12.274561 -2.400192 2.108766 -8.883780 27.925794 -18.446727 3.387144 -15.965565
5 -1.769103 -1.929342 11.166590 1.527864 13.877075 -5.680619 -10.178858 -7.013610
3 -4.558968 18.482565 23.754544 -9.910957 -7.219704 -10.079238 -5.660724 -4.807518
1 32.039707 -6.639045 24.058174 -12.287245 -8.759729 -9.320501 -8.047571 -11.043792
3 37.802240 25.467820 70.249419 -46.705526 -1.245322 -33.319212 -24.289735 -27.959688
3 21.246521 10.004811 80.073310 -16.099342 6.561844 -42.140441 -20.768367 -38.878336
1 23.927869 22.571400 0.457775 -16.324487 -3.421280 -10.969449 -10.769361 -5.472466
3 -9.818626 16.677208 74.611245 -21.181846 16.162682 -32.196891 -14.505891 -29.747883
3 0.000274 6.171556 18.063617 -5.299835 -1.160605 -8.274208 -5.844646 -3.656153
3 -3.135419 -7.499047 48.529022 -14.880836 2.607568 -12.899650 -5.174708 -7.546932
3 -0.013908 -3.814011 13.353036 -3.002925 7.557050 -6.018382 -0.144249 -7.916609
5 6.116237 -18.190494 -3.293552 1.785544 37.044703 -9.490594 -7.267660 -6.704184
5 49.009763 -27.638668 -17.704440 -13.641335 52.488377 -17.442240 -9.500430 -15.571028
2 23.799542 41.449657 3.635997 -17.620110 -22.820150 -16.860568 -0.227402 -11.356966
1 20.371028 -3.580558 -2.889379 -3.991992 1.393154 -4.193419 -5.904009 -1.204827
3 1.484322 13.369146 61.045463 -1.062989 -43.176920 -13.865845 -1.543388 -16.249792
1 0.000000 0.000000 0.000000 0.000000 0.000000 0.000000 0.000000 0.000000
2 -9.825789 24.973323 17.506730 -17.870736 17.913864 -13.570245 -10.406219 -8.720930
1 0.000000 0.000000 0.000000 0.000000 0.000000 0.000000 0.000000 0.000000
1 21.074536 -2.128754 18.777237 5.103298 -27.100834 -6.370059 0.000315 -9.355741
2 -2.010472 29.896964 26.499939 -18.140305 -14.265783 -10.437875 -6.198589 -5.343879
1 22.405789 14.133820 -10.044690 -11.201058 -19.289355 -6.895030 6.783666 4.106859
3 22.969759 -17.154551 53.541567 -7.037662 -15.859197 -12.083186 -9.854268 -14.522462
5 -8.880552 -2.179653 19.043748 -12.633225 42.868211 -18.520010 1.136210 -20.834729
5 -8.566061 7.536500 -10.799987 2.053297 21.181916 -6.755698 1.354739 -6.004708
5 -31.582983 40.582612 27.295777 -27.201636 47.371122 -20.643710 -18.421467 -17.399716
1 34.573464 -0.550301 -13.519937 -5.539428 -5.188923 -5.060782 -9.358299 4.644204
5 -8.137216 -14.023687 14.594821 4.905947 27.157702 -7.324019 -8.171964 -9.001585
